町丁目,世帯数[世帯],男[人],女[人],合計[人]
両国一丁目,785,651,656,1307
両国二丁目,1138,946,892,1838
両国三丁目,1055,786,850,1636
両国四丁目,1089,869,856,1725
千歳一丁目,831,700,730,1430
千歳二丁目,540,487,405,892
千歳三丁目,1158,940,961,1901
緑一丁目,1543,1379,1286,2665
緑二丁目,1583,1521,1576,3097
緑三丁目,1280,1208,1124,2332
緑四丁目,2129,1867,1679,3546
立川一丁目,707,556,543,1099
立川二丁目,808,661,645,1306
立川三丁目,906,758,777,1535
立川四丁目,788,646,595,1241
菊川一丁目,800,731,761,1492
菊川二丁目,1193,988,1056,2044
菊川三丁目,1983,1719,1809,3528
江東橋一丁目,812,632,594,1226
江東橋二丁目,1204,1048,898,1946
江東橋三丁目,463,319,247,566
江東橋四丁目,1413,1039,1012,2051
江東橋五丁目,1564,1406,1434,2840
横網一丁目,125,143,137,280
横網二丁目,663,563,552,1115
亀沢一丁目,1107,983,950,1933
亀沢二丁目,883,783,873,1656
亀沢三丁目,917,950,870,1820
亀沢四丁目,1326,1203,1143,2346
石原一丁目,1407,1184,1178,2362
石原二丁目,1236,1135,1119,2254
石原三丁目,1562,1452,1233,2685
石原四丁目,1375,1336,1200,2536
本所一丁目,1447,1383,1340,2723
本所二丁目,837,778,808,1586
本所三丁目,925,865,864,1729
本所四丁目,1185,1122,1069,2191
東駒形一丁目,728,582,606,1188
東駒形二丁目,808,754,740,1494
東駒形三丁目,800,709,700,1409
東駒形四丁目,1361,1192,1151,2343
吾妻橋一丁目,1191,944,1025,1969
吾妻橋二丁目,815,663,649,1312
吾妻橋三丁目,813,748,803,1551
錦糸一丁目,1175,907,839,1746
錦糸二丁目,371,291,254,545
錦糸三丁目,401,327,279,606
錦糸四丁目,883,783,770,1553
太平一丁目,1676,1629,1557,3186
太平二丁目,886,744,619,1363
太平三丁目,638,520,500,1020
太平四丁目,2376,2191,2265,4456
横川一丁目,693,752,656,1408
横川二丁目,839,722,624,1346
横川三丁目,621,566,505,1071
横川四丁目,703,653,574,1227
横川五丁目,1353,1214,1482,2696
業平一丁目,1444,1370,1502,2872
業平二丁目,789,667,618,1285
業平三丁目,821,656,651,1307
業平四丁目,1086,905,935,1840
業平五丁目,1103,1026,1121,2147
向島一丁目,1188,1040,998,2038
向島二丁目,1341,1190,1234,2424
向島三丁目,2073,1860,1784,3644
向島四丁目,1271,1256,1277,2533
向島五丁目,2299,2042,1954,3996
東向島一丁目,1628,1503,1459,2962
東向島二丁目,2637,2358,2432,4790
東向島三丁目,1572,1578,1673,3251
東向島四丁目,1821,1657,1703,3360
東向島五丁目,1960,1815,1904,3719
東向島六丁目,2670,2568,2584,5152
堤通一丁目,1075,1192,1101,2293
堤通二丁目,2038,1901,2305,4206
墨田一丁目,1215,1358,1457,2815
墨田二丁目,1928,1957,1863,3820
墨田三丁目,1824,1794,1720,3514
墨田四丁目,2396,2302,2455,4757
墨田五丁目,1487,1434,1351,2785
押上一丁目,1232,1032,1105,2137
押上二丁目,1970,1804,1926,3730
押上三丁目,2107,2049,1917,3966
京島一丁目,3296,3155,3326,6481
京島二丁目,970,932,844,1776
京島三丁目,2351,2197,2119,4316
文花一丁目,2843,2520,3011,5531
文花二丁目,1108,1084,1060,2144
文花三丁目,1151,1312,1305,2617
八広一丁目,1712,1689,1577,3266
八広二丁目,1975,2046,1967,4013
八広三丁目,1749,1716,1642,3358
八広四丁目,1923,2009,1869,3878
八広五丁目,1495,1437,1413,2850
八広六丁目,1959,1991,1893,3884
立花一丁目,3128,2849,2948,5797
立花二丁目,805,751,705,1456
立花三丁目,1366,1293,1310,2603
立花四丁目,1722,1812,1699,3511
立花五丁目,1741,1959,1894,3853
立花六丁目,1120,1124,1189,2313
東墨田一丁目,68,79,64,143
東墨田二丁目,641,627,564,1191
東墨田三丁目,384,411,367,778
SAFIE町丁目,世帯数[世帯],男[人],女[人],合計[人]
両国一丁目,796,659,664,1323
両国二丁目,1139,945,895,1840
両国三丁目,1052,786,851,1637
両国四丁目,1083,867,851,1718
千歳一丁目,829,703,727,1430
千歳二丁目,544,488,407,895
千歳三丁目,1157,940,959,1899
緑一丁目,1548,1386,1286,2672
緑二丁目,1594,1533,1580,3113
緑三丁目,1234,1155,1079,2234
緑四丁目,2157,1880,1683,3563
立川一丁目,708,555,552,1107
立川二丁目,803,659,636,1295
立川三丁目,898,755,769,1524
立川四丁目,788,655,596,1251
菊川一丁目,799,729,767,1496
菊川二丁目,1188,990,1049,2039
菊川三丁目,1966,1703,1785,3488
江東橋一丁目,816,635,595,1230
江東橋二丁目,1214,1057,905,1962
江東橋三丁目,455,310,243,553
江東橋四丁目,1419,1040,1017,2057
江東橋五丁目,1566,1402,1432,2834
横網一丁目,125,143,136,279
横網二丁目,666,561,555,1116
亀沢一丁目,1111,984,958,1942
亀沢二丁目,877,783,869,1652
亀沢三丁目,918,948,876,1824
亀沢四丁目,1329,1207,1143,2350
石原一丁目,1407,1184,1183,2367
石原二丁目,1236,1133,1123,2256
石原三丁目,1565,1459,1231,2690
石原四丁目,1370,1328,1198,2526
本所一丁目,1442,1381,1335,2716
本所二丁目,832,776,801,1577
本所三丁目,924,867,859,1726
本所四丁目,1190,1127,1071,2198
東駒形一丁目,729,585,605,1190
東駒形二丁目,809,750,744,1494
東駒形三丁目,800,708,702,1410
東駒形四丁目,1344,1183,1137,2320
吾妻橋一丁目,1192,949,1024,1973
吾妻橋二丁目,815,662,650,1312
吾妻橋三丁目,823,754,813,1567
錦糸一丁目,1170,905,835,1740
錦糸二丁目,378,293,261,554
錦糸三丁目,394,322,278,600
錦糸四丁目,881,782,766,1548
太平一丁目,1677,1624,1552,3176
太平二丁目,884,743,616,1359
太平三丁目,636,520,499,1019
太平四丁目,2370,2184,2257,4441
横川一丁目,692,749,657,1406
横川二丁目,843,724,625,1349
横川三丁目,624,566,507,1073
横川四丁目,703,654,571,1225
横川五丁目,1351,1204,1476,2680
業平一丁目,1441,1372,1502,2874
業平二丁目,790,675,618,1293
業平三丁目,819,654,650,1304
業平四丁目,1086,904,933,1837
業平五丁目,1092,1018,1117,2135
向島一丁目,1187,1032,1001,2033
向島二丁目,1346,1191,1228,2419
向島三丁目,2071,1856,1792,3648
向島四丁目,1275,1261,1280,2541
向島五丁目,2302,2047,1956,4003
東向島一丁目,1633,1506,1458,2964
東向島二丁目,2629,2352,2432,4784
東向島三丁目,1577,1586,1676,3262
東向島四丁目,1812,1650,1698,3348
東向島五丁目,1948,1807,1893,3700
東向島六丁目,2658,2561,2575,5136
堤通一丁目,1068,1196,1103,2299
堤通二丁目,2042,1902,2314,4216
墨田一丁目,1216,1364,1467,2831
墨田二丁目,1915,1936,1849,3785
墨田三丁目,1822,1795,1721,3516
墨田四丁目,2395,2305,2452,4757
墨田五丁目,1493,1441,1359,2800
押上一丁目,1234,1034,1105,2139
押上二丁目,1968,1808,1920,3728
押上三丁目,2113,2050,1923,3973
京島一丁目,3160,3027,3185,6212
京島二丁目,969,933,850,1783
京島三丁目,2359,2211,2125,4336
文花一丁目,2846,2525,3011,5536
文花二丁目,1102,1079,1065,2144
文花三丁目,1150,1312,1309,2621
八広一丁目,1716,1694,1583,3277
八広二丁目,1956,2025,1959,3984
八広三丁目,1753,1715,1643,3358
八広四丁目,1929,2015,1884,3899
八広五丁目,1493,1439,1410,2849
八広六丁目,1957,1990,1898,3888
立花一丁目,3132,2858,2963,5821
立花二丁目,804,752,710,1462
立花三丁目,1370,1298,1310,2608
立花四丁目,1730,1821,1706,3527
立花五丁目,1731,1941,1879,3820
立花六丁目,1118,1125,1193,2318
東墨田一丁目,68,79,64,143
東墨田二丁目,644,625,568,1193
東墨田三丁目,381,409,364,773
ELD010": 0 }, "geometry": { "type": "LineString", "coordinates": [ [ 139.70328768514557, 35.609725800918149 ], [ 139.70329491782971, 35.609689933727964 ] ] } },
{ "type": "Feature", "properties": { "SAUID": 5190, "SAUPDATE": "2017-05-11 04:55:51", "SAFIELD000": 5190, "SAFIELD001": 5193, "SAFIELD002": 9, "SAFIELD003": "邱大喧菴吝鴨辟｡縺�", "SAFIELD004": 3.0, "SAFIELD005": "闕丞次蝨ｰ蛹ｺ", "SAFIELD006": "譌励�蜿ｰ荳�荳∫岼", "SAFIELD007": 5, "SAFIELD008": "隨ｬ荳�遞ｮ菴丞ｱ�慍蝓�", "SAFIELD009": 132, "SAFIELD010": 0 }, "geometry": { "type": "LineString", "coordinates": [ [ 139.70329491782971, 35.609689933727964 ], [ 139.70329970335737, 35.609665691721688 ] ] } },
{ "type": "Feature", "properties": { "SAUID": 5191, "SAUPDATE": "2017-05-11 04:55:51", "SAFIELD000": 5191, "SAFIELD001": 5194, "SAFIELD002": 9, "SAFIELD003": "邱大喧菴吝鴨辟｡縺�", "SAFIELD004": 5.0, "SAFIELD005": "闕丞次蝨ｰ蛹ｺ", "SAFIELD006": "譌励�蜿ｰ荳�荳∫岼", "SAFIELD007": 5, "SAFIELD008": "隨ｬ荳�遞ｮ菴丞ｱ�慍蝓�", "SAFIELD009": 112, "SAFIELD010": 1 }, "geometry": { "type": "LineString", "coordinates": [ [ 139.70329970335737, 35.609665691721688 ], [ 139.70330059353515, 35.609661275911442 ], [ 139.70330782766612, 35.609624507339824 ] ] } },
{ "type": "Feature", "properties": { "SAUID": 5192, "SAUPDATE": "2017-05-11 04:55:51", "SAFIELD000": 5192, "SAFIELD001": 5195, "SAFIELD002": 2, "SAFIELD003": "讀崎ｾｼ縺ｿ", "SAFIELD004": 3.0, "SAFIELD005": "闕丞次蝨ｰ蛹ｺ", "SAFIELD006": "譌励�蜿ｰ荳�荳∫岼", "SAFIELD007": 5, "SAFIELD008": "隨ｬ荳�遞ｮ菴丞ｱ�慍蝓�", "SAFIELD009": 112, "SAFIELD010": 1 }, "geometry": { "type": "LineString", "139.7574�Ｖ�1 �004": 7.0, "SAFIELD005": "蜩∝ｷ�