事業所規模,産業,和暦年,西暦年,年平均・月,一般労働者／現金給与総額(円),一般労働者／きまって支給する給与(円),一般労働者／所定内給与(円),一般労働者／所定外給与(円),一般労働者／特別に支払われた給与(円),パートタイム労働者／現金給与総額(円),パートタイム労働者／きまって支給する給与(円),パートタイム労働者／所定内給与(円),パートタイム労働者／所定外給与(円),パートタイム労働者／特別に支払われた給与(円)
30人以上,TL 調査産業計,平成17,2005,年平均,556683,427462,394492,32970,129221,115669,111060,105643,5417,4609
30人以上,TL 調査産業計,平成18,2006,年平均,561232,424531,390813,33718,136701,117843,113939,107819,6120,3904
30人以上,TL 調査産業計,平成19,2007,年平均,551078,417777,385730,32047,133301,121193,116966,111118,5848,4227
30人以上,TL 調査産業計,平成20,2008,年平均,560621,422956,391435,31521,137665,124540,119026,113026,6000,5514
30人以上,TL 調査産業計,平成21,2009,年平均,532432,417138,386883,30255,115294,118812,115409,110450,4959,3403
30人以上,TL 調査産業計,平成22,2010,年平均,535754,417743,387063,30680,118011,119530,115806,110438,5368,3724
30人以上,TL 調査産業計,平成22,2010,1月,430421,412593,383366,29227,17828,113924,113141,107994,5147,783
30人以上,TL 調査産業計,平成22,2010,2月,421880,413745,384448,29297,8135,113846,113328,108301,5027,518
30人以上,TL 調査産業計,平成22,2010,3月,466610,420883,389518,31365,45727,119019,117117,111656,5461,1902
30人以上,TL 調査産業計,平成22,2010,4月,467518,422918,390231,32687,44600,118084,117229,111860,5369,855
30人以上,TL 調査産業計,平成22,2010,5月,438597,414711,383735,30976,23886,115253,114210,108840,5370,1043
30人以上,TL 調査産業計,平成22,2010,6月,862635,414180,384742,29438,448455,125418,116197,111120,5077,9221
30人以上,TL 調査産業計,平成22,2010,7月,576281,416412,385964,30448,159869,124698,116976,111562,5414,7722
30人以上,TL 調査産業計,平成22,2010,8月,429101,417090,387438,29652,12011,117465,117077,111883,5194,388
30人以上,TL 調査産業計,平成22,2010,9月,434020,419708,390045,29663,14312,118198,116078,110964,5114,2120
30人以上,TL 調査産業計,平成22,2010,10月,435554,419019,387753,31266,16535,116264,115131,109916,5215,1133
30人以上,TL 調査産業計,平成22,2010,11月,460600,419092,386737,32355,41508,117028,115754,110308,5446,1274
30人以上,TL 調査産業計,平成22,2010,12月,1010417,422705,390901,31804,587712,133901,117289,110787,6502,16612
30人以上,C 鉱業，採石業，砂利採取業,平成17,2005,年平均,687331,458006,448988,9018,229325,55619,49905,49905,0,5714
30人以上,C 鉱業，採石業，砂利採取業,平成18,2006,年平均,703499,453691,445099,8592,249808,40074,35852,35852,0,4222
30人以上,C 鉱業，採石業，砂利採取業,平成19,2007,年平均,678091,473173,440651,32522,204918,102823,99062,98989,73,3761
30人以上,C 鉱業，採石業，砂利採取業,平成20,2008,年平均,730537,482660,452894,29766,247877,92078,89633,88919,714,2445
30人以上,C 鉱業，採石業，砂利採取業,平成21,2009,年平均,734124,494185,473764,20421,239939,228941,228672,220351,8321,269
30人以上,C 鉱業，採石業，砂利採取業,平成22,2010,年平均,725904,492206,468319,23887,233698,297415,288323,280677,7646,9092
30人以上,C 鉱業，採石業，砂利採取業,平成22,2010,1月,607269,487600,466784,20816,119669,227667,227667,192500,35167,0
30人以上,C 鉱業，採石業，砂利採取業,平成22,2010,2月,497748,493347,468379,24968,4401,184167,184167,180167,4000,0
30人以上,C 鉱業，採石業，砂利採取業,平成22,2010,3月,534738,495701,466985,28716,39037,282000,282000,268667,13333,0
30人以上,C 鉱業，採石業，砂利採取業,平成22,2010,4月,517222,512789,485077,27712,4433,357667,357667,343000,14667,0
30人以上,C 鉱業，採石業，砂利採取業,平成22,2010,5月,507274,501397,472122,29275,5877,244000,244000,230800,13200,0
30人以上,C 鉱業，採石業，砂利採取業,平成22,2010,6月,1457297,490479,468502,21977,966818,344571,329714,320285,9429,14857
30人以上,C 鉱業，採石業，砂利採取業,平成22,2010,7月,916868,501219,474487,26732,415649,179272,168545,168545,0,10727
30人以上,C 鉱業，採石業，砂利採取業,平成22,2010,8月,493694,489752,466964,22788,3942,188000,176200,176200,0,11800
30人以上,C 鉱業，採石業，砂利採取業,平成22,2010,9月,513887,482310,461796,20514,31577,195833,184833,180000,4833,11000
30人以上,C 鉱業，採石業，砂利採取業,平成22,2010,10月,488260,484321,462630,21691,3939,450714,443857,435286,8571,6857
30人以上,C 鉱業，採石業，砂利採取業,平成22,2010,11月,494590,488723,466565,22158,5867,420125,388250,388250,0,31875
30人以上,C 鉱業，採石業，砂利採取業,平成22,2010,12月,1653988,479408,459855,19553,1174580,385750,379250,378875,375,6500
30人以上,D 建設業,平成17,2005,年平均,537736,441594,414844,26750,96142,168724,168289,162508,5781,435
30人以上,D 建設業,平成18,2006,年平均,524033,428204,400365,27839,95829,92598,91974,89436,2538,624
30人以上,D 建設業,平成19,2007,年平均,528329,422265,390457,31808,106064,177645,174769,169698,5071,2876
30人以上,D 建設業,平成20,2008,年平均,516349,413863,381272,32591,102486,182560,180563,174671,5892,1997
30人以上,D 建設業,平成21,2009,年平均,553127,442091,402960,39131,111036,170755,145996,141837,4159,24759
30人以上,D 建設業,平成22,2010,年平均,531803,426242,389710,36532,105561,190935,157421,152971,4450,33514
30人以上,D 建設業,平成22,2010,1月,477774,428104,392407,35697,49670,151858,151858,144130,7728,0
30人以上,D 建設業,平成22,2010,2月,433523,429784,392436,37348,3739,155212,154824,151149,3675,388
30人以上,D 建設業,平成22,2010,3月,523289,437757,399885,37872,85532,163354,163328,156868,6460,26
30人以上,D 建設業,平成22,2010,4月,450772,431635,390946,40689,19137,158563,158252,155376,2876,311
30人以上,D 建設業,平成22,2010,5月,434638,416643,387797,28846,17995,143596,143559,139899,3660,37
30人以上,D 建設業,平成22,2010,6月,748851,415841,384902,30939,333010,348167,157083,154163,2920,191084
30人以上,D 建設業,平成22,2010,7月,596224,422118,377298,44820,174106,170627,162272,157865,4407,8355
30人以上,D 建設業,平成22,2010,8月,424104,420191,384695,35496,3913,165321,164832,160419,4413,489
30人以上,D 建設業,平成22,2010,9月,436948,428559,393228,35331,8389,158479,158479,154161,4318,0
30人以上,D 建設業,平成22,2010,10月,440309,429337,392027,37310,10972,154028,152644,147054,5590,1384
30人以上,D 建設業,平成22,2010,11月,472611,418126,380978,37148,54485,160162,160146,156856,3290,16
30人以上,D 建設業,平成22,2010,12月,945267,437360,400348,37012,507907,389661,163402,159707,3695,226259
30人以上,E 製造業,平成17,2005,年平均,565823,424458,389222,35236,141365,158851,151004,142304,8700,7847
30人以上,E 製造業,平成18,2006,年平均,573731,423903,388322,35581,149828,163804,156273,145812,10461,7531
30人以上,E 製造業,平成19,2007,年平均,583913,433557,402545,31012,150356,134171,125358,118633,6725,8813
30人以上,E 製造業,平成20,2008,年平均,583787,434711,404544,30167,149076,139030,131228,123908,7320,7802
30人以上,E 製造業,平成21,2009,年平均,551179,425142,401001,24141,126037,147682,142040,129806,12234,5642
30人以上,E 製造業,平成22,2010,年平均,574548,435388,408881,26507,139160,150346,144456,129308,15148,5890
30人以上,E 製造業,平成22,2010,1月,433676,419593,396488,23105,14083,136001,134197,118936,15261,1804
30人以上,E 製造業,平成22,2010,2月,436954,431573,406028,25545,5381,152132,149962,132853,17109,2170
30人以上,E 製造業,平成22,2010,3月,484264,432176,406870,25306,52088,150497,140888,124287,16601,9609
30人以上,E 製造業,平成22,2010,4月,467147,439511,412022,27489,27636,150367,149009,133378,15631,1358
30人以上,E 製造業,平成22,2010,5月,451140,434219,407446,26773,16921,137241,136079,122303,13776,1162
30人以上,E 製造業,平成22,2010,6月,851186,431561,406523,25038,419625,154454,144804,131456,13348,9650
30人以上,E 製造業,平成22,2010,7月,755674,438284,411606,26678,317390,154110,145033,130366,14667,9077
30人以上,E 製造業,平成22,2010,8月,461800,439985,413536,26449,21815,145712,143687,129274,14413,2025
30人以上,E 製造業,平成22,2010,9月,452100,437836,412495,25341,14264,155451,145100,130416,14684,10351
30人以上,E 製造業,平成22,2010,10月,456602,440281,411886,28395,16321,148809,147248,129076,18172,1561
30人以上,E 製造業,平成22,2010,11月,494874,440168,410495,29673,54706,151652,150389,135873,14516,1263
30人以上,E 製造業,平成22,2010,12月,1154651,439547,411206,28341,715104,167703,147081,133210,13871,20622
30人以上,F 電気・ガス・熱供給・水道業,平成17,2005,年平均,749096,544426,482521,61905,204670,160354,143254,141726,1528,17100
30人以上,F 電気・ガス・熱供給・水道業,平成18,2006,年平均,742432,542088,481564,60524,200344,148811,134406,132245,2161,14405
30人以上,F 電気・ガス・熱供給・水道業,平成19,2007,年平均,701497,507859,456224,51635,193638,245073,200557,190890,9667,44516
30人以上,F 電気・ガス・熱供給・水道業,平成20,2008,年平均,715265,514051,463522,50529,201214,262390,208611,199174,9437,53779
30人以上,F 電気・ガス・熱供給・水道業,平成21,2009,年平均,710248,531343,451703,79640,178905,292497,227512,227088,424,64985
30人以上,F 電気・ガス・熱供給・水道業,平成22,2010,年平均,687593,524582,445209,79373,163011,283346,225474,224961,513,57872
30人以上,F 電気・ガス・熱供給・水道業,平成22,2010,1月,523970,523920,445359,78561,50,252026,252026,250970,1056,0
30人以上,F 電気・ガス・熱供給・水道業,平成22,2010,2月,525406,525406,445670,79736,0,223753,223753,222979,774,0
30人以上,F 電気・ガス・熱供給・水道業,平成22,2010,3月,544739,541335,451463,89872,3404,223366,223204,222769,435,162
30人以上,F 電気・ガス・熱供給・水道業,平成22,2010,4月,549391,537267,454942,82325,12124,234922,225178,225065,113,9744
30人以上,F 電気・ガス・熱供給・水道業,平成22,2010,5月,519769,519670,444463,75207,99,220345,220345,219569,776,0
30人以上,F 電気・ガス・熱供給・水道業,平成22,2010,6月,1466041,518864,445858,73006,947177,548484,223395,222103,1292,325089
30人以上,F 電気・ガス・熱供給・水道業,平成22,2010,7月,518736,518681,438614,80067,55,230410,230410,229548,862,0
30人以上,F 電気・ガス・熱供給・水道業,平成22,2010,8月,514776,514695,443469,71226,81,224716,224716,224586,130,0
30人以上,F 電気・ガス・熱供給・水道業,平成22,2010,9月,526947,526936,446017,80919,11,220661,220661,220364,297,0
30人以上,F 電気・ガス・熱供給・水道業,平成22,2010,10月,548481,536297,449030,87267,12184,252306,231576,231264,312,20730
30人以上,F 電気・ガス・熱供給・水道業,平成22,2010,11月,552090,526682,443115,83567,25408,228109,215016,214998,18,13093
30人以上,F 電気・ガス・熱供給・水道業,平成22,2010,12月,1462446,505066,434403,70663,957380,555564,216540,216397,143,339024
30人以上,G 情報通信業,平成17,2005,年平均,571766,440194,388179,52015,131572,140787,133544,119489,14055,7243
30人以上,G 情報通信業,平成18,2006,年平均,566767,435999,385914,50085,130768,138755,133753,118226,15527,5002
30人以上,G 情報通信業,平成19,2007,年平均,528784,402000,360585,41415,126784,123198,121305,108445,12860,1893
30人以上,G 情報通信業,平成20,2008,年平均,532456,412299,370831,41468,120157,130775,127428,114793,12635,3347
30人以上,G 情報通信業,平成21,2009,年平均,544325,419513,376052,43461,124812,144402,137579,129920,7659,6823
30人以上,G 情報通信業,平成22,2010,年平均,545162,423484,380394,43090,121678,138893,133084,125985,7099,5809
30人以上,G 情報通信業,平成22,2010,1月,450059,417569,376397,41172,32490,134420,134024,128549,5475,396
30人以上,G 情報通信業,平成22,2010,2月,420796,414327,374815,39512,6469,135278,134545,123007,11538,733
30人以上,G 情報通信業,平成22,2010,3月,442962,425961,379405,46556,17001,140911,138802,128493,10309,2109
30人以上,G 情報通信業,平成22,2010,4月,453141,420604,376264,44340,32537,148164,146950,139309,7641,1214
30人以上,G 情報通信業,平成22,2010,5月,445982,420338,378922,41416,25644,128027,127166,119683,7483,861
30人以上,G 情報通信業,平成22,2010,6月,941175,418475,378746,39729,522700,172253,140990,133706,7284,31263
30人以上,G 情報通信業,平成22,2010,7月,537571,421635,378486,43149,115936,139162,138057,131897,6160,1105
30人以上,G 情報通信業,平成22,2010,8月,442733,424811,384439,40372,17922,138477,137603,131145,6458,874
30人以上,G 情報通信業,平成22,2010,9月,442022,429988,384114,45874,12034,130943,127596,122561,5035,3347
30人以上,G 情報通信業,平成22,2010,10月,449115,425281,381445,43836,23834,125466,124377,119283,5094,1089
30人以上,G 情報通信業,平成22,2010,11月,473261,429340,383972,45368,43921,122070,121497,115524,5973,573
30人以上,G 情報通信業,平成22,2010,12月,1040208,433286,387554,45732,606922,152484,126193,119498,6695,26291
30人以上,"H 運輸業,郵便業",平成17,2005,年平均,460653,377833,320491,57342,82820,124497,112074,96765,15309,12423
30人以上,"H 運輸業,郵便業",平成18,2006,年平均,486164,390801,329567,61234,95363,113873,103310,83204,20106,10563
30人以上,"H 運輸業,郵便業",平成19,2007,年平均,479479,387581,329861,57720,91898,140328,136959,120710,16249,3369
30人以上,"H 運輸業,郵便業",平成20,2008,年平均,490181,386135,330366,55769,104046,137834,135208,118158,17050,2626
30人以上,"H 運輸業,郵便業",平成21,2009,年平均,486048,400705,355798,44907,85343,142545,139638,128451,11187,2907
30人以上,"H 運輸業,郵便業",平成22,2010,年平均,484417,399002,352375,46627,85415,144485,141846,130411,11435,2639
30人以上,"H 運輸業,郵便業",平成22,2010,1月,388963,385222,339633,45589,3741,139615,137050,125279,11771,2565
30人以上,"H 運輸業,郵便業",平成22,2010,2月,410310,402083,358238,43845,8227,144343,144338,133548,10790,5
30人以上,"H 運輸業,郵便業",平成22,2010,3月,449855,403786,357724,46062,46069,143081,142093,130366,11727,988
30人以上,"H 運輸業,郵便業",平成22,2010,4月,424602,404878,356991,47887,19724,151552,148359,136315,12044,3193
30人以上,"H 運輸業,郵便業",平成22,2010,5月,407628,396977,350297,46680,10651,134420,133183,122752,10431,1237
30人以上,"H 運輸業,郵便業",平成22,2010,6月,690578,391866,348151,43715,298712,148216,142410,132015,10395,5806
30人以上,"H 運輸業,郵便業",平成22,2010,7月,522213,392947,346742,46205,129266,141214,139539,128457,11082,1675
30人以上,"H 運輸業,郵便業",平成22,2010,8月,414651,395965,350174,45791,18686,137660,137659,126460,11199,1
30人以上,"H 運輸業,郵便業",平成22,2010,9月,440017,403434,357725,45709,36583,143889,141764,130256,11508,2125
30人以上,"H 運輸業,郵便業",平成22,2010,10月,415178,400063,352106,47957,15115,143890,140333,128592,11741,3557
30人以上,"H 運輸業,郵便業",平成22,2010,11月,438687,401211,352059,49152,37476,140586,140351,129032,11319,235
30人以上,"H 運輸業,郵便業",平成22,2010,12月,810905,409819,358799,51020,401086,164254,154258,141170,13088,9996
30人以上,"I 卸売業,小売業",平成17,2005,年平均,590079,434919,415299,19620,155160,99782,96181,93385,2796,3601
30人以上,"I 卸売業,小売業",平成18,2006,年平均,596477,435869,414065,21804,160608,109534,106331,103021,3310,3203
30人以上,"I 卸売業,小売業",平成19,2007,年平均,568691,418794,397068,21726,149897,116492,112168,107745,4423,4324
30人以上,"I 卸売業,小売業",平成20,2008,年平均,595434,435557,414640,20917,159877,122922,116591,111615,4976,6331
30人以上,"I 卸売業,小売業",平成21,2009,年平均,528026,409618,388828,20790,118408,110154,106851,103196,3655,3303
30人以上,"I 卸売業,小売業",平成22,2010,年平均,531984,406086,385700,20386,125898,109850,106531,103023,3508,3319
30人以上,"I 卸売業,小売業",平成22,2010,1月,426570,411360,392299,19061,15210,110154,109372,106003,3369,782
30人以上,"I 卸売業,小売業",平成22,2010,2月,414604,401892,383178,18714,12712,102806,102427,99651,2776,379
30人以上,"I 卸売業,小売業",平成22,2010,3月,438241,411401,390696,20705,26840,107444,106878,103678,3200,566
30人以上,"I 卸売業,小売業",平成22,2010,4月,426705,413441,390905,22536,13264,110184,109680,106339,3341,504
30人以上,"I 卸売業,小売業",平成22,2010,5月,421381,401729,380941,20788,19652,103989,103658,100176,3482,331
30人以上,"I 卸売業,小売業",平成22,2010,6月,864757,400386,380377,20009,464371,110476,106039,102864,3175,4437
30人以上,"I 卸売業,小売業",平成22,2010,7月,663794,405550,386669,18881,258244,116513,105926,102382,3544,10587
30人以上,"I 卸売業,小売業",平成22,2010,8月,416369,404160,383519,20641,12209,106486,106227,103333,2894,259
30人以上,"I 卸売業,小売業",平成22,2010,9月,427501,405451,386387,19064,22050,105861,104830,101614,3216,1031
30人以上,"I 卸売業,小売業",平成22,2010,10月,411372,401968,380841,21127,9404,108025,107797,104670,3127,228
30人以上,"I 卸売業,小売業",平成22,2010,11月,445812,404841,382385,22456,40971,106616,105281,101851,3430,1335
30人以上,"I 卸売業,小売業",平成22,2010,12月,1051973,411262,390665,20597,640711,125013,109877,103940,5937,15136
30人以上,"J 金融業,保険業",平成17,2005,年平均,690392,514637,478676,35961,175755,195938,182952,176388,6564,12986
30人以上,"J 金融業,保険業",平成18,2006,年平均,703515,501070,464226,36844,202445,198434,187129,180827,6302,11305
30人以上,"J 金融業,保険業",平成19,2007,年平均,723364,524406,490107,34299,198958,157475,152722,144878,7844,4753
30人以上,"J 金融業,保険業",平成20,2008,年平均,739720,518281,484780,33501,221439,156769,147431,140534,6897,9338
30人以上,"J 金融業,保険業",平成21,2009,年平均,676057,516611,481251,35360,159446,155970,147794,143281,4513,8176
30人以上,"J 金融業,保険業",平成22,2010,年平均,694117,519688,487071,32617,174429,162327,155921,151162,4759,6406
30人以上,"J 金融業,保険業",平成22,2010,1月,527832,511498,480467,31031,16334,142395,140726,136316,4410,1669
30人以上,"J 金融業,保険業",平成22,2010,2月,542777,516756,486188,30568,26021,145425,142818,138724,4094,2607
30人以上,"J 金融業,保険業",平成22,2010,3月,672183,520856,487398,33458,151327,156107,150444,146057,4387,5663
30人以上,"J 金融業,保険業",平成22,2010,4月,851651,527642,491515,36127,324009,166357,160370,155595,4775,5987
30人以上,"J 金融業,保険業",平成22,2010,5月,601052,512335,478282,34053,88717,162000,153113,148757,4356,8887
30人以上,"J 金融業,保険業",平成22,2010,6月,1162799,515396,482736,32660,647403,169863,161926,156362,5564,7937
30人以上,"J 金融業,保険業",平成22,2010,7月,575301,519304,484971,34333,55997,164144,158578,153481,5097,5566
30人以上,"J 金融業,保険業",平成22,2010,8月,524171,517341,486174,31167,6830,160831,158662,154157,4505,2169
30人以上,"J 金融業,保険業",平成22,2010,9月,531820,518548,488777,29771,13272,165304,162261,158104,4157,3043
30人以上,"J 金融業,保険業",平成22,2010,10月,538608,520033,487177,32856,18575,155496,153648,148913,4735,1848
30人以上,"J 金融業,保険業",平成22,2010,11月,621600,523585,490336,33249,98015,170634,161209,156381,4828,9425
30人以上,"J 金融業,保険業",平成22,2010,12月,1174516,533131,501050,32081,641385,184587,163771,157713,6058,20816
30人以上,"K 不動産業,物品賃貸業",平成17,2005,年平均,－,－,－,－,－,－,－,－,－,－
30人以上,"K 不動産業,物品賃貸業",平成18,2006,年平均,－,－,－,－,－,－,－,－,－,－
30人以上,"K 不動産業,物品賃貸業",平成19,2007,年平均,－,－,－,－,－,－,－,－,－,－
30人以上,"K 不動産業,物品賃貸業",平成20,2008,年平均,－,－,－,－,－,－,－,－,－,－
30人以上,"K 不動産業,物品賃貸業",平成21,2009,年平均,－,－,－,－,－,－,－,－,－,－
30人以上,"K 不動産業,物品賃貸業",平成22,2010,年平均,532187,410004,381887,28117,122183,112183,110719,106553,4166,1464
30人以上,"K 不動産業,物品賃貸業",平成22,2010,1月,429165,406991,380444,26547,22174,111082,110991,107160,3831,91
30人以上,"K 不動産業,物品賃貸業",平成22,2010,2月,434221,410769,381832,28937,23452,106888,106636,103020,3616,252
30人以上,"K 不動産業,物品賃貸業",平成22,2010,3月,452037,413884,385460,28424,38153,115865,114480,110483,3997,1385
30人以上,"K 不動産業,物品賃貸業",平成22,2010,4月,465051,414939,384219,30720,50112,114643,114273,109953,4320,370
30人以上,"K 不動産業,物品賃貸業",平成22,2010,5月,414719,406430,377721,28709,8289,115028,114705,110207,4498,323
30人以上,"K 不動産業,物品賃貸業",平成22,2010,6月,907904,412019,383822,28197,495885,117070,114048,109631,4417,3022
30人以上,"K 不動産業,物品賃貸業",平成22,2010,7月,519328,409844,381594,28250,109484,116350,115630,111429,4201,720
30人以上,"K 不動産業,物品賃貸業",平成22,2010,8月,423004,408138,380523,27615,14866,118892,116001,111745,4256,2891
30人以上,"K 不動産業,物品賃貸業",平成22,2010,9月,433614,414500,389523,24977,19114,116438,114453,110717,3736,1985
30人以上,"K 不動産業,物品賃貸業",平成22,2010,10月,424185,411103,383170,27933,13082,101629,101329,96323,5006,300
30人以上,"K 不動産業,物品賃貸業",平成22,2010,11月,409970,405506,377321,28185,4464,101417,101164,97606,3558,253
30人以上,"K 不動産業,物品賃貸業",平成22,2010,12月,1077414,405898,376991,28907,671516,109772,104179,99533,4646,5593
30人以上,"L 学術研究,専門・技術サービス業",平成17,2005,年平均,－,－,－,－,－,－,－,－,－,－
30人以上,"L 学術研究,専門・技術サービス業",平成18,2006,年平均,－,－,－,－,－,－,－,－,－,－
30人以上,"L 学術研究,専門・技術サービス業",平成19,2007,年平均,－,－,－,－,－,－,－,－,－,－
30人以上,"L 学術研究,専門・技術サービス業",平成20,2008,年平均,－,－,－,－,－,－,－,－,－,－
30人以上,"L 学術研究,専門・技術サービス業",平成21,2009,年平均,－,－,－,－,－,－,－,－,－,－
30人以上,"L 学術研究,専門・技術サービス業",平成22,2010,年平均,614799,496990,454645,42345,117809,176107,169044,161815,7229,7063
30人以上,"L 学術研究,専門・技術サービス業",平成22,2010,1月,494429,490191,453836,36355,4238,155022,153815,147220,6595,1207
30人以上,"L 学術研究,専門・技術サービス業",平成22,2010,2月,503969,498822,456718,42104,5147,168035,167303,160277,7026,732
30人以上,"L 学術研究,専門・技術サービス業",平成22,2010,3月,528532,498381,456941,41440,30151,189345,183554,175723,7831,5791
30人以上,"L 学術研究,専門・技術サービス業",平成22,2010,4月,552852,514110,468204,45906,38742,188001,183100,176689,6411,4901
30人以上,"L 学術研究,専門・技術サービス業",平成22,2010,5月,514842,497116,450102,47014,17726,162563,161691,156284,5407,872
30人以上,"L 学術研究,専門・技術サービス業",平成22,2010,6月,1092379,495641,453651,41990,596738,200380,182487,175508,6979,17893
30人以上,"L 学術研究,専門・技術サービス業",平成22,2010,7月,613017,494998,454025,40973,118019,184863,173964,160163,13801,10899
30人以上,"L 学術研究,専門・技術サービス業",平成22,2010,8月,497193,493035,450380,42655,4158,173441,171980,165965,6015,1461
30人以上,"L 学術研究,専門・技術サービス業",平成22,2010,9月,503617,493357,453965,39392,10260,172919,167020,159832,7188,5899
30人以上,"L 学術研究,専門・技術サービス業",平成22,2010,10月,504900,495166,453259,41907,9734,168829,159269,153271,5998,9560
30人以上,"L 学術研究,専門・技術サービス業",平成22,2010,11月,520493,495924,450970,44954,24569,163209,161592,154533,7059,1617
30人以上,"L 学術研究,専門・技術サービス業",平成22,2010,12月,1056493,497080,453634,43446,559413,182150,160047,153564,6483,22103
30人以上,"M 宿泊業,飲食サービス業",平成17,2005,年平均,－,－,－,－,－,－,－,－,－,－
30人以上,"M 宿泊業,飲食サービス業",平成18,2006,年平均,－,－,－,－,－,－,－,－,－,－
30人以上,"M 宿泊業,飲食サービス業",平成19,2007,年平均,－,－,－,－,－,－,－,－,－,－
30人以上,"M 宿泊業,飲食サービス業",平成20,2008,年平均,－,－,－,－,－,－,－,－,－,－
30人以上,"M 宿泊業,飲食サービス業",平成21,2009,年平均,－,－,－,－,－,－,－,－,－,－
30人以上,"M 宿泊業,飲食サービス業",平成22,2010,年平均,386215,336426,317178,19248,49789,85857,84989,80445,4544,868
30人以上,"M 宿泊業,飲食サービス業",平成22,2010,1月,365842,320137,298849,21288,45705,85336,84529,79263,5266,807
30人以上,"M 宿泊業,飲食サービス業",平成22,2010,2月,332186,329534,311716,17818,2652,81579,81311,76642,4669,268
30人以上,"M 宿泊業,飲食サービス業",平成22,2010,3月,352958,343618,325082,18536,9340,86387,85461,80231,5230,926
30人以上,"M 宿泊業,飲食サービス業",平成22,2010,4月,354746,346459,326143,20316,8287,83818,83591,79134,4457,227
30人以上,"M 宿泊業,飲食サービス業",平成22,2010,5月,332779,324199,304750,19449,8580,84097,83744,79332,4412,353
30人以上,"M 宿泊業,飲食サービス業",平成22,2010,6月,471488,333308,314303,19005,138180,82843,81926,78043,3883,917
30人以上,"M 宿泊業,飲食サービス業",平成22,2010,7月,421324,330424,310950,19474,90900,88489,86909,82125,4784,1580
30人以上,"M 宿泊業,飲食サービス業",平成22,2010,8月,377828,339546,321311,18235,38282,86364,86015,81903,4112,349
30人以上,"M 宿泊業,飲食サービス業",平成22,2010,9月,342426,336188,318050,18138,6238,84694,84028,79895,4133,666
30人以上,"M 宿泊業,飲食サービス業",平成22,2010,10月,344113,341697,322272,19425,2416,86571,86444,82014,4430,127
30人以上,"M 宿泊業,飲食サービス業",平成22,2010,11月,380913,346021,326499,19522,34892,84412,84099,79928,4171,313
30人以上,"M 宿泊業,飲食サービス業",平成22,2010,12月,557145,344599,324832,19767,212546,96504,92504,87589,4915,4000
30人以上,"N 生活関連サービス業,娯楽業",平成17,2005,年平均,－,－,－,－,－,－,－,－,－,－
30人以上,"N 生活関連サービス業,娯楽業",平成18,2006,年平均,－,－,－,－,－,－,－,－,－,－
30人以上,"N 生活関連サービス業,娯楽業",平成19,2007,年平均,－,－,－,－,－,－,－,－,－,－
30人以上,"N 生活関連サービス業,娯楽業",平成20,2008,年平均,－,－,－,－,－,－,－,－,－,－
30人以上,"N 生活関連サービス業,娯楽業",平成21,2009,年平均,－,－,－,－,－,－,－,－,－,－
30人以上,"N 生活関連サービス業,娯楽業",平成22,2010,年平均,379982,321864,297748,24116,58118,104107,102917,99085,3832,1190
30人以上,"N 生活関連サービス業,娯楽業",平成22,2010,1月,329175,313801,292145,21656,15374,96752,96518,92908,3610,234
30人以上,"N 生活関連サービス業,娯楽業",平成22,2010,2月,319505,317981,296800,21181,1524,98496,98258,95281,2977,238
30人以上,"N 生活関連サービス業,娯楽業",平成22,2010,3月,392661,328824,305278,23546,63837,96321,96042,92216,3826,279
30人以上,"N 生活関連サービス業,娯楽業",平成22,2010,4月,342811,327342,301815,25527,15469,103069,102802,99455,3347,267
30人以上,"N 生活関連サービス業,娯楽業",平成22,2010,5月,335616,315476,289937,25539,20140,110086,109797,105190,4607,289
30人以上,"N 生活関連サービス業,娯楽業",平成22,2010,6月,445578,323316,299704,23612,122262,113613,108330,104769,3561,5283
30人以上,"N 生活関連サービス業,娯楽業",平成22,2010,7月,404109,317465,293486,23979,86644,108468,107887,103969,3918,581
30人以上,"N 生活関連サービス業,娯楽業",平成22,2010,8月,333925,324969,298149,26820,8956,101980,101648,98078,3570,332
30人以上,"N 生活関連サービス業,娯楽業",平成22,2010,9月,340029,324523,299324,25199,15506,102633,102344,98370,3974,289
30人以上,"N 生活関連サービス業,娯楽業",平成22,2010,10月,373333,329102,305283,23819,44231,101319,101023,96826,4197,296
30人以上,"N 生活関連サービス業,娯楽業",平成22,2010,11月,330850,323387,298614,24773,7463,104864,103808,99747,4061,1056
30人以上,"N 生活関連サービス業,娯楽業",平成22,2010,12月,620709,316475,292614,23861,304234,112801,107499,103120,4379,5302
30人以上,"O 教育,学習支援業",平成17,2005,年平均,638764,459564,447161,12403,179200,101142,97239,95413,1826,3903
30人以上,"O 教育,学習支援業",平成18,2006,年平均,646643,464361,451230,13131,182282,100020,97627,95816,1811,2393
30人以上,"O 教育,学習支援業",平成19,2007,年平均,628004,452498,429999,22499,175506,99074,93052,91567,1485,6022
30人以上,"O 教育,学習支援業",平成20,2008,年平均,658641,465990,443142,22848,192651,120474,106125,104786,1339,14349
30人以上,"O 教育,学習支援業",平成21,2009,年平均,647670,468326,458388,9938,179344,109852,102218,101393,825,7634
30人以上,"O 教育,学習支援業",平成22,2010,年平均,645503,473285,463684,9601,172218,125522,113078,112363,715,12444
30人以上,"O 教育,学習支援業",平成22,2010,1月,465726,463131,454807,8324,2595,100008,99910,99254,656,98
30人以上,"O 教育,学習支援業",平成22,2010,2月,476043,469867,460293,9574,6176,110132,108955,108142,813,1177
30人以上,"O 教育,学習支援業",平成22,2010,3月,565919,488120,478077,10043,77799,129288,121452,120315,1137,7836
30人以上,"O 教育,学習支援業",平成22,2010,4月,508983,481949,470800,11149,27034,124222,123237,122302,935,985
30人以上,"O 教育,学習支援業",平成22,2010,5月,474841,471749,459728,12021,3092,115430,112017,111219,798,3413
30人以上,"O 教育,学習支援業",平成22,2010,6月,1131610,470050,460441,9609,661560,134103,110900,110194,706,23203
30人以上,"O 教育,学習支援業",平成22,2010,7月,690912,472928,463678,9250,217984,154790,118043,117427,616,36747
30人以上,"O 教育,学習支援業",平成22,2010,8月,475495,466500,458103,8397,8995,118220,118076,117440,636,144
30人以上,"O 教育,学習支援業",平成22,2010,9月,472403,467366,460322,7044,5037,120140,118790,118061,729,1350
30人以上,"O 教育,学習支援業",平成22,2010,10月,518293,483598,473926,9672,34695,116823,110921,110676,245,5902
30人以上,"O 教育,学習支援業",平成22,2010,11月,482648,469948,459885,10063,12700,115380,112066,111354,712,3314
30人以上,"O 教育,学習支援業",平成22,2010,12月,1496369,473517,463423,10094,1022852,165458,106941,106237,704,58517
30人以上,"P 医療,福祉",平成17,2005,年平均,501498,383501,355388,28113,117997,128695,123484,118781,4703,5211
30人以上,"P 医療,福祉",平成18,2006,年平均,503056,379359,351133,28226,123697,120661,116182,111106,5076,4479
30人以上,"P 医療,福祉",平成19,2007,年平均,483375,376967,352686,24281,106408,136123,133092,128902,4190,3031
30人以上,"P 医療,福祉",平成20,2008,年平均,503419,389164,362509,26655,114255,138079,134616,129642,4974,3463
30人以上,"P 医療,福祉",平成21,2009,年平均,451457,360310,335174,25136,91147,162941,161511,155298,6213,1430
30人以上,"P 医療,福祉",平成22,2010,年平均,438551,351552,323142,28410,86999,165899,163079,153049,10030,2820
30人以上,"P 医療,福祉",平成22,2010,1月,363765,360991,328796,32195,2774,162999,162437,154799,7638,562
30人以上,"P 医療,福祉",平成22,2010,2月,354055,353052,323287,29765,1003,159497,159339,152373,6966,158
30人以上,"P 医療,福祉",平成22,2010,3月,412455,346341,317215,29126,66114,158388,157230,149696,7534,1158
30人以上,"P 医療,福祉",平成22,2010,4月,365543,359094,328733,30361,6449,153535,152056,141967,10089,1479
30人以上,"P 医療,福祉",平成22,2010,5月,377901,348406,318682,29724,29495,167105,165688,154261,11427,1417
30人以上,"P 医療,福祉",平成22,2010,6月,679687,349230,318934,30296,330457,167787,161955,150823,11132,5832
30人以上,"P 医療,福祉",平成22,2010,7月,425583,348486,325473,23013,77097,169065,165736,154600,11136,3329
30人以上,"P 医療,福祉",平成22,2010,8月,349706,348929,322161,26768,777,166604,166604,155227,11377,0
30人以上,"P 医療,福祉",平成22,2010,9月,352906,349919,324231,25688,2987,177124,169668,159169,10499,7456
30人以上,"P 医療,福祉",平成22,2010,10月,359352,353775,326242,27533,5577,162405,162405,153033,9372,0
30人以上,"P 医療,福祉",平成22,2010,11月,375827,351038,322416,28622,24789,166606,165207,154103,11104,1399
30人以上,"P 医療,福祉",平成22,2010,12月,840127,349407,321574,27833,490720,178236,167445,155756,11689,10791
30人以上,Q 複合サービス業,平成17,2005,年平均,512918,395781,360972,34809,117137,121488,115365,100517,14848,6123
30人以上,Q 複合サービス業,平成18,2006,年平均,529348,400406,356471,43935,128942,125586,118854,101413,17441,6732
30人以上,Q 複合サービス業,平成19,2007,年平均,551690,435023,398435,36588,116667,153407,147043,128272,18771,6364
30人以上,Q 複合サービス業,平成20,2008,年平均,607404,465257,437713,27544,142147,141882,134845,121715,13130,7037
30人以上,Q 複合サービス業,平成21,2009,年平均,645226,485520,455552,29968,159706,125528,119124,114008,5116,6404
30人以上,Q 複合サービス業,平成22,2010,年平均,635091,467726,425748,41978,167365,120244,119337,117776,1561,907
30人以上,Q 複合サービス業,平成22,2010,1月,474001,473510,430442,43068,491,124612,124612,123506,1106,0
30人以上,Q 複合サービス業,平成22,2010,2月,471912,471399,425648,45751,513,115187,115187,113308,1879,0
30人以上,Q 複合サービス業,平成22,2010,3月,484254,482340,432925,49415,1914,153834,153572,151415,2157,262
30人以上,Q 複合サービス業,平成22,2010,4月,550254,483448,425744,57704,66806,139470,139470,136896,2574,0
30人以上,Q 複合サービス業,平成22,2010,5月,466867,466204,419167,47037,663,116328,116328,114060,2268,0
30人以上,Q 複合サービス業,平成22,2010,6月,1359163,461781,423860,37921,897382,135181,129774,128929,845,5407
30人以上,Q 複合サービス業,平成22,2010,7月,494211,461844,424235,37609,32367,115974,115696,114718,978,278
30人以上,Q 複合サービス業,平成22,2010,8月,460188,460187,424317,35870,1,117120,117120,116519,601,0
30人以上,Q 複合サービス業,平成22,2010,9月,453627,453616,422993,30623,11,111589,111589,110387,1202,0
30人以上,Q 複合サービス業,平成22,2010,10月,530908,463879,427427,36452,67029,107045,107045,105469,1576,0
30人以上,Q 複合サービス業,平成22,2010,11月,469936,469422,425689,43733,514,113294,113294,111435,1859,0
30人以上,Q 複合サービス業,平成22,2010,12月,1390085,465949,426651,39298,924136,95532,90390,88698,1692,5142
30人以上,R サービス業（他に分類されないもの）,平成17,2005,年平均,－,－,－,－,－,－,－,－,－,－
30人以上,R サービス業（他に分類されないもの）,平成18,2006,年平均,－,－,－,－,－,－,－,－,－,－
30人以上,R サービス業（他に分類されないもの）,平成19,2007,年平均,－,－,－,－,－,－,－,－,－,－
30人以上,R サービス業（他に分類されないもの）,平成20,2008,年平均,－,－,－,－,－,－,－,－,－,－
30人以上,R サービス業（他に分類されないもの）,平成21,2009,年平均,－,－,－,－,－,－,－,－,－,－
30人以上,R サービス業（他に分類されないもの）,平成22,2010,年平均,396955,332550,305977,26573,64405,110917,108953,103839,5114,1964
30人以上,R サービス業（他に分類されないもの）,平成22,2010,1月,347703,327217,301400,25817,20486,110188,109286,104249,5037,902
30人以上,R サービス業（他に分類されないもの）,平成22,2010,2月,325416,323337,298100,25237,2079,112333,111864,106329,5535,469
30人以上,R サービス業（他に分類されないもの）,平成22,2010,3月,343901,335608,308310,27298,8293,114757,114283,108976,5307,474
30人以上,R サービス業（他に分類されないもの）,平成22,2010,4月,341684,333722,305723,27999,7962,109985,109847,105243,4604,138
30人以上,R サービス業（他に分類されないもの）,平成22,2010,5月,357837,336627,308109,28518,21210,108718,108227,103492,4735,491
30人以上,R サービス業（他に分類されないもの）,平成22,2010,6月,604814,338807,312413,26394,266007,122911,112068,107516,4552,10843
30人以上,R サービス業（他に分類されないもの）,平成22,2010,7月,389736,329994,304453,25541,59742,110119,108601,103933,4668,1518
30人以上,R サービス業（他に分類されないもの）,平成22,2010,8月,334348,331830,306671,25159,2518,107804,107714,103264,4450,90
30人以上,R サービス業（他に分類されないもの）,平成22,2010,9月,349656,338771,313583,25188,10885,106988,106488,101595,4893,500
30人以上,R サービス業（他に分類されないもの）,平成22,2010,10月,348705,330707,303878,26829,17998,106282,106187,101091,5096,95
30人以上,R サービス業（他に分類されないもの）,平成22,2010,11月,365143,333393,306180,27213,31750,109189,108715,103290,5425,474
30人以上,R サービス業（他に分類されないもの）,平成22,2010,12月,658521,331067,303440,27627,327454,113163,105210,98314,6896,7953
,,,,,,,,,,,,,,
東京都の賃金、労働時間及び雇用の動き（毎月勤労統計調査）平成22年確報,,,,,,,,,,,,,,
第２－２表　産業、就業形態別労働者の１人平均月間現金給与額　（事業所規模３０人以上）,,,,,,,,,,,,,,
