年齢[歳],合 計[人],男性合計[人],女性合計[人]
総 数,736791,357951,378840
0,5571,2853,2718
1,5837,2969,2868
2,6069,3074,2995
3,5947,3032,2915
4,6141,3111,3030
5,5896,2987,2909
6,5845,3025,2820
7,5675,2922,2753
8,5963,3062,2901
9,5813,2946,2867
10,5972,3054,2918
11,5956,3156,2800
12,5867,3027,2840
13,5572,2896,2676
14,5802,2942,2860
15,6036,3094,2942
16,6100,3138,2962
17,6359,3254,3105
18,6942,3457,3485
19,7296,3760,3536
20,8019,4010,4009
21,8429,4132,4297
22,9718,4670,5048
23,10094,4793,5301
24,10523,4989,5534
25,10120,4728,5392
26,10200,4841,5359
27,10080,4901,5179
28,10014,4792,5222
29,9689,4676,5013
30,10000,4856,5144
31,9999,4849,5150
32,10111,4949,5162
33,10096,5038,5058
34,10738,5379,5359
35,10614,5290,5324
36,10545,5276,5269
37,10345,5304,5041
38,10334,5157,5177
39,10708,5510,5198
40,10641,5415,5226
41,10995,5530,5465
42,10997,5551,5446
43,11343,5735,5608
44,11843,6032,5811
45,12463,6285,6178
46,12396,6118,6278
47,12337,6162,6175
48,12132,6067,6065
49,12084,6081,6003
50,12247,6147,6100
51,11929,5994,5935
52,10432,5338,5094
53,10695,5581,5114
54,10915,5614,5301
55,10106,5117,4989
56,9608,4883,4725
57,9010,4599,4411
58,8519,4282,4237
59,8415,4315,4100
60,8007,4047,3960
61,7654,3906,3748
62,7257,3658,3599
63,6977,3570,3407
64,6930,3533,3397
65,6722,3474,3248
66,7116,3545,3571
67,7144,3500,3644
68,7629,3710,3919
69,8481,4160,4321
70,8643,4154,4489
71,9210,4387,4823
72,7382,3373,4009
73,4943,2206,2737
74,5848,2596,3252
75,7053,3097,3956
76,6609,2886,3723
77,6936,2921,4015
78,6349,2631,3718
79,5718,2334,3384
80,5007,2019,2988
81,5567,2224,3343
82,5388,2149,3239
83,5384,2110,3274
84,4785,1885,2900
85,4318,1619,2699
86,4152,1532,2620
87,3534,1251,2283
88,3000,1057,1943
89,2624,856,1768
90,2283,693,1590
91,1915,596,1319
92,1608,498,1110
93,1253,349,904
94,887,237,650
95,649,152,497
96,512,103,409
97,389,68,321
98,260,44,216
99,197,24,173
100,131,18,113
101,60,15,45
102,55,11,44
103,32,3,29
104歳以上,51,5,46
不詳者,0,0,0
3蜿ｷ"
年齢[歳],合 計[人],男性合計[人],女性合計[人]
総 数,737711,358280,379431
0,5561,2825,2736
1,5888,3016,2872
2,5961,3004,2957
3,5951,3031,2920
4,6154,3124,3030
5,5941,2989,2952
6,5870,3029,2841
7,5677,2939,2738
8,5970,3058,2912
9,5844,2955,2889
10,5927,3017,2910
11,5971,3190,2781
12,5843,2992,2851
13,5618,2937,2681
14,5816,2944,2872
15,5919,3039,2880
16,6147,3172,2975
17,6296,3204,3092
18,6901,3469,3432
19,7291,3708,3583
20,7920,3940,3980
21,8334,4126,4208
22,9660,4651,5009
23,10146,4809,5337
24,10591,5019,5572
25,10280,4844,5436
26,10201,4756,5445
27,10186,4959,5227
28,10038,4799,5239
29,9809,4732,5077
30,9961,4820,5141
31,10069,4911,5158
32,10091,4947,5144
33,10113,5014,5099
34,10611,5328,5283
35,10644,5312,5332
36,10640,5331,5309
37,10273,5223,5050
38,10394,5212,5182
39,10632,5459,5173
40,10586,5346,5240
41,10965,5546,5419
42,10948,5518,5430
43,11383,5770,5613
44,11780,5994,5786
45,12362,6221,6141
46,12516,6221,6295
47,12306,6133,6173
48,12070,6048,6022
49,12220,6110,6110
50,12211,6161,6050
51,11892,5930,5962
52,11053,5662,5391
53,10326,5319,5007
54,10927,5698,5229
55,10289,5205,5084
56,9801,4979,4822
57,8934,4541,4393
58,8615,4350,4265
59,8479,4337,4142
60,8063,4089,3974
61,7677,3937,3740
62,7300,3646,3654
63,6999,3596,3403
64,6967,3553,3414
65,6702,3463,3239
66,7102,3541,3561
67,7064,3489,3575
68,7534,3644,3890
69,8326,4076,4250
70,8700,4185,4515
71,9033,4287,4746
72,7920,3666,4254
73,5015,2227,2788
74,5726,2582,3144
75,7027,3054,3973
76,6549,2852,3697
77,6818,2885,3933
78,6478,2678,3800
79,5784,2363,3421
80,5087,2071,3016
81,5440,2167,3273
82,5308,2107,3201
83,5452,2153,3299
84,4775,1859,2916
85,4327,1630,2697
86,4160,1532,2628
87,3531,1250,2281
88,3041,1071,1970
89,2654,846,1808
90,2279,718,1561
91,1937,607,1330
92,1615,478,1137
93,1269,361,908
94,918,250,668
95,643,151,492
96,511,98,413
97,394,75,319
98,259,43,216
99,192,23,169
100,137,20,117
101,58,16,42
102,58,12,46
103,30,3,27
104歳以上,50,3,47
不詳者,0,0,0
費ｽ茨ｼ渠N齢[歳],合 計[人],男性合計[人],女性合計[人]
総 数,738016,358401,379615
0,5581,2845,2736
1,5872,3000,2872
2,5967,2989,2978
3,5910,3034,2876
4,6145,3111,3034
5,5944,2986,2958
6,5901,3029,2872
7,5682,2962,2720
8,5982,3054,2928
9,5839,2951,2888
10,5875,2983,2892
11,6003,3203,2800
12,5856,3032,2824
13,5666,2938,2728
14,5749,2930,2819
15,5890,3016,2874
16,6173,3180,2993
17,6262,3169,3093
18,6845,3460,3385
19,7390,3745,3645
20,7881,3952,3929
21,8342,4105,4237
22,9604,4639,4965
23,10158,4837,5321
24,10561,5005,5556
25,10474,4924,5550
26,10130,4741,5389
27,10188,4932,5256
28,10057,4829,5228
29,9847,4754,5093
30,10002,4824,5178
31,10018,4878,5140
32,10148,4976,5172
33,10058,4974,5084
34,10536,5295,5241
35,10665,5344,5321
36,10649,5313,5336
37,10294,5212,5082
38,10318,5209,5109
39,10642,5449,5193
40,10562,5331,5231
41,10930,5522,5408
42,10875,5465,5410
43,11380,5778,5602
44,11701,5943,5758
45,12403,6240,6163
46,12516,6266,6250
47,12287,6081,6206
48,12093,6102,5991
49,12264,6120,6144
50,12117,6079,6038
51,11960,5968,5992
52,11318,5784,5534
53,10107,5243,4864
54,10979,5716,5263
55,10336,5194,5142
56,9864,5055,4809
57,8976,4542,4434
58,8668,4383,4285
59,8478,4315,4163
60,8153,4134,4019
61,7674,3944,3730
62,7343,3686,3657
63,6980,3578,3402
64,6978,3543,3435
65,6664,3449,3215
66,7036,3504,3532
67,7053,3490,3563
68,7500,3630,3870
69,8240,4022,4218
70,8745,4209,4536
71,8927,4245,4682
72,8175,3811,4364
73,5074,2253,2821
74,5678,2553,3125
75,6986,3024,3962
76,6524,2840,3684
77,6800,2879,3921
78,6532,2708,3824
79,5856,2389,3467
80,5134,2104,3030
81,5343,2101,3242
82,5291,2110,3181
83,5517,2193,3324
84,4761,1856,2905
85,4330,1625,2705
86,4159,1530,2629
87,3540,1263,2277
88,3081,1079,2002
89,2673,863,1810
90,2253,703,1550
91,1955,610,1345
92,1616,485,1131
93,1279,350,929
94,919,257,662
95,643,155,488
96,515,95,420
97,382,77,305
98,266,42,224
99,194,24,170
100,135,16,119
101,63,19,44
102,54,11,43
103,29,3,26
104歳以上,48,3,45
不詳者,0,0,0
ｹ逋ｽ驥� 1髫�","2016/7/8","28貂ｯ縺ｿ逕溽腸縺咲ｬｬ56蜿ｷ"
"�難ｽ擾ｽ擾ｽ費ｽ呻ｼ医せ繝ｼ繝�ぅ繝ｼ��","108-0072","譚ｱ莠ｬ驛ｽ貂ｯ蛹ｺ逋ｽ驥台ｸ我ｸ∫岼16逡ｪ12蜿ｷ","繧ｹ繧ｿ繧ｸ繧ｪ繧ｨ繧｢繝ｼ逋ｽ驥� 303","2013/7/18","25貂ｯ縺ｿ逕溽腸縺咲ｬｬ57蜿ｷ"
"��ｽ�ｽ�ｽ後����ｽ抵ｽ�ｽ���逋ｽ驥�","108-0072","譚ｱ莠ｬ驛ｽ貂ｯ蛹ｺ逋ｽ驥台ｸ我ｸ∫岼16逡ｪ12蜿ｷ","繧ｹ繧ｿ繧ｸ繧ｪ繧ｨ繧｢繝ｼ101蜿ｷ螳､","2021/10/19","3貂ｯ縺ｿ逕溽腸縺咲ｬｬ133蜿ｷ"
"�抵ｽ�ｽ����抵ｽ擾ｽ擾ｽ咲區驥醍ｾ守ｲｧ","108-0072","譚ｱ莠ｬ驛ｽ貂ｯ蛹ｺ逋ｽ驥台ｺ比ｸ∫岼10逡ｪ9蜿ｷ",,"2020/1/17","31貂ｯ縺ｿ逕溽腸縺咲ｬｬ205蜿ｷ"
"蟷ｳ譛ｬ鄒主ｮｹ螳､","108-0072","譚ｱ莠ｬ驛ｽ貂ｯ蛹ｺ逋ｽ驥台ｺ比ｸ∫岼15逡ｪ3蜿ｷ",,"1969/2/19","隨ｬ2蜿ｷ"
"�｢�ｯ�ｬ�｡�ｮ�ｧ�･","108-0072","譚ｱ莠ｬ驛ｽ貂ｯ蛹ｺ逋ｽ驥大�荳∫岼16逡ｪ2蜿ｷ","繧ｽ繝ｬ繧､繝ｦ逋ｽ驥�101","2021/7/7","3貂ｯ縺ｿ逕溽腸縺咲ｬｬ51蜿ｷ"
"鄒主ｮｹ螳､繝励Λ繝√リ","108-0072","譚ｱ莠ｬ驛ｽ貂ｯ蛹ｺ逋ｽ驥大�荳∫岼16逡ｪ42蜿ｷ","1髫�","2003/7/22","15貂ｯ縺ｿ逕溽腸縺咲ｬｬ58蜿ｷ"
"雉�函蝣ゅン繝･繝ｼ繝�ぅ繝ｼ繧ｵ繝ｭ繝ｳ縲�蜈ｫ闃ｳ蝨貞ｺ暦ｼ費ｼｦ","108-0071","譚ｱ莠ｬ驛ｽ貂ｯ蛹ｺ逋ｽ驥大床荳�荳∫岼1逡ｪ1蜿ｷ","蜈ｫ闃ｳ蝨呈悽鬢ｨ 4髫�","2018/1/11","29貂ｯ縺ｿ逕溽腸縺咲ｬｬ181蜿ｷ"
"雉�函蝣ゅン繝･繝ｼ繝�ぅ繝ｼ繧ｵ繝ｭ繝ｳ縲�蜈ｫ闃ｳ蝨貞ｺ暦ｼ抵ｼｦ","108-0071","譚ｱ莠ｬ驛ｽ貂ｯ蛹ｺ逋ｽ驥大床荳�荳∫岼1逡ｪ6蜿ｷ","蜈ｫ闃ｳ蝨呈悽鬢ｨ2髫�","2014/8/27","26貂ｯ縺ｿ逕溽腸縺咲ｬｬ90蜿ｷ"
"繝上ヤ繧ｳ繧ｨ繝ｳ繝峨え繝薙Η繝ｼ繝�ぅ繝ｼ繧ｹ繧ｿ繧ｸ繧ｪ縲�繧ｷ繧ｧ繝ｩ繝医Φ驛ｽ繝帙ユ繝ｫ譚ｱ莠ｬ蠎�","108-0071","譚ｱ莠ｬ驛ｽ貂ｯ蛹ｺ逋ｽ驥大床荳�荳∫岼1逡ｪ50蜿ｷ","繧ｷ繧ｧ繝ｩ繝医Φ驛ｽ繝帙ユ繝ｫ譚ｱ莠ｬ 蝨ｰ荳�1髫�","2014/9ﾛ琦ｾ,	 �貂ｯ縺ｿ逕溽腸縺咲ｬｬ101蜿ｷ"
"�ｳ�費ｽ�ｽ鯉ｽ鯉ｽ�ｽ会ｽ抵ｽ����ｳ�茨ｽ会ｽ抵ｽ擾ｽ具ｽ�ｽ趣ｽ�","108-0071","譚ｱ莠ｬ驛ｽ貂ｯ蛹ｺ逋ｽ驥大床荳�荳∫岼2逡ｪ6蜿ｷ","逋ｽ驥大床闖∬蒔鬢ｨ103","2022/10/21","4貂ｯ縺ｿ逕溽腸縺咲ｬｬ115蜿ｷ"
"�趣ｽ�ｽ暦ｽ�ｽ抵ｼ医ル繝･繧｢繝ｼ��","108-0071","譚ｱ莠ｬ驛ｽ貂ｯ蛹ｺ逋ｽ驥大床荳�荳∫岼2逡ｪ10蜿ｷ","阯､蜥檎區驥大床繧ｳ繝ｼ繝唯102","2016/11/11","28貂ｯ縺ｿ逕溽腸縺咲ｬｬ131蜿ｷ"
"譬ｪ蠑丈ｼ夂､ｾ�ｳ��ｽ抵ｽ�ｽ趣ｽ�","108-0071","譚ｱ莠ｬ驛ｽ貂ｯ蛹ｺ逋ｽ驥大床荳�荳∫岼2逡ｪ46蜿ｷ",,"2022/6/27","4貂ｯ縺ｿ逕溽腸縺咲ｬｬ29蜿ｷ"
"繝�ぅ繧｢繝ｩ逋ｽ驥大床","108-0071","譚ｱ莠ｬ驛ｽ貂ｯ蛹ｺ逋ｽ驥大床