年齢[歳],合 計[人],男性合計[人],女性合計[人]
総 数,738817,357983,380834
0,5117,2623,2494
1,5523,2844,2679
2,5494,2805,2689
3,5795,2948,2847
4,5689,2883,2806
5,6048,3067,2981
6,5966,3024,2942
7,5950,3038,2912
8,5975,3038,2937
9,5766,2969,2797
10,5810,3001,2809
11,6021,3052,2969
12,5835,2974,2861
13,6072,3158,2914
14,5911,3143,2768
15,5805,3001,2804
16,5748,2938,2810
17,5956,3050,2906
18,6268,3230,3038
19,6789,3440,3349
20,7302,3682,3620
21,7897,3881,4016
22,8448,4153,4295
23,9857,4714,5143
24,10177,4824,5353
25,10214,4817,5397
26,10374,4942,5432
27,10660,5064,5596
28,10166,4803,5363
29,10245,4909,5336
30,10180,4877,5303
31,9871,4733,5138
32,9906,4791,5115
33,10005,4875,5130
34,10047,4963,5084
35,9975,4981,4994
36,10278,5083,5195
37,10776,5400,5376
38,10526,5224,5302
39,10253,5165,5088
40,10292,5176,5116
41,10330,5221,5109
42,10708,5407,5301
43,10748,5521,5227
44,10816,5423,5393
45,11202,5620,5582
46,11430,5773,5657
47,11979,6046,5933
48,12632,6328,6304
49,12092,5982,6110
50,12097,6029,6068
51,12270,6174,6096
52,11888,5929,5959
53,11868,5917,5951
54,12103,6127,5976
55,8873,4605,4268
56,11293,5850,5443
57,10542,5350,5192
58,9876,4965,4911
59,9169,4671,4498
60,8570,4320,4250
61,8395,4257,4138
62,8053,4052,4001
63,7647,3896,3751
64,7270,3661,3609
65,6859,3470,3389
66,6907,3479,3428
67,6619,3356,3263
68,6665,3390,3275
69,6968,3377,3591
70,6989,3368,3621
71,7560,3630,3930
72,8491,4049,4442
73,8476,3979,4497
74,8392,3879,4513
75,5518,2412,3106
76,5135,2299,2836
77,6168,2607,3561
78,6494,2757,3737
79,6227,2586,3641
80,6388,2566,3822
81,5670,2245,3425
82,4889,1930,2959
83,4704,1771,2933
84,4911,1877,3034
85,4787,1839,2948
86,4495,1661,2834
87,3732,1342,2390
88,3573,1271,2302
89,3141,1032,2109
90,2601,862,1739
91,2208,707,1501
92,1761,483,1278
93,1458,400,1058
94,1210,309,901
95,913,230,683
96,673,179,494
97,432,90,342
98,337,54,283
99,219,34,185
100,161,23,138
101,97,9,88
102,68,11,57
103,34,5,29
104歳以上,49,8,41
不詳者,0,0,0
,0,0,0,0,0",,"4貂ｯ縺ｿ逕滄｣溷霧隨ｬ1190蜿ｷ","2022-08-23","2022-08-23","2022-08-23","2029-08-31",,"譁ｰ隕�",,
"131032",,"譚ｱ莠ｬ驛ｽ貂ｯ蛹ｺ","轤ｭ轣ｫ辟ｼ閧芽ｵ､蝮ょ､ｧ髢｢",,,"鬟ｲ鬟溷ｺ怜霧讌ｭ",,"131032",,"譚ｱ莠ｬ驛ｽ貂ｯ蛹ｺ襍､蝮ゆｸ我ｸ∫岼�托ｼ倡分�托ｼ貞捷�托ｼ鯉ｼ帝嚴","譚ｱ莠ｬ驛ｽ","貂ｯ蛹ｺ","襍､蝮ゆｸ我ｸ∫岼","�托ｼ倡分�托ｼ貞捷","�托ｼ鯉ｼ帝嚴",,,,,,,,"譛蛾剞莨夂､ｾ�､�抵ｽ�ｽ�ｽ擾ｽ弱���具ｽ会ｽ趣ｽ�",,"6貂ｯ縺ｿ逕滄｣溷霧隨ｬ430蜿ｷ","2024-05-29","2024-05-29","2024-05-29","2030-05-31",,"譁ｰ隕�",,
"131032",,"譚ｱ莠ｬ驛ｽ貂ｯ蛹ｺ","驟呈袷縲�襍､蝮ゆｺｭ",,,"鬟ｲ鬟溷ｺ怜霧讌ｭ",,"131032",,"譚ｱ莠ｬ驛ｽ貂ｯ蛹ｺ襍､蝮ゆｸ我ｸ∫岼�托ｼ咏分�貞捷鬚ｨ髢薙ン繝ｫ�鷹嚴","譚ｱ莠ｬ驛ｽ","貂ｯ蛹ｺ","襍､蝮ゆｸ我ｸ∫岼","�托ｼ咏分�貞捷","鬚ｨ髢薙ン繝ｫ�鷹嚴",,,,,,,,"譛蛾剞莨夂､ｾ縺ｵ縺上＞",,"4貂ｯ縺ｿ逕滄｣溷霧隨ｬ2236蜿ｷ","2023-01-12","2023-01-12","2023-01-12","2030-01-31",,"譁ｰ隕�",,
"131032",,"譚ｱ莠ｬ驛ｽ貂ｯ蛹ｺ","蛟句ｮ､螻��螻九��蟷ｻ",,,"鬟ｲ鬟溷ｺ怜霧讌ｭ",,"131032",,"譚ｱ莠ｬ驛ｽ貂ｯ蛹ｺ襍､蝮ゆｸ我ｸ∫岼�托ｼ咏分�貞捷�｡�ｫ�｡�ｳ�｡�ｫ�｡縲��ｫ�｡�ｺ�｡�ｭ�｡縲��｢�ｵ�ｩ�ｬ�､�ｩ�ｮ�ｧ縲�蝨ｰ荳具ｼ鷹嚴","譚ｱ莠ｬ驛ｽ","貂ｯ蛹ｺ","襍､蝮ゆｸ我ｸ∫岼","�托ｼ咏分�貞捷","�｡�ｫ�｡�ｳ�｡�ｫ�｡縲��ｫ�｡�ｺ�｡�ｭ�｡縲��｢�ｵ�ｩ�ｬ�､�ｩ�ｮ�ｧ縲�蝨ｰ荳具ｼ鷹嚴",,,,,,,,"�ｴ�｡�ｫ�･�ｯ�ｮ�･譬ｪ蠑丈ｼ夂､ｾ",,"5貂ｯ縺ｿ逕滄｣溷霧隨ｬ1948蜿ｷ","2023-10-26","2023-10-26","2023-10-26","2030-10-31",,"譁ｰ隕�",,
"131032",,"譚ｱ莠ｬ驛ｽ貂ｯ蛹ｺ","繧ｵ鬟ｯ繧ｺ繝�",,,"鬟ｲ鬟溷ｺ怜霧讌ｭ",,"131032",,"譚ｱ莠ｬ驛ｽ貂ｯ蛹ｺ襍､蝮ゆｸ我ｸ∫岼�托ｼ咏分�灘捷繧ｻ繝ｳ繝√Η繝ｪ繧ｪ繝ｳ繝帙ユ繝ｫ繧ｰ繝ｩ繝ｳ繝芽ｵ､蝮ゑｼ鷹嚴","譚ｱ莠ｬ驛ｽ","貂ｯ蛹ｺ","襍､蝮ゆｸ我ｸ∫岼","�托ｼ咏分�灘捷","繧ｻ繝ｳ繝√Η繝ｪ繧ｪ繝ｳ繝帙ユ繝ｫ繧ｰ繝ｩ繝ｳ繝芽ｵ､蝮ゑｼ鷹嚴",,,,,,,,"�ｭ�費ｽ擾ｼｭ繧ｫ繝ｳ繝代ル繝ｼ譬ｪ蠑丈ｼ夂､ｾ",,"3貂ｯ縺ｿ逕滄｣溷霧隨ｬ1261蜿ｷ","2021-06-30","2021-06-30","2021-06-30","2027-06-30",,"譁ｰ隕�",,
"131032",,"譚ｱ莠ｬ驛ｽ貂ｯ蛹ｺ","繧ｮ繝･繧ｲ繧ｹ縺ｮ謖�ｼｪ",,,"鬟ｲ鬟溷ｺ怜霧讌ｭ",,"131032",,"譚ｱ莠ｬ驛ｽ貂ｯ蛹ｺ襍､蝮ゆｸ我ｸ∫岼�托ｼ咏分�灘捷荳�繝�惠繝薙Ν蛻･鬢ｨ�ｭ�帝嚴","譚ｱ莠ｬ驛ｽ","貂ｯ蛹ｺ","襍､蝮ゆｸ我ｸ∫岼","�托ｼ咏分�灘捷","荳�繝�惠繝薙Ν蛻･鬢ｨ�ｭ�帝嚴",,,,,,,,"譛蛾剞莨夂､ｾ闢ｬ闔ｱ",,"3貂ｯ縺ｿ逕滄｣溷霧隨ｬ3823蜿ｷ","2022-03-31","2022-03-31","2022-03-31","2029-03-31",,"譁ｰ隕�",,
"131032",,"譚ｱ莠ｬ驛ｽ貂ｯ蛹ｺ","繧ｫ繝ｩ繧ｪ繧ｱ繧ｹ繝翫ャ繧ｯ縲�縺ｮ縺吶￠",,,"鬟ｲ鬟溷ｺ怜霧讌ｭ",,"131032",,"譚ｱ莠ｬ驛ｽ貂ｯ蛹ｺ襍､蝮ゆｸ我ｸ∫岼�托ｼ咏分�伜捷襍､蝮ゅえ繧ｨ繧ｹ繝医ン繝ｫ�費ｼ撰ｼ�","譚ｱ莠ｬ驛ｽ","貂ｯ蛹ｺ","襍､蝮ゆｸ我ｸ∫岼","�托ｼ咏分�伜捷","襍､蝮ゅえ繧ｨ繧ｹ繝医ン繝ｫ�費ｼ撰ｼ�",,,,,,,,"譬ｪ蠑丈ｼ夂､ｾ繝吶せ繝医�繧ｰ繝ｬ繧､繧ｹ",,"6貂ｯ縺ｿ逕滄｣溷霧隨ｬ543蜿ｷ","2024-06-03","2024-06-03","2024-06-03","2030-06-30",,"譁ｰ隕�",,
"131032",,"譚ｱ莠ｬ驛ｽ貂ｯ蛹ｺ","�ｳ�ｷ�･�･�ｴ�ｳ縲��｢�｡�ｲ縲��､�｡�ｮ�ｲ�ｯ",,,"鬟ｲ鬟溷ｺ怜霧讌ｭ",,"131032",,"譚ｱ莠ｬ驛ｽ貂ｯ蛹ｺ襍､蝮ゆｸ我ｸ∫岼�托ｼ咏分�吝捷繧ｪ繝ｬ繝ｳ繧ｸ繝懊ャ繧ｯ繧ｹ繝薙Ν縲��馴嚴縲��｡螳､","譚ｱ莠ｬ驛ｽ","貂ｯ蛹ｺ","襍､蝮ゆｸ我ｸ∫岼","�托ｼ咏分�吝捷","繧ｪ繝ｬ繝ｳ繧ｸ繝懊ャ繧ｯ繧ｹ繝薙Ν縲��馴嚴縲��｡螳､",,,,,,,,"�ｵ�鯉ｽ費ｽ抵ｽ�ｼ疲�ｪ蠑丈ｼ夂､ｾ",,"3貂ｯ縺ｿ逕滄｣溷霧隨ｬ2039蜿ｷ","2021-09-29","2021-09-29","2021-09-29","2028-09-30",,"譁ｰ隕�",,
"131032",,"譚ｱ莠ｬ驛ｽ貂ｯ蛹ｺ","縺ｯ縺ｪ縺ｾ繧九≧縺ｩ繧楢ｵ､蝮ゆｸ�繝�惠騾壹ｊ蠎�",,,"鬟ｲ鬟溷ｺ怜霧讌ｭ",,"131032",,"譚ｱ莠ｬ驛ｽ貂ｯ蛹ｺ襍､蝮ゆｸ我ｸ∫岼�托ｼ咏分�吝捷繧ｪ繝ｬ繝ｳ繧ｸ繝懊ャ繧ｯ繧ｹ繝薙Ν�鷹嚴","譚ｱ莠ｬ驛ｽ","貂ｯ蛹ｺ","襍､蝮ゆｸ我ｸ∫岼","�托ｼ咏分�吝捷","繧ｪ繝ｬ繝ｳ繧ｸ繝懊ャ繧ｯ繧ｹ繝薙Ν�鷹嚴",,,,,,,,"譬ｪ蠑丈ｼ夂､ｾ縺ｯ縺ｪ縺ｾ繧�",,"4貂ｯ縺ｿ逕滄｣溷霧隨ｬ1304蜿ｷ","2022-09-12","2022-09-12","2022-09-12","2029-09-30",,"譁ｰ隕�",,
"131032",,"譚ｱ莠ｬ驛ｽ貂ｯ蛹ｺ","縺ｯ縺ｪ縺ｾ繧九≧縺ｩ繧楢ｵ､蝮ゆｸ�繝�惠騾壹ｊ蠎�",,,"闖灘ｭ占｣ｽ騾�讌ｭ",,"131032",,"譚ｱ莠ｬ驛ｽ貂ｯ蛹ｺ襍､蝮ゆｸ我ｸ∫岼�托ｼ咏分�吝捷繧ｪ繝ｬ繝ｳ繧ｸ繝懊ャ繧ｯ繧ｹ繝薙Ν�鷹嚴","譚ｱ莠ｬ驛ｽ","貂ｯ蛹ｺ","襍､蝮ゆｸ我ｸ∫岼","�托ｼ咏分�吝捷","繧ｪ繝ｬ繝ｳ繧ｸ繝懊ャ繧ｯ繧ｹ繝薙Ν�鷹嚴",,,,,,,,"譬ｪ蠑丈ｼ夂､ｾ縺ｯ縺ｪ縺ｾ繧�",,"4貂ｯ縺ｿ逕滄｣溷霧隨ｬ1305蜿ｷ","2022-09-12","2022-09-12","2022-09-12","2029-09-30",,"譁ｰ隕�",,
"131032",,"譚ｱ莠ｬ驛ｽ貂ｯ蛹ｺ","襍､蝮りｦ矩刋繝舌�繝ｫ繝ｻ繝�Ν繧ｽ繝ｼ繝ｬ",,,"鬟ｲ鬟溷ｺ怜霧讌ｭ",,"131032",,"譚ｱ莠ｬ驛ｽ貂ｯ蛹ｺ襍､蝮ゆｸ我ｸ∫岼�托ｼ咏分�托ｼ仙捷繧｢繝代�繝�Ν襍､蝮りｦ矩刋�鷹嚴","譚ｱ莠ｬ驛ｽ","貂ｯ蛹ｺ","襍､蝮ゆｸ我ｸ∫岼","�托ｼ咏分�托ｼ仙捷","繧｢繝代�繝�Ν襍､蝮りｦ矩刋�鷹嚴",,,,,,,,"譬ｪ蠑丈ｼ夂､ｾ繝輔か繝ｫ繝医ぇ繝ｼ繝�",,"4貂ｯ縺ｿ逕滄｣溷霧隨ｬ2735蜿ｷ","2023-03-07","2023-03-07","2023-03-07","2030-03-31",,"譁ｰ隕�",,
"131032",,"譚ｱ莠ｬ驛ｽ貂ｯ蛹ｺ","隧ｱ鬟滄�豁後ヨ繝ｭ繝ｳ繝医Ο繝ｳ",,,"鬟ｲ鬟溷ｺ怜霧讌ｭ",,"131032",,"譚ｱ莠ｬ驛ｽ貂ｯ蛹ｺ襍､蝮ゆｸ我ｸ∫岼�托ｼ咏分�托ｼ貞捷襍､蝮よ擲譏�ン繝ｫ�秘嚴","譚ｱ莠ｬ驛ｽ","貂ｯ蛹ｺ","襍､蝮ゆｸ我ｸ∫岼","�托ｼ咏分�托ｼ貞捷","襍､蝮よ擲譏�ン繝ｫ�秘嚴",,,,,,,,"譬ｪ蠑丈ｼ夂､ｾ螳ｮ蟠主�ｶ讌ｽ驛ｨ",,"4貂ｯ縺ｿ逕滄｣溷霧隨ｬ9蜿ｷ","2022-04-05","2022-04-05","2022-04-05","2029-04-30",,"譁ｰ隕�",,
"131032",,"譚ｱ莠ｬ驛ｽ貂ｯ蛹ｺ","�ｯ窶呻ｽ�ｽ�ｽ趣ｽゑｽ�ｽ偵��縺�∪縺ｿ縲�襍､蝮�",,,"鬟ｲ鬟溷ｺ怜霧讌ｭ",,"131032",,"譚ｱ莠ｬ驛ｽ貂ｯ蛹ｺ襍､蝮ゆｸ我ｸ∫岼�托ｼ咏分�托ｼ貞捷譚ｱ譏�ン繝ｫ�馴嚴","譚ｱ莠ｬ驛ｽ","貂ｯ蛹ｺ","襍､蝮ゆｸ我ｸ∫岼","�托ｼ咏分�托ｼ貞捷","譚ｱ譏�ン繝ｫ�馴嚴",,,,,,,,"譬ｪ蠑丈ｼ夂､ｾ�ｷ�｡�ｳ",,"5貂ｯ縺ｿ逕滄｣溷霧隨ｬ2822蜿ｷ","2024-01-29","2024-01-29","2024-01-29","2031-01-31",,"譁ｰ隕�",,
"131032",,"譚ｱ莠ｬ驛ｽ貂ｯ蛹ｺ","繧ｫ繝ｩ繧ｪ繧ｱ鬢ｨ襍､蝮りｦ矩刋蠎�",,,"鬟ｲ鬟溷ｺ怜霧讌ｭ",,"131032",,"譚ｱ莠ｬ驛ｽ貂ｯ蛹ｺ襍､蝮ゆｸ我ｸ∫岼�抵ｼ千分�大捷繝ｪ繝ｨ繝ｳ繝薙Ν蝨ｰ荳具ｼ鷹嚴縲�ｼ托ｽ橸ｼ秘嚴","譚ｱ莠ｬ驛ｽ","貂ｯ蛹ｺ","襍､蝮ゆｸ我ｸ∫岼","�抵ｼ千分�大捷","繝ｪ繝ｨ繝ｳ繝薙Ν蝨ｰ荳具ｼ鷹嚴縲�ｼ托ｽ橸ｼ秘嚴",,,,,,,,"譬ｪ蠑丈ｼ夂､ｾ�｢��ｼｶ",,"4貂ｯ縺ｿ逕滄｣溷霧隨ｬ723蜿ｷ","2022-07-05","2022-07-05","2022-07-05","2029-07-31",,"譁ｰ隕�",,
"131032",,"譚ｱ莠ｬ驛ｽ貂ｯ蛹ｺ","�ｯ�｡�ｫ縲��｢�｡�ｲ",,,"鬟ｲ鬟溷ｺ怜霧讌ｭ",,"131032",,"譚ｱ莠ｬ驛ｽ貂ｯ蛹ｺ襍､蝮ゆｸ我ｸ∫岼�抵ｼ千分�門捷蟾晄惠繝薙Ν�帝嚴","譚ｱ莠ｬ驛ｽ","貂ｯ蛹ｺ","襍､蝮ゆｸ我ｸ∫岼","�抵ｼ千分�門捷","蟾晄惠繝薙Ν�帝嚴",,,,,,,,"譬ｪ蠑丈ｼ夂､ｾ�｢�｡�ｲ窶呻ｼｳ",,"4貂ｯ縺ｿ逕滄｣溷霧隨ｬ987蜿ｷ","2022-07-26","2022-07-26","2022-07-26","2028-07-31",,"譁ｰ隕�",,
"131032",,"譚ｱ莠ｬ驛ｽ貂ｯ蛹ｺ","陷�閹ｳ蝮�",,,"鬟ｲ鬟溷ｺ怜霧讌ｭ",,"131032",,"譚ｱ莠ｬ驛ｽ貂ｯ蛹ｺ襍､蝮ゆｸ我ｸ∫岼�抵ｼ千分�伜捷閾ｨ豌ｴ繝薙Ν�帝嚴","譚ｱ莠ｬ驛ｽ","貂ｯ蛹ｺ","襍､蝮ゆｸ我ｸ∫岼","�抵ｼ千分�伜捷","閾ｨ豌ｴ繝薙Ν�帝嚴",,,,,,,,"譛蛾剞莨夂､ｾ繧ｨ繧､繝阪ャ繧ｯ繧ｹ",,"5貂ｯ縺ｿ逕滄｣溷霧隨ｬ2078蜿ｷ","2023-11-15","2023-11-15","2023-11-15","2030-11-30",,"譁ｰ隕�",,
"131032",,"譚ｱ莠ｬ驛ｽ貂ｯ蛹ｺ","繝医Ο謾ｿ",,,"鬟ｲ鬟溷ｺ怜霧讌ｭ",,"131032",,"譚ｱ莠ｬ驛ｽ貂ｯ蛹ｺ襍､蝮ゆｸ我ｸ∫岼�抵ｼ千分�伜捷閾ｨ豌ｴ繝薙Ν�鷹嚴","譚ｱ莠ｬ驛ｽ","貂ｯ蛹ｺ","襍､蝮ゆｸ我ｸ∫岼","�抵ｼ千分�伜捷","閾ｨ豌ｴ繝薙Ν�鷹嚴",,,,,,,,"譬ｪ蠑丈ｼ夂､ｾ繝医Μ繝励Ν繧ｦ繧､",,"5貂ｯ縺ｿ逕滄｣溷霧隨ｬ2897蜿ｷ","2024-02-19","2024-02-19","2024-02-19","2031-02-28",,"譁ｰ隕�",,
"131032",,"譚ｱ莠ｬ驛ｽ貂ｯ蛹ｺ","�｢��ｽ偵���ｫ�√���ｰ�会ｽ鯉ｽ会ｽ趣ｽ�",,,"鬟ｲ鬟溷ｺ怜霧讌ｭ",,"131032",,"譚ｱ莠ｬ驛ｽ貂ｯ蛹ｺ襍､蝮ゆｸ我ｸ∫岼�抵ｼ千分�吝捷蟯ｩ貔､繝薙Ν蝨ｰ荳具ｼ鷹嚴","譚ｱ莠ｬ驛ｽ","貂ｯ蛹ｺ","襍､蝮ゆｸ我ｸ∫岼","�抵ｼ千分�吝捷","蟯ｩ貔､繝薙Ν蝨ｰ荳具ｼ鷹嚴",,,,,,,,"譛蛾剞莨夂､ｾ�ｭ��ｼｲ縺励ｂ縺ｿ繧�",,"3貂ｯ縺ｿ逕滄｣溷霧隨ｬ1225蜿ｷ","2021-06-30","2021-06-30","2021-06-30","2027-06-30",,"譁ｰ隕�",,
"131032",,"譚ｱ莠ｬ驛ｽ貂ｯ蛹ｺ","�ゑｽ�ｽ偵����ｽ鯉ｽ�",,,"鬟ｲ鬟溷ｺ怜霧讌ｭ",,"131032",,"譚ｱ莠ｬ驛ｽ貂ｯ蛹ｺ襍､蝮ゆｸ我ｸ∫岼�抵ｼ千分�吝捷蜊��螻九ン繝ｫ�帝嚴","譚ｱ莠ｬ驛ｽ","貂ｯ蛹ｺ","襍､蝮ゆｸ我ｸ∫岼","�抵ｼ千分�吝捷","蜊��螻九ン繝ｫ�帝嚴",,,,,,,,"繧｢繧､繝��繧ｫ繝ｳ繝代ル繝ｼ譬ｪ蠑丈ｼ夂､ｾ",,"4貂ｯ縺ｿ逕滄｣溷霧隨ｬ636蜿ｷ","2022-06-22","2022-06-22","2022-06-22","2028-06-30",,"譁ｰ隕�",,
"131032",,"譚ｱ莠ｬ驛ｽ貂ｯ蛹ｺ","繧ｨ繧ｯ繧ｻ繝ｫ繧ｷ繧ｪ繝ｼ繝ｫ繧ｫ繝輔ぉ縲��費ｽ茨ｽ����ゅ��襍､蝮りｦ矩刋",,,"鬟ｲ鬟溷ｺ怜霧讌ｭ",,"131032",,"譚ｱ莠ｬ驛ｽ貂ｯ蛹ｺ襍､蝮ゆｸ我ｸ∫岼�抵ｼ醍分�怜捷�費ｽ茨ｽ����ゅ��襍､蝮りｦ矩刋�鷹嚴","譚ｱ莠ｬ驛ｽ","貂ｯ蛹ｺ","襍､蝮ゆｸ我ｸ∫岼","�抵ｼ醍分�怜捷","�費ｽ茨ｽ����ゅ��襍､蝮りｦ矩刋�鷹嚴",,,,,,,,"譬ｪ蠑丈ｼ夂､ｾ繝峨ヨ繝ｼ繝ｫ繧ｳ繝ｼ繝偵�",,"5貂ｯ縺ｿ逕滄｣溷霧隨ｬ2484蜿ｷ","2023-12-14","2023-12-14","2023-12-14","2030-12-31",,"譁ｰ隕�",,
"131032",,"譚ｱ莠ｬ驛ｽ貂ｯ蛹ｺ","螟ｧ陦�し繧ｫ繝千横陟｣繧九��",,,"鬟ｲ鬟溷ｺ怜霧讌ｭ",,"131032",,"譚ｱ莠ｬ驛ｽ貂ｯ蛹ｺ襍､蝮ゆｸ我ｸ∫岼�抵ｼ醍分�伜捷鬮伜柱襍､蝮ゅン繝ｫ蝨ｰ荳具ｼ鷹嚴","譚ｱ莠ｬ驛ｽ","貂ｯ蛹ｺ","襍､蝮ゆｸ我ｸ∫岼","�抵ｼ醍分�伜捷","鬮伜柱襍､蝮ゅン繝ｫ蝨ｰ荳具ｼ鷹嚴",,,,,,,,"譬ｪ蠑丈ｼ夂､ｾ��ｽ難ｽ擾ｽ厄ｽ会ｽ厄ｽ�",,"3貂ｯ縺ｿ逕滄｣溷霧隨ｬ3752蜿ｷ","2022-03-31","2022-03-31","2022-03-31","2029-03-31",,"譁ｰ隕�",,
"131032",,"譚ｱ莠ｬ驛ｽ貂ｯ蛹ｺ","�ｭ�･�｡�ｴ��ｼｧ�ｲ�ｩ�ｬ�ｬ縲��ｭ�｡�ｲ�｣�ｯ",,,"鬟ｲ鬟溷ｺ怜霧讌ｭ",,"131032",,"譚ｱ莠ｬ驛ｽ貂ｯ蛹ｺ襍､蝮ゆｸ我ｸ∫岼�抵ｼ醍分�伜捷鬮伜柱襍､蝮ゅン繝ｫ�帝嚴","譚ｱ莠ｬ驛ｽ","貂ｯ蛹ｺ","襍､蝮ゆｸ我ｸ∫岼","�抵ｼ醍分�伜捷","鬮伜柱襍､蝮ゅン繝ｫ�帝嚴",,,,,,,,"譬ｪ蠑丈ｼ夂､ｾ�ｳ�ｫ�ｧ",,"4貂ｯ縺ｿ逕滄｣溷霧隨ｬ1180蜿ｷ","2022-10-27","2022-10-27","2022-10-27","2029-10-31",,"譁ｰ隕�",,
"131032",,"譚ｱ莠ｬ驛ｽ貂ｯ蛹ｺ","繧｢繝九た繝ｳ繝舌�繧ｮ繝ｫ繝峨��襍､蝮りｦ矩刋蠎�",,,"鬟ｲ鬟溷ｺ怜霧讌ｭ",,"131032",,"譚ｱ莠ｬ驛ｽ貂ｯ蛹ｺ襍､蝮ゆｸ我ｸ∫岼�抵ｼ醍分�伜捷荵�ｿ昴ン繝ｫ蝨ｰ荳具ｼ鷹嚴","譚ｱ莠ｬ驛ｽ","貂ｯ蛹ｺ","襍､蝮ゆｸ我ｸ∫岼","�抵ｼ醍分�伜捷","荵�ｿ昴ン繝ｫ蝨ｰ荳具ｼ鷹嚴",,,,,,,,"譬ｪ蠑丈ｼ夂､ｾ繝ｫ繝溘リ繧ｹ",,"5貂ｯ縺ｿ逕滄｣溷霧隨ｬ58蜿ｷ","2023-04-27","2023-04-27","2023-04-27","2030-04-30",,"譁ｰ隕�",,
"131032",,"譚ｱ莠ｬ驛ｽ貂ｯ蛹ｺ","�茨ｽ�ｽ具ｽゑｽ�",,,"鬟ｲ鬟溷ｺ怜霧讌ｭ",,"131032",,"譚ｱ莠ｬ驛ｽ貂ｯ蛹ｺ襍､蝮ゆｸ我ｸ∫岼�抵ｼ醍分�伜捷荵�ｿ昴ン繝ｫ�暮嚴","譚ｱ莠ｬ驛ｽ","貂ｯ蛹ｺ","襍､蝮ゆｸ我ｸ∫岼","�抵ｼ醍分�伜捷","荵�ｿ昴ン繝ｫ�暮嚴",,,,,,,,"蜷亥酔莨夂､ｾ繝壹Φ繧ｮ繝ｳ",,"5貂ｯ縺ｿ逕滄｣溷霧隨ｬ1539蜿ｷ","2023-10-05","2023-10-05","2023-10-05","2030-10-31",,"譁ｰ隕�",,
"131032",,"譚ｱ莠ｬ驛ｽ貂ｯ蛹ｺ","縺ｾ縺懊◎縺ｰ縲�縺斐■鮗ｺ縲�襍､蝮りｦ矩刋蠎�",,,"鬟ｲ鬟溷ｺ怜霧讌ｭ",,"131032",,"譚ｱ莠ｬ驛ｽ貂ｯ蛹ｺ襍､蝮ゆｸ我ｸ∫岼�抵ｼ醍分�伜捷荵�ｿ昴ン繝ｫ�鷹嚴","譚ｱ莠ｬ驛ｽ","貂ｯ蛹ｺ","襍､蝮ゆｸ我ｸ∫岼","�抵ｼ醍分�伜捷","荵�ｿ昴ン繝ｫ�鷹嚴",,,,,,,,"譬ｪ蠑丈ｼ夂､ｾ��ｽ�ｽ費ｽ擾ｽ撰ｽ会ｽ�",,"5貂ｯ縺ｿ逕滄｣溷霧隨ｬ2371蜿ｷ","2023-12-21","2023-12-21","2023-12-21","2030-12-31",,"譁ｰ隕�",,
"131032",,"譚ｱ莠ｬ驛ｽ貂ｯ蛹ｺ","逾樊虻迚幢ｼ包ｼ托ｼ�",,,"鬟ｲ鬟溷ｺ怜霧讌ｭ",,"131032",,"譚ｱ莠ｬ驛ｽ貂ｯ蛹ｺ襍､蝮ゆｸ我ｸ∫岼�抵ｼ醍分�伜捷荵�ｿ昴ン繝ｫ�秘嚴","譚ｱ莠ｬ驛ｽ","貂ｯ蛹ｺ","襍､蝮ゆｸ我ｸ∫岼","�抵ｼ醍分�伜捷","荵�ｿ昴ン繝ｫ�秘嚴",,,,,,,,"譬ｪ蠑丈ｼ夂､ｾ繧ｪ繝ｼ繧ｺ繝��繝悶Ν",,"5貂ｯ縺ｿ逕滄｣溷霧隨ｬ2383蜿ｷ","2023-12-08","2023-12-08","2023-12-08","2030-12-31",,"譁ｰ隕�",,
"131032",,"譚ｱ莠ｬ驛ｽ貂ｯ蛹ｺ","轤ｭ轣ｫ縺励ｃ縺ｶ縺励ｃ縺ｶ縲�鬮伜ｶｺ縺ｮ雎�",,,"鬟ｲ鬟溷ｺ怜霧讌ｭ",,"131032",,"譚ｱ莠ｬ驛ｽ貂ｯ蛹ｺ襍､蝮ゆｸ我ｸ∫岼�抵ｼ醍分�托ｼ仙捷襍､蝮る搗譏惹ｼ夐､ｨ�秘嚴�｡","譚ｱ莠ｬ驛ｽ","貂ｯ蛹ｺ","襍､蝮ゆｸ我ｸ∫岼","�抵ｼ醍分�托ｼ仙捷","襍､蝮る搗譏惹ｼ夐､ｨ�秘嚴�｡",,,,,,,,"譬ｪ蠑丈ｼ夂､ｾ繝ｯ繝ｳ",,"4貂ｯ縺ｿ逕滄｣溷霧隨ｬ1679蜿ｷ","2022-11-16","2022-11-16","2022-11-16","2028-11-30",,"譁ｰ隕�",,
"131032",,"譚ｱ莠ｬ驛ｽ貂ｯ蛹ｺ","�｢��ｽ偵���｡�難ｽ難ｽ�ｽ搾ｽゑｽ鯉ｽ�ｽ�",,,"鬟ｲ鬟溷ｺ怜霧讌ｭ",,"131032",,"譚ｱ莠ｬ驛ｽ貂ｯ蛹ｺ襍､蝮ゆｸ我ｸ∫岼�抵ｼ醍分�托ｼ泌捷�ｴ�ｳ蜈ｱ蜥悟�逡ｪ鬢ｨ�包ｼｦ","譚ｱ莠ｬ驛ｽ","貂ｯ蛹ｺ","襍､蝮ゆｸ我ｸ∫岼","�抵ｼ醍分�托ｼ泌捷","�ｴ�ｳ蜈ｱ蜥悟�逡ｪ鬢ｨ�包ｼｦ",,,,,,,,"譬ｪ蠑丈ｼ夂､ｾ�ｲ��ｽ趣ｽ�ｽ擾ｽ趣ｽ費ｽ抵ｽ�",,"4貂ｯ縺ｿ逕滄｣溷霧隨ｬ450蜿ｷ","2022-06-08","2022-06-08","2022-06-08","2029-06-30",,"譁ｰ隕�",,
"131032",,"譚ｱ莠ｬ驛ｽ貂ｯ蛹ｺ","鬢�ｭ舌�邇句ｰ���繧ｸ繝ｧ繧､繝ｻ繝翫�繝幄ｵ､蝮りｦ矩刋蠎�",,,"鬟ｲ鬟溷ｺ怜霧讌ｭ",,"131032",,"譚ｱ莠ｬ驛ｽ貂ｯ蛹ｺ襍､蝮ゆｸ我ｸ∫岼�抵ｼ醍分�托ｼ募捷譚ｱ驛ｽ襍､蝮ゅン繝ｫ�鷹嚴","譚ｱ莠ｬ驛ｽ","貂ｯ蛹ｺ","襍､蝮ゆｸ我ｸ∫岼","�抵ｼ醍分�托ｼ募捷","譚ｱ驛ｽ襍､蝮ゅン繝ｫ�鷹嚴",,,,,,,,"譬ｪ蠑丈ｼ夂､ｾ邇句ｰ�ヵ繝ｼ繝峨し繝ｼ繝薙せ",,"6貂ｯ縺ｿ逕滄｣溷霧隨ｬ444蜿ｷ","2024-05-22","2024-05-22","2024-05-22","2031-05-31",,"譁ｰ隕�",,
"131032",,"譚ｱ莠ｬ驛ｽ貂ｯ蛹ｺ","辟ｼ閧峨こ繝翫Μ",,,"鬟ｲ鬟溷ｺ怜霧讌ｭ",,"131032",,"譚ｱ莠ｬ驛ｽ貂ｯ蛹ｺ襍､蝮ょ屁荳∫岼�醍分�貞捷繧ｷ繝ｳ繝医Α襍､蝮ゆｸ�繝�惠繝薙Ν�帝嚴","譚ｱ莠ｬ驛ｽ","貂ｯ蛹ｺ","襍､蝮ょ屁荳∫岼","�醍分�貞捷","繧ｷ繝ｳ繝医Α襍､蝮ゆｸ�繝�惠繝薙Ν�帝嚴",,,,,,,,"譚ｱ譏取�ｪ蠑丈ｼ夂､ｾ",,"4貂ｯ縺ｿ逕滄｣溷霧隨ｬ1913蜿ｷ","2022-11-22","2022-11-22","2022-11-22","2028-11-30",,"譁ｰ隕�",,
"131032",,"譚ｱ莠ｬ驛ｽ貂ｯ蛹ｺ","蝗ｽ髫帛現逋らｦ冗･牙､ｧ蟄ｦ譚ｱ莠ｬ襍､蝮ゅく繝｣繝ｳ繝代せ�帝嚴繧ｫ繝輔ぉ繝�Μ繧｢",,,"鬟ｲ鬟溷ｺ怜霧讌ｭ",,"131032",,"譚ｱ莠ｬ驛ｽ貂ｯ蛹ｺ襍､蝮ょ屁荳∫岼�醍分�抵ｼ門捷","譚ｱ莠ｬ驛ｽ","貂ｯ蛹ｺ","襍､蝮ょ屁荳∫岼","�醍分�抵ｼ門捷",,,,,,,,,"譬ｪ蠑丈ｼ夂､ｾ繧｢繧､繧ｨ繧､繝√ム繝悶Μ繝･繧ｵ繝ｼ繝薙せ",,"3貂ｯ縺ｿ逕滄｣溷霧隨ｬ1274蜿ｷ","2021-06-30","2021-06-30","2021-06-30","2028-06-30",,"譁ｰ隕�",,
"131032",,"譚ｱ莠ｬ驛ｽ貂ｯ蛹ｺ","蝗ｽ髫帛現逋らｦ冗･牙､ｧ蟄ｦ譚ｱ莠ｬ襍､蝮ゅく繝｣繝ｳ繝代せ�帝嚴繝ｬ繧ｹ繝医Λ繝ｳ繧ｪ繝ｼ繝�",,,"鬟ｲ鬟溷ｺ怜霧讌ｭ",,"131032",,"譚ｱ莠ｬ驛ｽ貂ｯ蛹ｺ襍､蝮ょ屁荳∫岼�醍分�抵ｼ門捷","譚ｱ莠ｬ驛ｽ","貂ｯ蛹ｺ","襍､蝮ょ屁荳∫岼","�醍分�抵ｼ門捷",,,,,,,,,"譬ｪ蠑丈ｼ夂､ｾ繧｢繧､繧ｨ繧､繝√ム繝悶Μ繝･繧ｵ繝ｼ繝薙せ",,"3貂ｯ縺ｿ逕滄｣溷霧隨ｬ1275蜿ｷ","2021-06-30","2021-06-30","2021-06-30","2028-06-30",,"譁ｰ隕�",,
"131032",,"譚ｱ莠ｬ驛ｽ貂ｯ蛹ｺ","繝ｭ繝ｼ繧ｽ繝ｳ襍､蝮ょ屁荳∫岼蠎�",,,"鬟ｲ鬟溷ｺ怜霧讌ｭ",,"131032",,"譚ｱ莠ｬ驛ｽ貂ｯ蛹ｺ襍､蝮ょ屁荳∫岼�醍分�抵ｼ吝捷襍､蝮りｵ､闖ｱ繝薙Ν�鷹嚴","譚ｱ莠ｬ驛ｽ","貂ｯ蛹ｺ","襍､蝮ょ屁荳∫岼","�醍分�抵ｼ吝捷","襍､蝮りｵ､闖ｱ繝薙Ν�鷹嚴",,,,,,,,"蜷亥酔莨夂､ｾ蟆乗棊",,"4貂ｯ縺ｿ逕滄｣溷霧隨ｬ1069蜿ｷ","2022-08-09","2022-08-09","2022-08-09","2029-08-31",,"譁ｰ隕�",,
"131032",,"譚ｱ莠ｬ驛ｽ貂ｯ蛹ｺ","縺ｿ縺壹⊇驫�陦瑚ｵ､蝮よ髪蠎励��鬟溷��",,,"鬟ｲ鬟溷ｺ怜霧讌ｭ",,"131032",,"譚ｱ莠ｬ驛ｽ貂ｯ蛹ｺ襍､蝮ょ屁荳∫岼�醍分�難ｼ灘捷�馴嚴","譚ｱ莠ｬ驛ｽ","貂ｯ蛹ｺ","襍､蝮ょ屁荳∫岼","�醍分�難ｼ灘捷","�馴嚴",,,,,,,,"譬�､企｣滓�ｪ蠑丈ｼ夂､ｾ",,"5貂ｯ縺ｿ逕滄｣溷霧隨ｬ2759蜿ｷ","2024-02-15","2024-02-15","2024-02-15","2031-02-28",,"譁ｰ隕�",,
"131032",,"譚ｱ莠ｬ驛ｽ貂ｯ蛹ｺ","蜈ｭ豕｢鄒�",,,"鬟ｲ鬟溷ｺ怜霧讌ｭ",,"131032",,"譚ｱ莠ｬ驛ｽ貂ｯ蛹ｺ襍､蝮ょ屁荳∫岼�堤分�貞捷襍､蝮ゑｼ､�ｮ繝励Λ繧ｶ繝薙Ν蝨ｰ荳具ｼ鷹嚴","譚ｱ莠ｬ驛ｽ","貂ｯ蛹ｺ","襍､蝮ょ屁荳∫岼","�堤分�貞捷","襍､蝮ゑｼ､�ｮ繝励Λ繧ｶ繝薙Ν蝨ｰ荳具ｼ鷹嚴",,,,,,,,"譛蛾剞莨夂､ｾ蜈ｭ豕｢鄒�",,"3貂ｯ縺ｿ逕滄｣溷霧隨ｬ3515蜿ｷ","2022-03-09","2022-03-09","2022-03-09","2029-03-31",,"譁ｰ隕�",,
"131032",,"譚ｱ莠ｬ驛ｽ貂ｯ蛹ｺ","蜑咲伐鬟溷��",,,"鬟ｲ鬟溷ｺ怜霧讌ｭ",,"131032",,"譚ｱ莠ｬ驛ｽ貂ｯ蛹ｺ襍､蝮ょ屁荳∫岼�堤分�貞捷襍､蝮ゑｼ､�ｮ繝励Λ繧ｶ繝薙Ν�托ｼ撰ｼ�","譚ｱ莠ｬ驛ｽ","貂ｯ蛹ｺ","襍､蝮ょ屁荳∫岼","�堤分�貞捷","襍､蝮ゑｼ､�ｮ繝励Λ繧ｶ繝薙Ν�托ｼ撰ｼ�",,,,,,,,"譬ｪ蠑丈ｼ夂､ｾ�･�夲ｽ鞘�撰ｼｰ�鯉ｽ�ｽ�",,"4貂ｯ縺ｿ逕滄｣溷霧隨ｬ1559蜿ｷ","2022-11-02","2022-11-02","2022-11-02","2029-11-30",,"譁ｰ隕�",,
"131032",,"譚ｱ莠ｬ驛ｽ貂ｯ蛹ｺ","魑･雋ｴ譌上��襍､蝮ゆｸ�繝�惠騾壹ｊ蠎�",,,"鬟ｲ鬟溷ｺ怜霧讌ｭ",,"131032",,"譚ｱ莠ｬ驛ｽ貂ｯ蛹ｺ襍､蝮ょ屁荳∫岼�堤分�貞捷襍､蝮ゑｼ､�ｮ繝励Λ繧ｶ繝薙Ν�馴嚴�難ｼ撰ｼ大捷螳､","譚ｱ莠ｬ驛ｽ","貂ｯ蛹ｺ","襍､蝮ょ屁荳∫岼","�堤分�貞捷","襍､蝮ゑｼ､�ｮ繝励Λ繧ｶ繝薙Ν�馴嚴�難ｼ撰ｼ大捷螳､",,,,,,,,"譬ｪ蠑丈ｼ夂､ｾ魑･雋ｴ譌�",,"5貂ｯ縺ｿ逕滄｣溷霧隨ｬ1207蜿ｷ","2023-08-22","2023-08-22","2023-08-22","2030-08-31",,"譁ｰ隕�",,
"131032",,"譚ｱ莠ｬ驛ｽ貂ｯ蛹ｺ","�ｬ�√���ｶ�擾ｽ�ｽ包ｽ�",,,"鬟ｲ鬟溷ｺ怜霧讌ｭ",