﻿総平均・大類別/類別/品目数/ウエイト,西暦（年）,月,総平均,総平均/対前年(月)比（％）,総平均/対前年同月比（％）,工業製品,工業製品/飲食料品注2),工業製品/繊維製品,工業製品/木材・木製品注2),工業製品/パルプ・紙・同製品,工業製品/化学製品,工業製品/石油・石炭製品,工業製品/プラスチック製品,工業製品/窯業・土石製品,工業製品/鉄鋼,工業製品/非鉄金属,工業製品/金属製品,工業製品/はん用機器,工業製品/生産用機器,工業製品/業務用機器,工業製品/電子部品・デバイス,工業製品/電気機器,工業製品/情報通信機器,工業製品/輸送用機器,工業製品/その他工業製品,農林水産物,鉱産物,電力都市ガス水道,スクラップ類,（参考）輸出物価指数,（参考）輸入物価指数
品目数,,,746,,,703,109,31,15,30,111,12,19,37,37,23,36,30,31,18,23,50,17,24,50,24,6,9,4,209,258
ウエイト,,,1000,- ,- ,888.3,141.6,9.6,9.2,27.7,89.2,59.5,38.2,23.3,51.7,27.1,40,27.2,41.1,16.2,24.5,52.7,20.8,140.7,48,35.8,3.9,67.1,4.9,1000,1000
平成25年平均,2013,,99.2,1.2,- ,99.4,95.9,95,94.1,96.2,104.9,123.9,97,95.9,98.8,95.4,94,94.4,96.7,97.1,103.1,98.6,100.6,97.1,96.8,100.1,91.9,93.6,127.5,95.7,108.1
平成26年平均,2014,,102.4,3.2,- ,102.3,98.4,98.7,101.5,98.6,107.3,131.1,100.5,98.4,103.6,99.6,98.6,98.1,99.2,99.4,101.4,100.1,100.3,98.9,99.2,100.1,99.1,102.9,128.6,98.8,112.7
平成27年平均,2015,,100,-2.3,- ,100,100,100,100,100,100,100,100,100,100,100,100,100,100,100,100,100,100,100,100,100,100,100,100,100,100
平成28年平均,2016,,96.5,-3.5,- ,97,100.1,99.6,100.7,99.5,92.9,83.6,97,99.6,94.1,87.1,99.8,100.3,100.4,101.6,96.8,97.5,99.4,99.2,100,102.5,94.2,87.2,91.4,90.7,83.6
平成29年平均,2017,,98.7,2.3,- ,98.9,99.9,99.6,102.8,99.6,95.1,98.9,96,99.7,102.9,98.1,101.3,100,100.1,102,97.9,95.5,97.9,98.7,100.2,107.6,94.3,90.7,120.2,95.5,92.7
平成25年度平均,2013,,99.7,1.8,- ,99.8,96.1,95.7,97,96.4,105.5,126,97.3,96.1,100.2,95.6,94.8,94.7,96.8,97,102.4,98.3,99.6,97,96.7,100.1,93,96.2,129.4,96.7,110.2
平成26年度平均,2014,,102.5,2.8,- ,102.3,99.2,99.6,101.9,99.3,106,123.9,101.4,99.4,103.8,101.2,99.4,99.3,99.8,100.3,101.5,100.5,100.6,99.7,100,99.8,101.3,104.9,123.3,99.4,110.2
平成27年度平均,2015,,99.1,-3.3,- ,99.2,100.2,100.1,99.9,100.1,98.6,94.2,99.3,100,98,96.4,100.1,100.2,100.2,100,99.1,99.8,100.1,100,100,100.8,98.6,96.6,93.1,98.1,95.5
平成28年度平均,2016,,96.7,-2.4,- ,97.3,100,99.4,100.9,99.2,92.8,88.9,96.4,99.5,95.4,88.8,99.9,100.1,100.1,102,96.9,96.6,99,98.9,100,103.6,93.2,85.8,99.4,91.3,85.4
平成29年度平均,2017,,99.3,2.7,- ,99.4,100,100,103.6,100.2,95.7,101.4,96,99.9,104.5,100.1,102,100.1,100.3,102,98,95.4,97.6,98.8,100.3,108.5,94.9,92.3,126.6,95.6,93.6
平成29年10月,2017,10,99.4,0.4,3.5,99.4,99.8,100.5,103.8,100.7,95.5,101.2,96,99.9,104.4,102.8,102.1,100.3,100.5,101.9,98.4,95.3,97.6,98.8,100.2,109.6,94.8,91.9,127.1,97.2,94.3
平成29年11月,2017,11,99.8,0.4,3.5,99.8,99.9,100.4,104,100.8,95.8,105.4,95.8,99.9,104.7,103.5,102.2,100.2,100.2,102.4,98.5,95.2,97.5,98.8,100.2,112.4,94.9,91.5,133.5,97.4,95.3
平成29年12月,2017,12,100,0.2,3,100,100,100.3,104.3,101,96.2,106.8,95.7,99.9,105.1,103.3,102.4,100.3,100.6,102.2,98.5,95.1,97.5,98.7,100.4,113.1,95,91.1,138.4,97.7,97.1
平成30年1月,2018,1,100.3,0.3,2.7,100.4,99.9,99.6,104.7,101,97.4,110.6,95.8,100.1,105.9,104.9,102.8,100.5,100,101.8,98.3,95.3,97.4,98.7,100.4,108.7,95.1,91.4,141.4,97.1,96.7
平成30年2月,2018,2,100.3,0,2.5,100.4,100,100.2,105.1,101.4,97.8,109.9,96,100.3,106.2,104,102.8,100.4,99.8,102.6,97.8,94.7,97.1,98.6,100.5,109.3,95.6,91.8,139.6,96.1,96.6
平成30年3月,2018,3,100.2,-0.1,2,100.2,100.1,100.7,105.5,101.3,97.6,108,96.3,100.2,106.7,101.9,102.7,100,100.2,102.8,97.8,94.8,96.9,98.6,100.3,109,96.4,92.7,140.3,95.2,94.9
平成30年4月,2018,4,100.5,0.3,2,100.5,100.5,100.7,105.7,101.8,95.8,110.1,96.7,101.1,107.5,102.6,103.5,100.1,100.6,101.6,98.3,95.6,96.7,98.5,100.4,108.8,97,93.7,132.7,95.5,96.1
平成30年5月,2018,5,101,0.5,2.6,100.9,100.2,100.8,105.6,101.8,96.8,115,96.8,101.1,107.9,103.7,103.4,100.4,101.2,102.1,98.1,95.1,96.6,98.4,100.4,110.1,97.8,95.1,134.8,96.9,98.9
平成30年6月,2018,6,101.3,0.3,2.8,101.2,100.5,100.9,105.8,101.8,97.3,117.4,97,100.9,108.1,104.8,103.8,100.6,100.8,102.3,97.8,95,96.6,98.4,100.1,109.7,97.7,95.6,137.6,97,100.8
平成30年7月,2018,7,101.7,0.4,3,101.4,100.7,100.7,105.5,102,98.1,119.1,97.4,101.1,108.2,101.6,104,100.7,100.9,102.5,97.8,95.1,97.1,98.4,100.3,111.6,97.8,98.7,136,97.4,101.7
平成30年8月,2018,8,101.7,0,3,101.3,100.7,101,105.3,102,98.7,118.4,97.3,101.6,108.1,99.2,104.3,100.5,101,101.9,97.8,94.8,96.7,98.4,100.2,111.3,98.3,99.5,138,97,101.1
平成30年9月,2018,9,102,0.3,3,101.5,100.8,101.4,105.2,102.1,98.9,121.1,97.4,102.1,109,98.7,104.8,100.3,100,101,97.5,94.6,96.3,98.4,100.5,110.6,98.9,100.4,140.4,97.5,101.7
平成30年10月注1),2018,10,102.3,0.3,2.9,102.1,100.7,101.7,105.1,102.1,99,127,97.7,102.3,109.3,99.7,105,100.5,100.4,101.1,97.7,95.3,96.7,98.5,100.5,109.5,98.9,97.8,142.7,98.1,103.3
前月比(%),,,0.3,-,-,0.6,-0.1,0.3,-0.1,0,0.1,4.9,0.3,0.2,0.3,1,0.2,0.2,0.4,0.1,0.2,0.7,0.4,0.1,0,-1,0,-2.6,1.6,0.6,1.6
前年同月比(%),,,2.9,-,-,2.7,0.9,1.2,1.3,1.4,3.7,25.5,1.8,2.4,4.7,-3,2.8,0.2,-0.1,-0.8,-0.7,0,-0.9,-0.3,0.3,-0.1,4.3,6.4,12.3,0.9,9.5
,,,,,,,,,,,,,,,,,,,,,,,,,,,,,,,
東京の物価／平成30年11月,,,,,,,,,,,,,,,,,,,,,,,,,,,,,,,
参考表４　国内企業物価指数〔総平均・大類別・類別指数〕,,,,,,,,,,,,,,,,,,,,,,,,,,,,,,,
資料　日本銀行調査統計局,,,,,,,,,,,,,,,,,,,,,,,,,,,,,,,
注1)  最新月の数値は速報値のため、後日訂正される場合がある。,,,,,,,,,,,,,,,,,,,,,,,,,,,,,,,
注2)　2015年（平成27年）基準から、従来の「食料品・飲料・たばこ・飼料」の名称を「飲食料品」に、「製材・木製品」の名称を「木材・木製品」に、それぞれ変更している。,,,,,,,,,,,,,,,,,,,,,,,,,,,,,,,
,,,,,,　,,,,,,,,,,,,,,,,,,,,,,,,,
