階層,類・品目符号,含類総連番,品目,ウエイト(生鮮食品),ウエイト,2022年10月,2023年5月,2023年6月,2023年7月,2023年8月,2023年9月,2023年10月,2023年10月/変化率（％）/前月比,2023年10月/変化率（％）/前年同月比
0,1,1,総合,,10000,103.5,105.1,105.1,105.5,105.6,105.8,106.8,1,3.3
1,2,2,食料,,2529,106.7,111.9,111.9,113,113,114.6,116,1.2,8.7
3,3,3,食料／穀類,,182,107.9,111.2,111.9,114.7,115.1,115.9,116,0.1,7.6
5,4,4,食料／穀類／米類,,48,94.6,96.9,96.2,97.3,96.8,97.1,99.1,2,4.7
6,1001,5,食料／穀類／米類／うるち米Ａ,,18,94.1,93.6,94.1,94.3,96.1,95.2,97.5,2.4,3.6
6,1002,6,食料／穀類／米類／うるち米Ｂ,,31,95,98.9,97.5,99,97.1,98.3,99.9,1.7,5.3
5,5,7,食料／穀類／パン,,79,114.4,117.7,116.9,122.6,124.2,124.8,124.1,-0.6,8.5
6,1021,8,食料／穀類／パン／食パン,,31,112.6,113.9,113.8,120.2,119.8,119.7,119.1,-0.5,5.8
6,1022,9,食料／穀類／パン／あんパン,,33,116.6,123.1,121.6,126.7,130.4,131.4,129.8,-1.2,11.3
6,1023,10,食料／穀類／パン／カレーパン,,16,113.2,114.1,113.6,118.9,120.1,121.3,122.1,0.6,7.9
5,6,11,食料／穀類／麺類,,41,110.5,116.2,121,120.8,120.2,122,121.5,-0.4,10
6,1031,12,食料／穀類／麺類／ゆでうどん,,7,111.1,123.5,124.2,123.8,124.9,124.1,124.5,0.3,12.1
6,1041,13,食料／穀類／麺類／そうめん,,5,100.8,110.4,107.3,106.5,107,109.5,114.3,4.4,13.4
6,1042,14,食料／穀類／麺類／スパゲッティ,,4,123,117,120.8,116.9,121.9,117.4,115.1,-2,-6.4
6,1051,15,食料／穀類／麺類／カップ麺,,14,111.3,109.4,125.1,125.8,122.6,127.3,124.2,-2.5,11.6
6,1052,16,食料／穀類／麺類／中華麺,,11,109.6,122.7,120.5,120.5,119.8,121.5,122,0.3,11.3
5,7,17,食料／穀類／他の穀類,,13,108.9,109,110.7,112,112.3,112,112.2,0.1,3.1
6,1071,18,食料／穀類／他の穀類／小麦粉,,2,126,123.3,123.9,126.7,129.3,130.2,129.9,-0.2,3.1
6,1081,19,食料／穀類／他の穀類／もち,,6,99.5,97.9,101.5,102.7,101.5,106,107.9,1.7,8.4
6,1090,20,食料／穀類／他の穀類／シリアル,,5,113.6,117.5,117.2,117.7,118.9,111.8,109.9,-1.7,-3.3
3,8,21,食料／魚介類,,175,119.7,126.1,126.9,128.5,128.7,129.3,131,1.3,9.5
5,9,22,食料／魚介類／生鮮魚介,,102,124.8,127.5,127.9,129.3,129.7,130.3,133,2,6.6
6,1101,23,食料／魚介類／生鮮魚介／まぐろ,25,27,127.1,122.2,123.4,122.2,123.2,120.4,119.2,-1,-6.3
6,1102,24,食料／魚介類／生鮮魚介／あじ,4,4,103.8,121.9,118.2,135.8,117.3,111.3,128,15,23.3
6,1103,25,食料／魚介類／生鮮魚介／いわし,1,1,132.7,112,108.3,128.6,122.4,128.4,122.1,-4.9,-8
6,1104,26,食料／魚介類／生鮮魚介／かつお,4,5,112.3,125.6,129.2,128.1,130.6,126,129,2.4,14.8
6,1106,27,食料／魚介類／生鮮魚介／さけ,20,17,131.3,142.7,143.3,139,143,143.7,141.1,-1.8,7.5
6,1107,28,食料／魚介類／生鮮魚介／さば,2,2,113.5,127.2,109.8,119.2,112.2,114.7,125,9,10.1
6,1108,29,食料／魚介類／生鮮魚介／さんま,6,2,127.4,115.8,111.6,110.8,136.2,153.5,178.8,16.5,40.3
6,1110,30,食料／魚介類／生鮮魚介／たい,4,3,109.5,115.2,115.5,115.2,114.9,113.5,111.6,-1.6,2
6,1111,31,食料／魚介類／生鮮魚介／ぶり,10,10,133.5,132.1,129.5,131.9,130.7,127.9,137.3,7.4,2.9
6,1112,32,食料／魚介類／生鮮魚介／いか,5,6,129.5,143.5,145,155.1,166.1,156.4,163.3,4.4,26.1
6,1113,33,食料／魚介類／生鮮魚介／たこ,5,5,129,136.6,133.6,134.2,133.8,137.1,138.3,0.8,7.2
6,1114,34,食料／魚介類／生鮮魚介／えび,8,9,104.7,104.7,103.8,101.5,107.4,109.3,104.8,-4.1,0.1
6,1131,35,食料／魚介類／生鮮魚介／あさり,3,3,153.5,142.5,148.1,160.6,155.1,164,162.7,-0.8,6
6,1132,36,食料／魚介類／生鮮魚介／かき（貝）,2,2,114.5,…,…,…,…,…,136.2,- ,19
6,1133,37,食料／魚介類／生鮮魚介／ほたて貝,3,3,118.9,120.3,130.7,124,126.4,133.9,132.6,-1,11.6
5,10,38,食料／魚介類／塩干魚介,,31,110.5,122.6,123.9,124.9,124.7,125.4,125,-0.3,13.2
6,1141,39,食料／魚介類／塩干魚介／塩さけ,,7,119.7,127.2,129.7,130.2,129.2,132.9,128.5,-3.3,7.3
6,1142,40,食料／魚介類／塩干魚介／たらこ,,8,112.4,122.3,124.5,122.7,123,123.2,121.8,-1.1,8.4
6,1143,41,食料／魚介類／塩干魚介／しらす干し,,7,96.7,119.6,121.2,123.7,123.8,124.2,127.5,2.6,31.8
6,1144,42,食料／魚介類／塩干魚介／干しあじ,,3,105.9,117.4,116.9,122.7,121.4,123.6,123.3,-0.2,16.5
6,1146,43,食料／魚介類／塩干魚介／煮干し,,1,102.6,109.1,109.7,114.1,117.4,121.8,129.2,6.1,25.9
6,1150,44,食料／魚介類／塩干魚介／ししゃも,,1,109.2,118.7,117.4,116.6,117.5,117.2,115.3,-1.6,5.6
6,1167,45,食料／魚介類／塩干魚介／いくら,,3,126.1,133.3,131.8,131.8,130.7,122.7,122.9,0.2,-2.5
5,11,46,食料／魚介類／魚肉練製品,,17,115.6,125.7,125.9,126,124.3,125.2,125.3,0.1,8.4
6,1151,47,食料／魚介類／魚肉練製品／揚げかまぼこ,,5,119.3,128.2,131.9,131,127.1,129,128.3,-0.5,7.6
6,1152,48,食料／魚介類／魚肉練製品／ちくわ,,3,109.8,123,122.1,121.7,119.5,119.7,121.4,1.4,10.5
6,1153,49,食料／魚介類／魚肉練製品／かまぼこ,,8,115.6,125.1,123.5,124.4,124.4,125,125,0,8.2
5,12,50,食料／魚介類／他の魚介加工品,,26,113.2,124.6,127.2,131,132.4,132.6,134,1.1,18.4
6,1161,51,食料／魚介類／他の魚介加工品／かつお節,,3,96,101.3,102.1,147.8,151.8,151,148,-2,54.1
6,1165,52,食料／魚介類／他の魚介加工品／魚介漬物,,11,129.3,137.9,139.5,138.7,141.2,143,144.2,0.8,11.5
6,1166,53,食料／魚介類／他の魚介加工品／魚介つくだ煮,,3,103.3,108,108.5,108.7,111.6,111.5,112.4,0.8,8.8
6,1173,54,食料／魚介類／他の魚介加工品／魚介缶詰,,9,103.2,121.5,126.3,124.6,123.6,122.3,125.5,2.6,21.7
3,13,55,食料／肉類,,221,105.9,109.8,109,109.7,109.8,110.3,111,0.7,4.8
5,14,56,食料／肉類／生鮮肉,,180,106.2,110.8,109.8,110.6,110.8,111.1,112.6,1.3,6
6,1201,57,食料／肉類／生鮮肉／牛肉（国産品）,,37,100.9,103.7,99.8,102.1,104.5,103.1,103.7,0.6,2.8
6,1203,58,食料／肉類／生鮮肉／牛肉（輸入品）,,25,116.9,124.6,125.4,123.2,123,121.8,124.6,2.3,6.6
6,1211,59,食料／肉類／生鮮肉／豚肉（国産品）,,48,105.9,109.7,110.6,110.6,110.4,113.4,115.3,1.6,8.9
6,1214,60,食料／肉類／生鮮肉／豚肉（輸入品）,,32,107.8,107.5,105,107.8,107.4,107.9,108.9,0.9,1
6,1221,61,食料／肉類／生鮮肉／鶏肉,,38,103.6,112.7,112.4,112.9,112.3,111.8,113.1,1.1,9.1
5,15,62,食料／肉類／加工肉,,41,104.6,105.7,105.3,105.8,105.3,106.5,104.2,-2.2,-0.4
6,1252,63,食料／肉類／加工肉／ハム,,13,104.7,105.7,105.2,106.4,105.1,106.2,106.9,0.7,2.1
6,1261,64,食料／肉類／加工肉／ソーセージ,,16,107.9,108.9,108.3,107.7,107.6,109.4,102.9,-5.9,-4.6
6,1271,65,食料／肉類／加工肉／ベーコン,,7,105.1,105.9,105.3,106.7,105.9,106.9,106.9,0,1.7
6,1292,66,食料／肉類／加工肉／味付け肉,,4,91.4,93.7,94.9,95.8,96.2,96.6,96.5,-0.2,5.5
3,16,67,食料／乳卵類,,117,102.9,117.5,118.5,118.8,122.3,122.9,123.1,0.1,19.6
4,17,68,食料／乳卵類／牛乳・乳製品,,96,101.2,113,114,114.5,118.6,119.6,119.9,0.3,18.5
5,18,69,食料／乳卵類／牛乳・乳製品／牛乳,,37,98.2,108.3,109.5,108.4,118.2,119.3,119.9,0.5,22.2
6,1303,70,食料／乳卵類／牛乳・乳製品／牛乳／牛乳,,37,98.2,108.3,109.5,108.4,118.2,119.3,119.9,0.5,22.2
5,19,71,食料／乳卵類／牛乳・乳製品／乳製品,,59,103.1,115.9,116.8,118.3,118.9,119.8,119.9,0.1,16.3
6,1311,72,食料／乳卵類／牛乳・乳製品／乳製品／粉ミルク,,2,101.5,112.8,120.6,115.9,117.7,116.3,118,1.5,16.3
6,1333,73,食料／乳卵類／牛乳・乳製品／乳製品／ヨーグルト,,34,97.1,108.7,109,111,111.9,115.2,115,-0.2,18.5
6,1321,74,食料／乳卵類／牛乳・乳製品／乳製品／バター,,4,97.5,109.2,110,111.4,111.1,111.3,108.8,-2.2,11.7
6,1331,75,食料／乳卵類／牛乳・乳製品／乳製品／チーズ（国産品）,,11,121.5,139.1,139.5,141.7,142.1,137,138.4,1,13.9
6,1332,76,食料／乳卵類／牛乳・乳製品／乳製品／チーズ（輸入品）,,8,105.4,117.9,119.6,119.6,119.6,119.6,120.2,0.5,14.1
4,20,77,食料／乳卵類／卵,,21,110.8,137.8,139.2,138.3,138.7,138.2,137.5,-0.5,24.1
6,1341,78,食料／乳卵類／卵／鶏卵,,21,110.8,137.8,139.2,138.3,138.7,138.2,137.5,-0.5,24.1
3,21,79,食料／野菜・海藻,,280,104.8,106.5,104.8,106.4,105.9,116.9,123.3,5.5,17.6
4,22,80,食料／野菜・海藻／生鮮野菜,,194,106.2,106.6,103.9,106.1,104.7,120.3,129.3,7.4,21.7
6,1401,81,食料／野菜・海藻／生鮮野菜／キャベツ,10,9,85.6,107.5,106.9,112.4,93.7,90.3,113.5,25.8,32.6
6,1402,82,食料／野菜・海藻／生鮮野菜／ほうれんそう,6,7,118.1,98.4,98.8,124.2,152,188.8,162.4,-14,37.5
6,1403,83,食料／野菜・海藻／生鮮野菜／はくさい,6,4,120.9,137.9,116,115.8,126.2,133,142.2,6.9,17.6
6,1405,84,食料／野菜・海藻／生鮮野菜／ねぎ,14,12,113.4,110.8,117.1,122.2,121.1,146,179.7,23,58.4
6,1406,85,食料／野菜・海藻／生鮮野菜／レタス,10,9,102.6,86.3,80.5,77.8,85,121.9,118.3,-3,15.2
6,1409,86,食料／野菜・海藻／生鮮野菜／ブロッコリー,8,9,123.4,96.4,117.8,101.6,111.3,158.2,158.1,0,28.2
6,1407,87,食料／野菜・海藻／生鮮野菜／もやし,3,3,103.8,109.1,110,111.4,109,110.3,110.3,0,6.3
6,1410,88,食料／野菜・海藻／生鮮野菜／アスパラガス,4,6,100.2,128.9,116.7,108.5,101.3,118.5,106.5,-10.1,6.3
6,1411,89,食料／野菜・海藻／生鮮野菜／さつまいも,4,3,112.1,114,121.9,114,118.9,122.5,121.1,-1.2,8
6,1412,90,食料／野菜・海藻／生鮮野菜／じゃがいも,8,7,95.8,112.9,108.3,112,116.1,105.5,100.3,-4.9,4.7
6,1413,91,食料／野菜・海藻／生鮮野菜／さといも,4,2,106.3,109.5,165.4,180.7,147.7,114.6,110.7,-3.4,4.1
6,1414,92,食料／野菜・海藻／生鮮野菜／だいこん,7,5,132.8,112,110.5,118.8,123.3,161.5,157.8,-2.3,18.8
6,1415,93,食料／野菜・海藻／生鮮野菜／にんじん,7,6,112.8,116.1,104.4,108,115.5,146.4,142.7,-2.5,26.5
6,1416,94,食料／野菜・海藻／生鮮野菜／ごぼう,3,2,108.2,120.6,120.1,109.4,116.9,115,110,-4.4,1.7
6,1417,95,食料／野菜・海藻／生鮮野菜／たまねぎ,10,9,118.4,115.7,110.4,114.9,125.5,111.5,109.7,-1.6,-7.4
6,1419,96,食料／野菜・海藻／生鮮野菜／れんこん,4,3,83,94.4,197.2,169.2,94.7,84.6,81.7,-3.5,-1.5
6,1420,97,食料／野菜・海藻／生鮮野菜／ながいも,4,5,98.5,109.1,108.5,107.2,112.9,113.4,121.6,7.2,23.5
6,1421,98,食料／野菜・海藻／生鮮野菜／しょうが,2,2,91.6,92.8,91.7,89.9,92.3,90.3,92.8,2.8,1.3
6,1430,99,食料／野菜・海藻／生鮮野菜／えだまめ,…,4,… ,…,125.6,119.8,100.9,114,…,- ,…
6,1432,100,食料／野菜・海藻／生鮮野菜／さやいんげん,3,4,109.6,110.2,103.5,100.8,111.1,141.6,139.4,-1.6,27.1
6,1433,101,食料／野菜・海藻／生鮮野菜／かぼちゃ,6,5,95.1,195.8,149.7,126.6,118.1,112,108.8,-2.8,14.5
6,1434,102,食料／野菜・海藻／生鮮野菜／きゅうり,11,11,91.7,88.2,85.8,99.4,96.2,110.1,122.8,11.6,33.9
6,1435,103,食料／野菜・海藻／生鮮野菜／なす,7,7,86.3,91.6,86.3,89.7,77.7,88.3,87.6,-0.8,1.4
6,1436,104,食料／野菜・海藻／生鮮野菜／トマト,20,27,123.1,101.9,97,100.1,102.9,137.1,171.4,25.1,39.2
6,1437,105,食料／野菜・海藻／生鮮野菜／ピーマン,7,7,79.4,99.9,86.7,98.3,92.6,108.8,113.3,4.2,42.8
6,1438,106,食料／野菜・海藻／生鮮野菜／生しいたけ,10,9,108.7,117,122.5,118.4,118.2,121,117.9,-2.6,8.5
6,1442,107,食料／野菜・海藻／生鮮野菜／えのきたけ,6,5,100.4,111.3,112,111.4,106.4,109.7,108.5,-1.1,8
6,1443,108,食料／野菜・海藻／生鮮野菜／しめじ,9,7,98,101.5,106.2,97.8,96.1,101.5,103.5,2.1,5.7
6,1444,109,食料／野菜・海藻／生鮮野菜／カット野菜,3,4,105.1,115.3,116.1,116.3,116.3,117.6,117.6,0,11.8
4,23,110,食料／野菜・海藻／乾物・加工品類,,87,101.8,106.1,106.8,107.1,108.7,109.1,110,0.8,8.1
5,24,111,食料／野菜・海藻／乾物・加工品類／乾物・海藻,,23,99.8,102,103.2,105.8,110.1,111.4,112.1,0.7,12.3
6,1453,112,食料／野菜・海藻／乾物・加工品類／乾物・海藻／干ししいたけ,,1,103,104.5,105.3,105.3,105.3,104.5,104.5,0,1.5
6,1461,113,食料／野菜・海藻／乾物・加工品類／乾物・海藻／干しのり,,11,98.2,98.7,100.5,105.2,113.5,115.5,115.7,0.2,17.8
6,1462,114,食料／野菜・海藻／乾物・加工品類／乾物・海藻／わかめ,,5,97.8,102.2,103.4,104.9,105.2,105.2,105.4,0.2,7.8
6,1463,115,食料／野菜・海藻／乾物・加工品類／乾物・海藻／こんぶ,,2,106.4,108,108.2,107.9,108.6,111.5,115.4,3.6,8.5
6,1464,116,食料／野菜・海藻／乾物・加工品類／乾物・海藻／ひじき,,3,102.6,108.6,108.1,108.9,109.1,109.9,111.1,1.1,8.3
5,25,117,食料／野菜・海藻／乾物・加工品類／大豆加工品,,30,103.4,108.9,109.6,108.3,109.3,109.7,111,1.2,7.3
6,1471,118,食料／野菜・海藻／乾物・加工品類／大豆加工品／豆腐,,12,105.3,109,111.9,109.1,111.6,109.7,113,3.1,7.4
6,1472,119,食料／野菜・海藻／乾物・加工品類／大豆加工品／油揚げ,,7,108.6,115.3,115.2,116,116.1,119.2,117.8,-1.2,8.5
6,1473,120,食料／野菜・海藻／乾物・加工品類／大豆加工品／納豆,,11,97.9,104.6,103.3,102.5,102.3,103.6,104.3,0.6,6.5
5,26,121,食料／野菜・海藻／乾物・加工品類／他の野菜・海藻加工品,,34,101.6,106.4,106.9,106.8,107.3,107.1,107.9,0.7,6.1
6,1481,122,食料／野菜・海藻／乾物・加工品類／他の野菜・海藻加工品／こんにゃく,,4,99.6,105.1,105.1,105.1,105.1,104.5,104.8,0.3,5.2
6,1482,123,食料／野菜・海藻／乾物・加工品類／他の野菜・海藻加工品／梅干し,,8,98.3,99.4,99.8,100.1,99.8,101.1,101.2,0.1,2.9
6,1483,124,食料／野菜・海藻／乾物・加工品類／他の野菜・海藻加工品／だいこん漬,,5,97,102.6,101.2,102.5,103.6,101.9,106.7,4.7,10
6,1486,125,食料／野菜・海藻／乾物・加工品類／他の野菜・海藻加工品／はくさい漬,,3,103.1,104.1,103.5,104.1,104.6,104.4,105.9,1.5,2.7
6,1487,126,食料／野菜・海藻／乾物・加工品類／他の野菜・海藻加工品／キムチ,,7,100.7,102.4,102.3,99.6,102.4,102,100.9,-1,0.3
6,1485,127,食料／野菜・海藻／乾物・加工品類／他の野菜・海藻加工品／こんぶつくだ煮,,3,114.4,120.2,125.6,125.2,123.8,121.5,122.5,0.8,7.1
6,1491,128,食料／野菜・海藻／乾物・加工品類／他の野菜・海藻加工品／野菜缶詰,,3,107.1,128.7,130.3,132.7,131.9,133.9,133.9,0,25.1
3,27,129,食料／果物,,100,98.8,114.2,109.8,113.7,111,107,114.9,7.4,16.3
5,28,130,食料／果物／生鮮果物,,90,99.3,116.5,111.3,115.8,112.6,108.2,117,8.1,17.9
6,1502,131,食料／果物／生鮮果物／りんご,13,10,98.1,110.8,132.9,148.9,155.2,121.7,127.8,5,30.3
6,1511,132,食料／果物／生鮮果物／みかん,18,14,94.2,…,…,…,…,114.9,105.2,-8.5,11.6
6,1515,133,食料／果物／生鮮果物／オレンジ,1,3,121.3,134.7,129.9,129.9,126,125.3,122,-2.6,0.6
6,1517,134,食料／果物／生鮮果物／しらぬひ,…,2,… ,131.3,…,…,…,…,…,…,…
6,1521,135,食料／果物／生鮮果物／梨,8,4,85.1,…,…,…,103.8,89.4,86,-3.8,1.1
6,1531,136,食料／果物／生鮮果物／ぶどうＡ,…,3,… ,…,136.4,112.1,90.3,93.1,…,- ,…
6,1532,137,食料／果物／生鮮果物／ぶどうＢ,15,6,101.3,…,…,165.5,117.1,106,132.2,24.7,30.6
6,1541,138,食料／果物／生鮮果物／柿,11,3,97.7,…,…,…,…,…,114.3,- ,17.1
6,1551,139,食料／果物／生鮮果物／桃,…,3,… ,…,…,113.4,108.3,118,…,- ,…
6,1561,140,食料／果物／生鮮果物／すいか,…,4,… ,144,117.1,115.2,120.9,…,…,…,…
6,1563,141,食料／果物／生鮮果物／メロン,…,2,… ,138.3,112.5,114.7,114.9,…,…,…,…
6,1571,142,食料／果物／生鮮果物／いちご,…,11,… ,97.8,…,…,…,…,…,…,…
6,1581,143,食料／果物／生鮮果物／バナナ,13,12,107.1,120.3,120.6,121.7,121.4,128.4,126.3,-1.7,17.9
6,1582,144,食料／果物／生鮮果物／キウイフルーツ,5,6,100.7,114.3,108.1,111.2,104.2,110.4,109.7,-0.6,8.9
6,1572,145,食料／果物／生鮮果物／さくらんぼ,…,2,… ,…,88.8,86.4,…,…,…,…,…
6,1583,146,食料／果物／生鮮果物／アボカド,5,5,114.9,113.8,109.8,111.2,115.1,108.1,126.4,16.9,10
5,29,147,食料／果物／果物加工品,,11,94.8,95.3,96.5,96.3,97.3,96.6,96.8,0.2,2.1
6,1594,148,食料／果物／果物加工品／ナッツ,,11,94.8,95.3,96.5,96.3,97.3,96.6,96.8,0.2,2.1
3,30,149,食料／油脂・調味料,,105,109.4,117.2,119.6,120.1,119.5,120.9,120.5,-0.3,10.2
5,31,150,食料／油脂・調味料／油脂,,11,155.1,161.7,160.6,159,158.2,158.5,155.2,-2,0.1
6,1601,151,食料／油脂・調味料／油脂／食用油,,10,159.3,166.2,164.7,162.7,161.8,161.9,158.5,-2.1,-0.5
6,1602,152,食料／油脂・調味料／油脂／マーガリン,,1,121.8,126.2,128,130.5,130.3,131.9,129.4,-1.9,6.2
5,32,153,食料／油脂・調味料／調味料,,94,104,111.9,114.8,115.4,114.9,116.4,116.4,0,12
6,1611,154,食料／油脂・調味料／調味料／食塩,,1,96.9,96.5,96.9,95.8,101.2,101.3,110,8.6,13.6
6,1621,155,食料／油脂・調味料／調味料／しょう油,,5,108.1,121.4,121,121.3,122.2,121.8,121.8,0,12.7
6,1631,156,食料／油脂・調味料／調味料／みそ,,7,103.1,109.1,109.6,108.4,110.4,111.9,115.7,3.4,12.2
6,1632,157,食料／油脂・調味料／調味料／砂糖,,3,110.7,124.9,125,125.7,125.1,132.1,131.9,-0.1,19.2
6,1633,158,食料／油脂・調味料／調味料／酢,,3,110.2,111.5,112.3,113.6,112.2,110.3,111.1,0.8,0.8
6,1641,159,食料／油脂・調味料／調味料／ソース,,2,113.4,128.3,127.5,126.1,125.3,125.7,127.9,1.8,12.8
6,1642,160,食料／油脂・調味料／調味料／ケチャップ,,2,99.4,120.3,116,115.6,119.9,120.4,118.2,-1.9,18.9
6,1643,161,食料／油脂・調味料／調味料／マヨネーズ,,3,130.7,145.4,149.7,150.1,153.2,153.6,154,0.3,17.9
6,1645,162,食料／油脂・調味料／調味料／ドレッシング,,7,103.2,106,102.9,104.8,102.4,105.6,105.2,-0.3,1.9
6,1644,163,食料／油脂・調味料／調味料／ジャム,,5,109.8,114.2,114.5,112.8,117.2,117.3,116.9,-0.3,6.4
6,1652,164,食料／油脂・調味料／調味料／カレールウ,,4,106.7,108.5,121,122.7,122.1,120.2,120.8,0.5,13.2
6,1653,165,食料／油脂・調味料／調味料／乾燥スープ,,13,97.9,104,114.9,116.8,119,119.5,117.8,-1.5,20.3
6,1654,166,食料／油脂・調味料／調味料／風味調味料,,8,104.1,107.1,107.1,110.4,104.9,109,109.5,0.5,5.2
6,1656,167,食料／油脂・調味料／調味料／ふりかけ,,4,103.4,112.9,115.7,111.5,113,104.7,110.3,5.3,6.7
6,1655,168,食料／油脂・調味料／調味料／たれ,,5,103.1,104.2,100.6,101.7,101.4,99.5,99.2,-0.3,-3.8
6,1659,169,食料／油脂・調味料／調味料／つゆ,,10,94.4,105.2,120.4,118.9,110.4,120.5,118.9,-1.3,25.9
6,1657,170,食料／油脂・調味料／調味料／合わせ調味料,,9,98.2,110.3,107.2,107.3,109,110,108.2,-1.6,10.2
6,1658,171,食料／油脂・調味料／調味料／パスタソース,,4,115.1,132.7,128.7,135.6,133.7,133.1,130.5,-2,13.4
3,33,172,食料／菓子類,,213,106.8,113.7,115.2,116.8,117.3,118.3,118.7,0.3,11.1
6,1701,173,食料／菓子類／ようかん,,10,109.2,111,112,112,112,109.9,109.9,0,0.6
6,1702,174,食料／菓子類／まんじゅう,,8,113.7,128.7,128.6,128.2,128.7,128,128.2,0.2,12.8
6,1703,175,食料／菓子類／だいふく餅,,13,103,114.4,116.9,117.5,117.1,116.3,117.3,0.8,13.9
6,1711,176,食料／菓子類／カステラ,,5,109.7,111.5,112.7,113,114.8,115.1,121.8,5.7,11
6,1712,177,食料／菓子類／ケーキ,,24,108.1,113,113.4,113.4,115.8,116.2,117.2,0.9,8.5
6,1784,178,食料／菓子類／ゼリー,,12,99.8,120.2,119.3,116.2,113.7,119.6,120.6,0.8,20.9
6,1714,179,食料／菓子類／プリン,,9,109.4,121.4,121.4,146.7,149.4,152.5,150.5,-1.3,37.6
6,1713,180,食料／菓子類／シュークリーム,,6,108.7,116.1,117.8,117.8,117.9,118.8,117.5,-1,8.2
6,1715,181,食料／菓子類／ロールケーキ,,10,108.4,111.3,116.1,118.7,120.6,121.5,120.6,-0.7,11.2
6,1741,182,食料／菓子類／せんべい,,20,109.4,108.3,108.4,111.1,111.4,119.8,127.5,6.4,16.5
6,1721,183,食料／菓子類／ビスケット,,14,105.8,110,111.5,111.9,110.8,110.3,108.5,-1.7,2.6
6,1783,184,食料／菓子類／ポテトチップス,,13,115.8,121.2,127.3,119.3,124.4,127.2,117.8,-7.4,1.8
6,1732,185,食料／菓子類／キャンデー,,6,101.9,113,113,113.1,113.1,113.4,113.4,0,11.2
6,1761,186,食料／菓子類／チョコレート,,26,110.9,115.1,117.6,121.7,121.3,117.7,119.2,1.3,7.5
6,1782,187,食料／菓子類／アイスクリーム,,31,98.6,108.1,110.1,110.2,110.2,110.5,109.8,-0.6,11.4
6,1772,188,食料／菓子類／落花生,,3,106.1,105.8,109.6,115.5,116.4,118.1,118.6,0.4,11.8
6,1781,189,食料／菓子類／チューインガム,,3,104.7,110.3,107.9,110.3,110.3,110.5,110.5,0,5.6
3,34,190,食料／調理食品,,346,107.1,113.5,113.8,114.8,114.7,116.1,116.5,0.3,8.8
5,35,191,食料／調理食品／主食的調理食品,,150,106,112.5,112.4,113.3,113.3,114.4,115.1,0.7,8.6
6,1795,192,食料／調理食品／主食的調理食品／すし（弁当）Ａ,,25,112.4,117.6,117.2,117.2,115.8,117.6,115.3,-1.9,2.6
6,1798,193,食料／調理食品／主食的調理食品／すし（弁当）Ｂ,,13,112,117.9,117.4,119.6,119.9,120.1,120.9,0.7,8
6,1791,194,食料／調理食品／主食的調理食品／弁当Ａ,,27,104.2,106.4,106.4,106.4,106.4,106.4,106.4,0,2.1
6,1797,195,食料／調理食品／主食的調理食品／弁当Ｂ,,27,96.1,104.9,105.7,105.7,105.7,105.7,105.7,0,10
6,1793,196,食料／調理食品／主食的調理食品／おにぎり,,15,106.3,114.8,116.6,116.5,116.7,122.1,123.4,1.1,16.1
6,1792,197,食料／調理食品／主食的調理食品／調理パン,,22,109.9,119.1,117.2,120.6,124.2,125.7,129.3,2.9,17.6
6,1794,198,食料／調理食品／主食的調理食品／冷凍米飯,,7,107.1,121.8,121.2,121.4,117.8,116.5,118.6,1.8,10.7
6,1796,199,食料／調理食品／主食的調理食品／調理パスタ,,5,101.8,111.8,109.5,110.6,107.5,110.2,114.2,3.6,12.2
6,1799,200,食料／調理食品／主食的調理食品／調理ピザ,,5,109.5,110.9,110.9,109,110.3,108.3,112.4,3.8,2.7
6,1790,201,食料／調理食品／主食的調理食品／無菌包装米飯,,5,101.6,100.7,100.1,108.1,107.6,107.6,109.1,1.4,7.4
5,36,202,食料／調理食品／他の調理食品,,195,108,114.2,115,115.9,115.7,117.4,117.5,0.1,8.8
6,1801,203,食料／調理食品／他の調理食品／うなぎかば焼き,,9,96,100.3,98.9,99,97.3,101.8,96.6,-5.1,0.6
6,1811,204,食料／調理食品／他の調理食品／サラダ,,21,107.5,112.3,109.6,112.5,113.6,111.5,112.5,0.9,4.7
6,1821,205,食料／調理食品／他の調理食品／コロッケ,,11,111.5,122.8,122.7,124.4,122.8,123.9,125.2,1,12.3
6,1831,206,食料／調理食品／他の調理食品／豚カツ,,13,99.6,103.5,102.5,104.9,103.8,104.1,104.9,0.8,5.3
6,1842,207,食料／調理食品／他の調理食品／からあげ,,24,112.2,116.1,116.7,116.5,117.7,118.2,119,0.7,6.1
6,1881,208,食料／調理食品／他の調理食品／ぎょうざ,,12,106.5,115.8,113.8,114,118.9,123,121.3,-1.4,13.9
6,1843,209,食料／調理食品／他の調理食品／やきとり,,9,115.4,120.9,120.4,120.9,120.9,120.4,118.2,-1.8,2.4
6,1844,210,食料／調理食品／他の調理食品／ハンバーグ,,4,106.6,111.6,115.3,116.3,117.6,116.8,113.3,-3,6.3
6,1851,211,食料／調理食品／他の調理食品／冷凍調理コロッケ,,5,129.2,141.7,142.2,143.2,145.7,149.6,152.1,1.7,17.7
6,1852,212,食料／調理食品／他の調理食品／冷凍調理ハンバーグ,,7,107,121.4,121.1,123.7,118.8,125.6,123.5,-1.7,15.4
6,1853,213,食料／調理食品／他の調理食品／冷凍ぎょうざ,,12,96.4,111.1,111.6,109.2,110.6,109.2,109,-0.2,13
6,1871,214,食料／調理食品／他の調理食品／調理カレー,,15,105.7,107,121.8,127.8,124.2,129.1,129.6,0.4,22.6
6,1891,215,食料／調理食品／他の調理食品／混ぜごはんのもと,,8,107,107.1,107.1,105.3,99.8,105,105.7,0.6,-1.2
6,1812,216,食料／調理食品／他の調理食品／煮豆,,8,102,105.8,103.6,105.8,104.1,103.6,102.6,-1,0.6
6,1802,217,食料／調理食品／他の調理食品／焼き魚,,10,123.9,130.8,134.5,134.4,136.1,137,140.2,2.3,13.1
6,1813,218,食料／調理食品／他の調理食品／きんぴら,,3,106.9,111.9,111.8,111.7,112.1,111.4,110.7,-0.6,3.5
6,1814,219,食料／調理食品／他の調理食品／焼豚,,10,108.8,118.7,118.7,117.7,116.8,118.7,117.8,-0.7,8.3
6,1892,220,食料／調理食品／他の調理食品／サラダチキン,,10,106.4,111.2,109.8,108.9,108.4,108.3,109.4,1,2.8
6,1893,221,食料／調理食品／他の調理食品／おでん,,5,112.2,114.7,114.7,114.7,114.7,130.4,135.5,3.9,20.7
3,37,222,食料／飲料,,145,104.6,107.9,108.2,109,107.7,109.5,110.4,0.8,5.5
5,38,223,食料／飲料／茶類,,34,101.4,103.2,103.1,104.1,103.7,104,103.6,-0.3,2.2
6,1902,224,食料／飲料／茶類／緑茶,,12,101.6,102.5,101.1,102.8,103,102.6,101.4,-1.2,-0.2
6,1911,225,食料／飲料／茶類／紅茶,,4,114.4,112.4,111.8,115.6,116.6,117.3,120.9,3,5.7
6,1914,226,食料／飲料／茶類／茶飲料,,18,98.5,101.8,102.7,102.6,101.3,102,101.5,-0.5,3
5,39,227,食料／飲料／コーヒー・ココア,,30,110.8,112,110.3,114.6,108.1,113.2,116.2,2.6,4.9
6,1921,228,食料／飲料／コーヒー・ココア／インスタントコーヒー,,8,107.6,114,111.7,115.2,103.4,115.6,115.8,0.2,7.6
6,1922,229,食料／飲料／コーヒー・ココア／コーヒー豆,,8,132.5,129,127.3,137,129.7,128.3,132.7,3.4,0.2
6,1923,230,食料／飲料／コーヒー・ココア／コーヒー飲料Ａ,,11,96.8,97.8,96.3,98,94.3,100,104.3,4.3,7.8
6,1924,231,食料／飲料／コーヒー・ココア／コーヒー飲料Ｂ,,3,110.3,110.3,110.3,110.3,112.6,112.6,114.5,1.7,3.7
5,40,232,食料／飲料／他の飲料,,82,103.7,108.4,109.5,109,109.1,110.4,111.1,0.6,7.1
6,1930,233,食料／飲料／他の飲料／果実ジュース,,6,99.5,109.8,100.9,102.5,102.1,103.3,104.1,0.8,4.6
6,1931,234,食料／飲料／他の飲料／果汁入り飲料,,6,103.9,107.9,107.9,108,108,107.7,109.1,1.4,5
6,1941,235,食料／飲料／他の飲料／野菜ジュース,,12,99.6,111.2,112.4,111.2,112.5,111.4,111.3,-0.1,11.7
6,1951,236,食料／飲料／他の飲料／炭酸飲料,,17,114.3,117.9,124,121.8,121.6,127,124.1,-2.3,8.6
6,1952,237,食料／飲料／他の飲料／ノンアルコールビール,,3,109.1,109.4,109,109,107.3,108.2,108.7,0.4,-0.3
6,1972,238,食料／飲料／他の飲料／乳酸菌飲料,,14,100,100,100,100,100,100,100,0,0
6,1982,239,食料／飲料／他の飲料／ミネラルウォーター,,12,99.6,104.3,105.1,105.7,106.5,106.8,114.8,7.5,15.2
6,1984,240,食料／飲料／他の飲料／宅配水,,4,100,100,100,100,100,100,100,0,0
6,1981,241,食料／飲料／他の飲料／スポーツドリンク,,3,102.8,110.9,110.2,108.1,109,110.5,111.1,0.5,8.1
6,1983,242,食料／飲料／他の飲料／豆乳,,5,103.3,105.1,109.5,110,108.3,110.4,109.1,-1.1,5.6
3,41,243,食料／酒類,,110,105,105.9,106.4,107.4,107.3,107.1,108.4,1.2,3.2
6,2003,244,食料／酒類／清酒,,13,104.4,106.1,107.2,106.2,106.6,107,106.4,-0.5,1.9
6,2011,245,食料／酒類／焼酎,,11,99.9,105.1,106.5,107.5,106.1,107.5,107.3,-0.2,7.4
6,2021,246,食料／酒類／ビール,,28,102.5,101.3,101.2,100.7,100.5,100.9,96.6,-4.2,-5.7
6,2026,247,食料／酒類／発泡酒,,6,108.6,108,108,108.4,108.1,108.4,112,3.3,3.1
6,2033,248,食料／酒類／ウイスキー,,6,98.9,101.1,102.9,118.6,123.3,123,122.9,-0.1,24.3
6,2041,249,食料／酒類／ワイン（国産品）,,6,100.4,110.3,112,113.6,112.9,112.9,116.3,3,15.8
6,2042,250,食料／酒類／ワイン（輸入品）,,13,101.1,100.6,101.8,102.3,102.9,102,104.8,2.8,3.7
6,2012,251,食料／酒類／チューハイ,,12,108.2,109,109.2,109.5,108.7,109,108.6,-0.3,0.4
6,2027,252,食料／酒類／ビール風アルコール飲料,,14,118.4,117.5,116.6,116.9,116,112.6,126.3,12.1,6.7
3,42,253,食料／外食,,534,105.5,109,109,109.1,109.2,108.8,108.6,-0.1,2.9
5,43,254,食料／外食／一般外食,,515,105.6,110.2,110.4,110.5,110.6,110.8,111.2,0.4,5.3
6,2101,255,食料／外食／一般外食／うどん（外食）,,14,105.9,109,109.1,109.1,109.1,109.1,109.6,0.4,3.5
6,2103,256,食料／外食／一般外食／日本そば（外食）,,14,105.7,107.6,107.8,107.8,107.8,107.8,108.6,0.8,2.8
6,2102,257,食料／外食／一般外食／中華そば（外食）,,31,102.1,104.7,104.7,104.7,105.6,106,106,0,3.8
6,2112,258,食料／外食／一般外食／スパゲッティ（外食）,,15,103.2,105.6,106.4,106.5,107.2,107.2,107.2,0,3.9
6,2123,259,食料／外食／一般外食／すし（外食）Ａ,,27,102.9,110.7,110.7,110.7,110.7,110.7,110.7,0,7.5
6,2121,260,食料／外食／一般外食／すし（外食）Ｂ,,40,102.5,108.7,109,109,109,109,109.6,0.5,6.9
6,2132,261,食料／外食／一般外食／天丼（外食）,,15,104.2,106.8,106.9,106.9,106.9,107.3,107.5,0.2,3.2
6,2133,262,食料／外食／一般外食／カレーライス（外食）,,21,104.5,106.5,106.6,106.6,106.6,106.6,108.3,1.6,3.6
6,2136,263,食料／外食／一般外食／牛丼（外食）,,15,112.3,113.2,113.2,113.2,113.2,113.2,116.1,2.5,3.4
6,2142,264,食料／外食／一般外食／豚カツ定食（外食）,,29,106.1,109.4,109.4,109.4,109.4,109.4,110,0.6,3.7
6,2146,265,食料／外食／一般外食／しょうが焼き定食（外食）,,8,106.1,111.2,111.2,115,115,115.9,115.9,0,9.2
6,2164,266,食料／外食／一般外食／フライドチキン（外食）,,17,104,116,116,116,116,116,116,0,11.5
6,2134,267,食料／外食／一般外食／ぎょうざ（外食）,,28,105.9,111,111.7,111.7,112.1,112.4,112.4,0,6.2
6,2141,268,食料／外食／一般外食／ハンバーグ（外食）,,39,105.6,112.1,112.6,112.6,112.6,114,114,0,7.9
6,2145,269,食料／外食／一般外食／焼肉（外食）,,56,106,107,107,107,107,107,107,0,0.9
6,2135,270,食料／外食／一般外食／ハンバーガー（外食）,,25,118.3,126.3,126.3,126.3,126.3,126.3,126.3,0,6.8
6,2161,271,食料／外食／一般外食／サンドイッチ（外食）,,11,104.8,106.8,106.8,106.8,106.8,106.8,106.8,0,1.9
6,2144,272,食料／外食／一般外食／ピザ（配達）,,12,102.6,109.8,114.8,116,116,116.7,116.7,0,13.8
6,2163,273,食料／外食／一般外食／ドーナツ（外食）,,3,110.3,120.2,120.2,120.2,120.2,120.2,120.2,0,9
6,2162,274,食料／外食／一般外食／コーヒー（外食）Ａ,,18,106,108.4,108.4,108.5,108.5,108.5,108.5,0,2.4
6,2165,275,食料／外食／一般外食／コーヒー（外食）Ｂ,,9,102.2,111.2,111.2,111.2,111.2,111.2,111.2,0,8.8
6,2171,276,食料／外食／一般外食／ビール（外食）,,40,103.9,109.9,109.9,109.9,109.9,109.9,111.3,1.3,7.2
6,2172,277,食料／外食／一般外食／やきとり（外食）,,27,108.2,112.3,112.9,112.8,112.8,112.8,113.2,0.3,4.6
5,44,278,食料／外食／学校給食,,19,103.9,77.2,68.6,68.6,68.6,51.3,35.7,-30.3,-65.6
6,2182,279,食料／外食／学校給食／学校給食（小学校）,,12,104.7,84.5,75.8,75.8,75.8,56.3,38.7,-31.2,-63.1
6,2183,280,食料／外食／学校給食／学校給食（中学校）,,6,102.3,62.4,54.1,54.1,54.1,41.3,29.8,-27.8,-70.9
1,45,281,住居,,2760,101.3,101.5,101.6,101.6,101.6,101.6,101.7,0.1,0.4
3,46,282,住居／家賃,,2454,100.5,100.4,100.5,100.5,100.5,100.5,100.6,0,0.1
4,47,283,住居／家賃／民営家賃,,391,100.3,100.1,100.3,100.3,100.3,100.3,100.4,0,0.1
6,3000,284,住居／家賃／民営家賃／民営家賃,,391,100.3,100.1,100.3,100.3,100.3,100.3,100.4,0,0.1
4,48,285,住居／家賃／公営・都市再生機構・公社家賃,,62,100.3,100.7,101.1,101,101,100.9,100.9,0,0.6
6,3016,286,住居／家賃／公営・都市再生機構・公社家賃／公営家賃,,13,99.3,99.3,101.1,100.5,100,99.7,99.4,-0.3,0.1
6,3017,287,住居／家賃／公営・都市再生機構・公社家賃／都市再生機構・公社家賃,,49,100.6,101.1,101.1,101.2,101.2,101.3,101.3,0,0.7
4,50,288,住居／家賃／持家の帰属家賃,,2000,100.5,100.4,100.5,100.6,100.6,100.6,100.6,0.1,0.1
6,3030,289,住居／家賃／持家の帰属家賃／持家の帰属家賃,,2000,100.5,100.4,100.5,100.6,100.6,100.6,100.6,0.1,0.1
3,51,290,住居／設備修繕・維持,,306,107.8,110.1,110.1,109.9,109.9,110.2,110.6,0.4,2.6
5,52,291,住居／設備修繕・維持／設備材料,,97,103.9,106,105.7,105.2,104.8,104.8,105,0.2,1.1
6,3101,292,住居／設備修繕・維持／設備材料／システムバス,,13,105.2,107.5,107.5,108.3,108.3,106.6,107.4,0.7,2.1
6,3103,293,住居／設備修繕・維持／設備材料／温水洗浄便座,,9,106.7,106.7,107.2,102.6,110.2,104.8,109.2,4.2,2.3
6,3104,294,住居／設備修繕・維持／設備材料／給湯器,,36,100.9,101.7,100.9,100.5,97.8,99.6,98.8,-0.8,-2
6,3105,295,住居／設備修繕・維持／設備材料／システムキッチン,,27,105.1,109.2,109.2,109.2,109.2,109.2,109.2,0,3.9
6,3106,296,住居／設備修繕・維持／設備材料／カーポート,,4,100,100,100,100,100,100,100,0,0
6,3121,297,住居／設備修繕・維持／設備材料／修繕材料,,8,110.4,114.7,113.1,113.7,112.3,112.3,112.7,0.4,2.1
5,53,298,住居／設備修繕・維持／工事その他のサービス,,209,109.6,112,112.1,112.1,112.3,112.7,113.2,0.4,3.3
6,3151,299,住居／設備修繕・維持／工事その他のサービス／畳替え代,,1,104.7,111.2,112.3,112.3,114.5,115.5,115.5,0,10.4
6,3176,300,住居／設備修繕・維持／工事その他のサービス／水道工事費,,12,104.6,112.5,112.5,112.5,113.8,114.2,114.7,0.5,9.7
6,3175,301,住居／設備修繕・維持／工事その他のサービス／塀工事費,,8,107.6,109.1,109.1,109.1,109.1,109.1,109.1,0,1.4
6,3178,302,住居／設備修繕・維持／工事その他のサービス／外壁塗装費,,45,102.3,102.6,102.6,102.6,102.6,102.6,102.6,0,0.3
6,3162,303,住居／設備修繕・維持／工事その他のサービス／屋根修理費,,23,109.5,112.6,112.6,112.6,112.6,112.6,115.3,2.4,5.2
6,3174,304,住居／設備修繕・維持／工事その他のサービス／植木職手間代,,7,103.1,105.3,105.3,105.3,105.3,105.3,105.3,0,2.1
6,3171,305,住居／設備修繕・維持／工事その他のサービス／ふすま張替費,,5,110,119.1,122,122.7,126.5,126.5,126.5,0,15
6,3172,306,住居／設備修繕・維持／工事その他のサービス／大工手間代,,15,102.6,104.8,105.6,105.6,105.6,105.6,107.8,2.1,5.1
6,3179,307,住居／設備修繕・維持／工事その他のサービス／駐車場工事費,,25,112.9,112.9,112.9,112.9,112.9,112.9,112.9,0,0
6,3185,308,住居／設備修繕・維持／工事その他のサービス／壁紙張替費,,5,113.3,114,114,114,114,114,114,0,0.6
6,3180,309,住居／設備修繕・維持／工事その他のサービス／火災・地震保険料,,63,116.9,120.2,120.2,120.2,120.2,121.3,121.3,0,3.8
1,54,310,光熱・水道,,555,124.2,108.1,110.1,106.7,103,100.3,107.7,7.4,-13.3
3,56,311,光熱・水道／電気代,,262,132.6,102.1,109.2,105.5,101,97.5,108,10.8,-18.6
6,3500,312,光熱・水道／電気代／電気代,,262,132.6,102.1,109.2,105.5,101,97.5,108,10.8,-18.6
3,57,313,光熱・水道／ガス代,,151,131.2,125,119.8,113.9,107.8,104.1,113,8.6,-13.9
6,3600,314,光熱・水道／ガス代／都市ガス代,,148,131.8,125.4,120,113.8,107.8,103.9,113.1,8.8,-14.2
6,3612,315,光熱・水道／ガス代／プロパンガス,,4,110.2,110.2,110.2,115.1,109.8,109.8,109.8,0,-0.4
3,58,316,光熱・水道／他の光熱,,6,126.4,129.4,129.5,130.4,131.8,133.4,133.1,-0.3,5.2
6,3701,317,光熱・水道／他の光熱／灯油,,6,126.4,129.4,129.5,130.4,131.8,133.4,133.1,-0.3,5.2
3,59,318,光熱・水道／上下水道料,,136,100,100,100,100,100,100,100,0,0
6,3810,319,光熱・水道／上下水道料／水道料,,75,100,100,100,100,100,100,100,0,0
6,4610,320,光熱・水道／上下水道料／下水道料,,61,100,100,100,100,100,100,100,0,0
1,60,321,家具・家事用品,,335,108.9,115.2,114.1,115,114.5,115.3,116.1,0.6,6.6
3,61,322,家具・家事用品／家庭用耐久財,,111,114.1,118.4,116.5,116.2,114.9,116.8,117.2,0.4,2.7
5,62,323,家具・家事用品／家庭用耐久財／家事用耐久財,,61,105.2,102.6,102.6,104.9,105.2,107.8,108.7,0.9,3.3
6,4003,324,家具・家事用品／家庭用耐久財／家事用耐久財／電子レンジ,,3,145.7,152.8,162.1,172.2,164.6,157.2,156.3,-0.6,7.3
6,4002,325,家具・家事用品／家庭用耐久財／家事用耐久財／電気炊飯器,,12,92.9,92.2,90.6,93.8,91,111.5,118.6,6.4,27.7
6,4011,326,家具・家事用品／家庭用耐久財／家事用耐久財／ガステーブル,,1,102.6,100.6,120,122.1,120.6,118.2,116.6,-1.4,13.7
6,4021,327,家具・家事用品／家庭用耐久財／家事用耐久財／電気冷蔵庫,,19,93.8,116.5,104.8,103.4,97.6,94.4,91.8,-2.8,-2.2
6,4032,328,家具・家事用品／家庭用耐久財／家事用耐久財／電気掃除機,,8,98.7,86,98.7,98.2,118.4,118.8,107.6,-9.4,9
6,4042,329,家具・家事用品／家庭用耐久財／家事用耐久財／電気洗濯機（全自動洗濯機）,,9,118.3,90.7,101.7,115,118.6,115.9,115.4,-0.5,-2.5
6,4043,330,家具・家事用品／家庭用耐久財／家事用耐久財／電気洗濯機（洗濯乾燥機）,,9,125.4,98.5,96.5,94.4,92.6,95,109.1,14.8,-13
5,63,331,家具・家事用品／家庭用耐久財／冷暖房用器具,,34,117.2,136.9,130.4,125.8,121.5,122.8,122,-0.7,4.1
6,4063,332,家具・家事用品／家庭用耐久財／冷暖房用器具／ルームエアコン,,29,117.3,138.5,130.5,125.6,121.8,122.3,119,-2.7,1.4
6,4072,333,家具・家事用品／家庭用耐久財／冷暖房用器具／温風ヒーター,,3,118.6,106.9,106.9,106.9,106.9,106.9,134.6,25.9,13.5
6,4075,334,家具・家事用品／家庭用耐久財／冷暖房用器具／空気清浄機,,2,113.9,153,157.7,153,136,150,147.5,-1.7,29.5
5,64,335,家具・家事用品／家庭用耐久財／一般家具,,16,141.2,139.5,140.2,139,137.6,138.2,139.4,0.8,-1.3
6,4092,336,家具・家事用品／家庭用耐久財／一般家具／食堂セット,,5,133.2,135.9,136.4,132.5,135.5,137.5,137.6,0,3.2
6,4093,337,家具・家事用品／家庭用耐久財／一般家具／ソファ,,10,146.1,142,142.9,142.9,139.2,139.2,140.9,1.2,-3.5
6,4083,338,家具・家事用品／家庭用耐久財／一般家具／食器戸棚,,1,123.9,125.8,125.9,126.6,126.6,126.6,126.6,0,2.2
3,66,339,家具・家事用品／室内装備品,,19,107.7,118.5,121.8,123.4,124,126.2,125.7,-0.4,16.7
6,4115,340,家具・家事用品／室内装備品／照明器具,,4,116.8,144.3,162.5,167,170.8,174.2,172.5,-1,47.6
6,4121,341,家具・家事用品／室内装備品／カーペット,,7,100.2,105.6,102.1,103.1,103.1,103.1,102.5,-0.7,2.3
6,4141,342,家具・家事用品／室内装備品／カーテン,,4,106.3,108.8,110.9,110.9,111.4,113.3,113.3,0,6.6
6,4142,343,家具・家事用品／室内装備品／クッション,,3,113.2,123.9,122.4,123.9,121.5,127.1,127.8,0.6,12.9
3,70,344,家具・家事用品／寝具類,,23,105.1,108,106.2,108.8,107.6,108.9,111.2,2.1,5.8
6,4201,345,家具・家事用品／寝具類／ベッド,,7,111.4,107.8,107.8,111.5,108.8,109.5,108.5,-0.9,-2.6
6,4211,346,家具・家事用品／寝具類／布団,,8,99.7,111.9,108.3,111.4,109.8,112.6,120.1,6.6,20.4
6,4251,347,家具・家事用品／寝具類／敷布,,2,109.4,115.6,115,115.9,115.9,115.9,114.5,-1.2,4.7
6,4271,348,家具・家事用品／寝具類／布団カバー,,1,101.3,105.8,105.5,106.1,106.1,106.1,106.1,0,4.7
6,4272,349,家具・家事用品／寝具類／敷きパッド,,5,104.2,100.4,98.3,99.8,100.4,101,101.9,0.9,-2.2
3,73,350,家具・家事用品／家事雑貨,,73,107.4,114.5,113.7,113.6,114,113.8,114.1,0.2,6.2
4,74,351,家具・家事用品／家事雑貨／食器類,,11,101,108.8,109.1,108.7,110.8,110.4,110.8,0.4,9.7
6,4301,352,家具・家事用品／家事雑貨／食器類／茶わん,,5,98.2,101.9,102.5,102.3,102.3,102.6,103.7,1.1,5.6
6,4302,353,家具・家事用品／家事雑貨／食器類／皿,,7,102.9,113.4,113.5,113,116.4,115.6,115.6,0,12.4
4,75,354,家具・家事用品／家事雑貨／台所用品,,21,104.2,111.4,110.1,110,110.2,110.1,111.7,1.4,7.2
6,4326,355,家具・家事用品／家事雑貨／台所用品／水筒,,4,90.8,110.6,103.2,96.3,99.4,100.1,109.5,9.4,20.6
6,4331,356,家具・家事用品／家事雑貨／台所用品／鍋,,5,117.9,127,129.2,131.1,130.1,128.4,128.4,0,8.9
6,4334,357,家具・家事用品／家事雑貨／台所用品／フライパン,,8,102.2,103.9,102.6,104.2,103.5,103.9,103.1,-0.7,0.9
6,4342,358,家具・家事用品／家事雑貨／台所用品／スポンジたわし,,3,103.8,105.4,106.2,106.9,107.8,108.1,108.1,0,4.1
4,76,359,家具・家事用品／家事雑貨／他の家事雑貨,,41,110.8,117.7,116.8,116.8,116.8,116.7,116.2,-0.4,4.9
6,4352,360,家具・家事用品／家事雑貨／他の家事雑貨／電球・ランプ,,6,131.5,129.3,129.4,129.4,128.4,125,125.4,0.3,-4.6
6,4361,361,家具・家事用品／家事雑貨／他の家事雑貨／タオル,,14,110.6,116.3,114.6,113.6,112.4,112.2,114.8,2.3,3.8
6,4362,362,家具・家事用品／家事雑貨／他の家事雑貨／マット,,7,101,97.8,98,96.9,96.7,97.2,94.3,-3,-6.7
6,4372,363,家具・家事用品／家事雑貨／他の家事雑貨／物干し用ハンガー,,3,109.8,129.2,124.3,129.1,130.4,127,125.8,-1,14.6
6,4373,364,家具・家事用品／家事雑貨／他の家事雑貨／収納ケース,,10,105.2,122,122.2,122.9,124.8,127.3,123.9,-2.7,17.8
3,77,365,家具・家事用品／家事用消耗品,,87,107,116.5,115.2,118.1,117.8,117.9,119.5,1.4,11.8
4,78,366,家具・家事用品／家事用消耗品／ティシュ・トイレットペーパー,,21,106.3,123,122.6,122.4,122.9,122,125.7,3,18.2
6,4412,367,家具・家事用品／家事用消耗品／ティシュ・トイレットペーパー／ティシュペーパー,,8,102.7,118.7,117.7,119.2,118.7,119,125,5.1,21.7
6,4413,368,家具・家事用品／家事用消耗品／ティシュ・トイレットペーパー／トイレットペーパー,,13,108.7,125.8,125.8,124.5,125.7,124,126.1,1.7,16.1
4,79,369,家具・家事用品／家事用消耗品／洗剤,,25,104.2,112.8,113,112.9,113.4,111.8,113.7,1.6,9
6,4431,370,家具・家事用品／家事用消耗品／洗剤／台所用洗剤,,11,102.2,114.1,114.4,114.4,114.2,115.2,120.8,4.9,18.2
6,4441,371,家具・家事用品／家事用消耗品／洗剤／洗濯用洗剤,,14,105.9,111.8,111.9,111.7,112.7,109.1,107.9,-1.2,1.8
4,80,372,家具・家事用品／家事用消耗品／他の家事用消耗品,,41,108.9,115.3,112.7,118.9,117.8,119.4,119.9,0.4,10.1
6,4401,373,家具・家事用品／家事用消耗品／他の家事用消耗品／ラップ,,5,113.1,123.9,124.4,124,122.9,122.5,122.3,-0.2,8.1
6,4402,374,家具・家事用品／家事用消耗品／他の家事用消耗品／ポリ袋,,7,115.8,115.2,104,119.2,103.3,115.6,112.8,-2.4,-2.6
6,4451,375,家具・家事用品／家事用消耗品／他の家事用消耗品／殺虫剤,,7,104.1,121.2,121.2,120,118.8,121.2,125,3.1,20.1
6,4442,376,家具・家事用品／家事用消耗品／他の家事用消耗品／柔軟仕上剤,,7,121.4,129.6,127.7,125.4,130,128.6,130.3,1.3,7.4
6,4471,377,家具・家事用品／家事用消耗品／他の家事用消耗品／芳香・消臭剤,,7,104.4,102.9,102.9,102.9,102.9,103.6,103.9,0.3,-0.5
6,4403,378,家具・家事用品／家事用消耗品／他の家事用消耗品／キッチンペーパー,,3,103.8,116.5,112.4,114.9,116.4,116.4,115.4,-0.9,11.1
6,4472,379,家具・家事用品／家事用消耗品／他の家事用消耗品／漂白剤,,6,97.7,98.8,97.6,126,132.8,128,128.4,0.3,31.4
3,81,380,家具・家事用品／家事サービス,,23,101.6,101.6,101.6,101.6,101.6,101.4,101.4,0,-0.2
4,174,381,家具・家事用品／家事サービス／家事代行料,,10,100.1,100.1,100.1,100.1,100.1,99.6,99.6,0,-0.5
6,4501,382,家具・家事用品／家事サービス／家事代行料／家事代行料,,10,100.1,100.1,100.1,100.1,100.1,99.6,99.6,0,-0.5
4,175,383,家具・家事用品／家事サービス／清掃代,,7,100,100,100,100,100,100,100,0,0
6,4521,384,家具・家事用品／家事サービス／清掃代／リサイクル料金,,7,100,100,100,100,100,100,100,0,0
6,4515,385,家具・家事用品／家事サービス／清掃代／浄化槽清掃代,,0,- ,- ,- ,- ,- ,- ,- ,- ,- 
4,176,386,家具・家事用品／家事サービス／他の家事サービス,,6,105.5,105.5,105.5,105.5,105.5,105.5,105.5,0,0
6,4701,387,家具・家事用品／家事サービス／他の家事サービス／モップレンタル料,,6,105.5,105.5,105.5,105.5,105.5,105.5,105.5,0,0
1,82,388,被服及び履物,,375,103.4,106.6,106.5,105.2,105,107.7,108,0.3,4.4
2,83,389,被服及び履物／衣料,,170,104.1,106.6,106.8,105.8,105.1,107.8,108,0.2,3.7
3,84,390,被服及び履物／衣料／和服,,5,101.9,106.6,106.3,106.6,107.3,107.2,106.3,-0.9,4.3
6,5011,391,被服及び履物／衣料／和服／婦人用着物,,4,100.8,107.3,107.3,107.8,109,109,107.7,-1.1,6.9
6,5041,392,被服及び履物／衣料／和服／婦人用帯,,1,105.3,104.4,103.2,103.2,102.5,102,102,0,-3.2
3,85,393,被服及び履物／衣料／洋服,,165,104.2,106.6,106.8,105.8,105,107.8,108.1,0.2,3.7
5,86,394,被服及び履物／衣料／洋服／男子用洋服,,45,105.5,108.4,108.6,108.3,108.5,110.1,111.2,1,5.5
6,5101,395,被服及び履物／衣料／洋服／男子用洋服／背広服（春夏物，中級品）,,6,104.6,103.5,103.5,101.7,102.3,103.1,103.1,0,-1.5
6,5103,396,被服及び履物／衣料／洋服／男子用洋服／背広服（春夏物，普通品）,,4,108.3,119,121.1,123.3,124,120.6,120.6,0,11.4
6,5102,397,被服及び履物／衣料／洋服／男子用洋服／背広服（秋冬物，中級品）,,6,105,105.4,105.4,105.4,105.4,107.6,108.3,0.7,3.1
6,5104,398,被服及び履物／衣料／洋服／男子用洋服／背広服（秋冬物，普通品）,,4,114.9,113.8,113.8,113.8,113.8,119.9,118.4,-1.2,3
6,5111,399,被服及び履物／衣料／洋服／男子用洋服／男子用上着,,5,112.7,109.9,109.9,109.9,109.9,109.9,119.7,8.9,6.2
6,5122,400,被服及び履物／衣料／洋服／男子用洋服／男子用ズボン（春夏物）,,6,102.7,109.8,109.8,108.4,108.4,109.1,109.1,0,6.1
6,5121,401,被服及び履物／衣料／洋服／男子用洋服／男子用ズボン（秋冬物）,,5,98.7,96.3,96.3,96.3,96.3,105.1,104.8,-0.3,6.2
6,5123,402,被服及び履物／衣料／洋服／男子用洋服／男子用ズボン（ジーンズ）,,2,108.3,110.8,110.8,110.4,110.4,110.4,110.4,0,2
6,5131,403,被服及び履物／衣料／洋服／男子用洋服／男子用コート,,6,100.2,112.7,112.7,112.7,112.7,112.7,112.7,0,12.5
6,5141,404,被服及び履物／衣料／洋服／男子用洋服／男子用学校制服,,2,106.3,107,107,107,107,107,107,0,0.6
5,87,405,被服及び履物／衣料／洋服／婦人用洋服,,98,104.6,106.7,106.9,106,105,107.8,107.5,-0.3,2.7
6,5166,406,被服及び履物／衣料／洋服／婦人用洋服／婦人用スーツ（春夏物，中級品）,,4,110.7,113.9,112.1,110.5,99,110.6,110.6,0,-0.1
6,5167,407,被服及び履物／衣料／洋服／婦人用洋服／婦人用スーツ（春夏物，普通品）,,3,108.4,108.1,108.3,109.5,107.2,108.2,108.2,0,-0.2
6,5162,408,被服及び履物／衣料／洋服／婦人用洋服／婦人用スーツ（秋冬物，中級品）,,4,96.9,100.1,100.1,100.1,100.1,98.7,102.3,3.6,5.5
6,5168,409,被服及び履物／衣料／洋服／婦人用洋服／婦人用スーツ（秋冬物，普通品）,,3,113.8,112,112,112,112,115.6,112.6,-2.5,-1
6,5161,410,被服及び履物／衣料／洋服／婦人用洋服／ワンピース（春夏物）,,7,103.8,104.5,106.5,94.6,87.6,102,102,0,-1.7
6,5163,411,被服及び履物／衣料／洋服／婦人用洋服／ワンピース（秋冬物）,,7,100.4,100.1,100.1,100.1,100.1,96.6,95.1,-1.6,-5.2
6,5183,412,被服及び履物／衣料／洋服／婦人用洋服／婦人用上着,,9,105.3,107.3,107.3,107.3,107.3,112.4,111.1,-1.2,5.5
6,5169,413,被服及び履物／衣料／洋服／婦人用洋服／スカート（春夏物）,,6,104.5,105.1,108.4,107,109.1,107.1,107.1,0,2.5
6,5172,414,被服及び履物／衣料／洋服／婦人用洋服／スカート（秋冬物）,,6,107.1,107.1,107.1,107.1,107.1,114.1,114,-0.1,6.4
6,5181,415,被服及び履物／衣料／洋服／婦人用洋服／婦人用スラックス（秋冬物）,,10,106.2,104.4,104.4,104.4,104.4,110.4,110.6,0.1,4.1
6,5179,416,被服及び履物／衣料／洋服／婦人用洋服／婦人用スラックス（ジーンズ）,,16,96.7,98.5,98.5,98.5,98.5,98.5,97.6,-0.9,1
6,5182,417,被服及び履物／衣料／洋服／婦人用洋服／婦人用コート,,19,108.4,115.5,115.5,115.5,115.5,115.5,115.5,0,6.6
6,5184,418,被服及び履物／衣料／洋服／婦人用洋服／女子用学校制服,,4,110.1,112,112,112,112,112,112,0,1.8
5,88,419,被服及び履物／衣料／洋服／子供用洋服,,22,99.4,102.8,102.5,99.7,97.9,103.1,104,0.9,4.6
6,5195,420,被服及び履物／衣料／洋服／子供用洋服／子供用ズボン（春夏物）,,8,93,102.7,101.9,94,89.5,98.3,98.3,0,5.7
6,5196,421,被服及び履物／衣料／洋服／子供用洋服／子供用ズボン（秋冬物）,,11,105.6,106.4,106.4,106.4,106.4,110.4,111.7,1.2,5.8
6,5193,422,被服及び履物／衣料／洋服／子供用洋服／乳児服,,3,91.2,87.6,87.6,87.6,85.9,85.5,87.4,2.2,-4.2
2,89,423,被服及び履物／シャツ・セーター・下着類,,103,104.5,108.1,107.4,105,104.7,109.8,110.2,0.4,5.4
3,90,424,被服及び履物／シャツ・セーター・下着類／シャツ・セーター類,,73,104.9,107.2,106.3,102.7,102,109.2,109,-0.2,3.9
5,91,425,被服及び履物／シャツ・セーター・下着類／シャツ・セーター類／男子用シャツ・セーター類,,21,104.7,109.3,108.8,106.5,104.1,108.7,108.5,-0.2,3.6
6,5202,426,被服及び履物／シャツ・セーター・下着類／シャツ・セーター類／男子用シャツ・セーター類／ワイシャツ,,6,100.7,105.8,105.5,104.4,105.8,105.8,105.9,0.2,5.2
6,5211,427,被服及び履物／シャツ・セーター・下着類／シャツ・セーター類／男子用シャツ・セーター類／男子用スポーツシャツ（長袖）,,3,97.1,97.8,97.8,97.8,97.8,102.8,103,0.2,6
6,5212,428,被服及び履物／シャツ・セーター・下着類／シャツ・セーター類／男子用シャツ・セーター類／男子用スポーツシャツ（半袖）,,8,101.5,108.8,107.7,102.1,94.2,104.4,104.4,0,2.8
6,5221,429,被服及び履物／シャツ・セーター・下着類／シャツ・セーター類／男子用シャツ・セーター類／男子用セーター,,5,119.8,122,122,122,122,123,121.9,-1,1.7
5,92,430,被服及び履物／シャツ・セーター・下着類／シャツ・セーター類／婦人用シャツ・セーター類,,46,105.7,106.4,105.5,101.6,101.9,110,110.1,0,4.1
6,5231,431,被服及び履物／シャツ・セーター・下着類／シャツ・セーター類／婦人用シャツ・セーター類／ブラウス（長袖）,,4,102.8,102.7,102.7,102.7,102.7,105,105.7,0.7,2.8
6,5232,432,被服及び履物／シャツ・セーター・下着類／シャツ・セーター類／婦人用シャツ・セーター類／ブラウス（半袖）,,6,97.8,113,109.8,100.3,98.2,106.5,106.5,0,8.9
6,5233,433,被服及び履物／シャツ・セーター・下着類／シャツ・セーター類／婦人用シャツ・セーター類／婦人用Ｔシャツ（長袖）,,8,113.3,107,107,107,107,111.6,113.3,1.5,0
6,5234,434,被服及び履物／シャツ・セーター・下着類／シャツ・セーター類／婦人用シャツ・セーター類／婦人用Ｔシャツ（半袖）,,12,104.1,110.9,107.9,98.9,102.5,106.9,106.9,0,2.7
6,5241,435,被服及び履物／シャツ・セーター・下着類／シャツ・セーター類／婦人用シャツ・セーター類／婦人用セーター（長袖）,,12,107.1,99.1,99.1,99.1,99.1,115.5,114.4,-1,6.7
6,5242,436,被服及び履物／シャツ・セーター・下着類／シャツ・セーター類／婦人用シャツ・セーター類／婦人用セーター（半袖）,,3,105.4,109,113.9,109.8,103.5,109.7,109.7,0,4
5,93,437,被服及び履物／シャツ・セーター・下着類／シャツ・セーター類／子供用シャツ・セーター類,,6,99.1,106.2,103.3,97,94.8,104,102.1,-1.8,3
6,5243,438,被服及び履物／シャツ・セーター・下着類／シャツ・セーター類／子供用シャツ・セーター類／子供用Ｔシャツ（長袖）,,3,104,99.7,99.7,99.7,99.7,105.1,101.3,-3.6,-2.6
6,5244,439,被服及び履物／シャツ・セーター・下着類／シャツ・セーター類／子供用シャツ・セーター類／子供用Ｔシャツ（半袖）,,3,94.3,112.7,106.9,94.3,90,102.9,102.9,0,9.2
3,94,440,被服及び履物／シャツ・セーター・下着類／下着類,,31,103.7,110,110.1,110.6,111.3,111.3,113.1,1.6,9
5,95,441,被服及び履物／シャツ・セーター・下着類／下着類／男子用下着類,,9,102.1,110.2,106.7,108.7,110.4,111.2,117.1,5.3,14.6
6,5301,442,被服及び履物／シャツ・セーター・下着類／下着類／男子用下着類／男子用シャツ（半袖）,,4,104.9,113.9,111.3,114.9,117.2,115.8,126.9,9.6,21
6,5311,443,被服及び履物／シャツ・セーター・下着類／下着類／男子用下着類／男子用パンツ,,2,103.9,108.7,104.8,105.3,107.4,107.4,107.6,0.2,3.6
6,5331,444,被服及び履物／シャツ・セーター・下着類／下着類／男子用下着類／男子用パジャマ,,2,94.5,103.9,99.1,99.1,99.1,105.6,106.3,0.6,12.5
5,96,445,被服及び履物／シャツ・セーター・下着類／下着類／婦人用下着類,,18,104.7,110.9,113.1,113.1,113.4,113.8,114,0.2,8.9
6,5341,446,被服及び履物／シャツ・セーター・下着類／下着類／婦人用下着類／ブラジャー,,3,103.8,102.8,103.6,103.9,103.2,103.2,103.5,0.3,-0.2
6,5351,447,被服及び履物／シャツ・セーター・下着類／下着類／婦人用下着類／婦人用ショーツ,,7,101.3,107.8,111.2,111.2,111.2,112.1,112.6,0.4,11.1
6,5361,448,被服及び履物／シャツ・セーター・下着類／下着類／婦人用下着類／ランジェリー,,7,108.5,117.7,119.2,119.1,120.2,120.2,120.2,0,10.9
5,97,449,被服及び履物／シャツ・セーター・下着類／下着類／子供用下着類,,4,102.7,105.4,103.9,103.8,103.2,100.2,99.8,-0.4,-2.8
6,5372,450,被服及び履物／シャツ・セーター・下着類／下着類／子供用下着類／子供用下着,,4,102.7,105.4,103.9,103.8,103.2,100.2,99.8,-0.4,-2.8
2,98,451,被服及び履物／履物類,,47,100,103.2,102.7,101.5,102.9,102.8,103.1,0.2,3.1
6,5601,452,被服及び履物／履物類／男子靴,,10,97,98.1,102,99.9,102.1,102.7,101.6,-1.1,4.8
6,5611,453,被服及び履物／履物類／婦人靴,,18,95,97,94.4,92.8,95.3,95.3,95.3,0,0.4
6,5641,454,被服及び履物／履物類／子供靴,,7,106.1,118,115.6,115.6,115.6,114.4,118,3.2,11.2
6,5631,455,被服及び履物／履物類／運動靴,,9,111.9,113.1,113.1,113.1,112,112,112,0,0.1
6,5671,456,被服及び履物／履物類／サンダル,,1,104.9,107.2,105.1,103.2,106.1,106.1,104.2,-1.8,-0.7
6,5652,457,被服及び履物／履物類／スリッパ,,2,82.1,85.3,87.2,84.8,86.6,86.8,86.5,-0.3,5.4
2,103,458,被服及び履物／他の被服,,28,100.6,106.7,107.1,106,107.2,108.1,108.5,0.4,7.9
6,5501,459,被服及び履物／他の被服／帽子,,5,95.3,99.1,103,102.3,100.9,101.5,102.2,0.7,7.2
6,5511,460,被服及び履物／他の被服／ネクタイ,,1,98.6,98.7,98.7,98.7,98.7,98.7,100.3,1.6,1.7
6,5572,461,被服及び履物／他の被服／マフラー,,5,102.7,114.2,114.2,114.2,114.2,114.2,114.2,0,11.2
6,5521,462,被服及び履物／他の被服／男子用靴下,,6,100.7,103.2,103.1,100.6,104.5,106.3,106.3,0,5.5
6,5531,463,被服及び履物／他の被服／婦人用ストッキング,,2,102.5,120.5,122.6,125,125.1,125.1,125.1,0,22
6,5541,464,被服及び履物／他の被服／婦人用ソックス,,6,102.3,108.1,105.9,103.7,105.6,107.5,108.4,0.9,6
6,5571,465,被服及び履物／他の被服／ベルト,,2,101.4,102.7,102.7,102.2,104.4,104.4,104.4,0,3
2,106,466,被服及び履物／被服関連サービス,,27,104,106.8,107.3,107.4,107.4,107.6,107.6,0.1,3.5
6,5711,467,被服及び履物／被服関連サービス／クリーニング代Ａ,,10,103.4,104.6,105,105,105,105,105,0,1.6
6,5712,468,被服及び履物／被服関連サービス／クリーニング代Ｂ,,10,105.6,110.5,111,111,111,111,111,0,5.2
6,5721,469,被服及び履物／被服関連サービス／履物修理代,,4,104.2,106.8,108,108.8,108.8,109.5,109.9,0.4,5.6
6,5731,470,被服及び履物／被服関連サービス／被服賃借料,,3,100.9,102.5,102.5,102.5,102.5,102.9,102.9,0,1.9
1,107,471,保健医療,,471,99.5,100.9,101.3,101.3,101.6,101.5,101.6,0.1,2.2
2,108,472,保健医療／医薬品・健康保持用摂取品,,117,101.1,103.3,103.7,103.7,104.4,104.5,104.8,0.3,3.6
6,6001,473,保健医療／医薬品・健康保持用摂取品／総合かぜ薬,,10,112.6,118.8,120.5,119.4,120.2,120.1,118.8,-1.1,5.5
6,6002,474,保健医療／医薬品・健康保持用摂取品／解熱鎮痛剤,,4,99.5,103.2,102.1,104.2,103.1,102,103.8,1.8,4.3
6,6012,475,保健医療／医薬品・健康保持用摂取品／胃腸薬,,9,97.8,98.7,98,95.3,98.4,98.4,99.9,1.6,2.2
6,6021,476,保健医療／医薬品・健康保持用摂取品／ビタミン剤Ａ,,3,104.1,102,102,102,103.4,103.4,103.5,0,-0.6
6,6022,477,保健医療／医薬品・健康保持用摂取品／ビタミン剤Ｂ,,3,102.4,103.1,106.1,105.1,106.8,105.8,105.8,0,3.4
6,6031,478,保健医療／医薬品・健康保持用摂取品／ドリンク剤,,15,98.9,101.4,101.4,100.9,101.9,102.4,106.4,3.9,7.6
6,6051,479,保健医療／医薬品・健康保持用摂取品／皮膚病薬,,5,98.1,106.9,105.3,105.5,108.1,106,99.1,-6.5,1.1
6,6061,480,保健医療／医薬品・健康保持用摂取品／はり薬,,5,99.5,105.4,113,117.6,118.1,119.1,119.1,0,19.7
6,6062,481,保健医療／医薬品・健康保持用摂取品／目薬,,8,107.3,106.2,104.5,105.7,105.6,107.2,108.1,0.9,0.8
6,6091,482,保健医療／医薬品・健康保持用摂取品／漢方薬,,8,97,95,96.1,95.9,96,96.1,96,-0.1,-1.1
6,6003,483,保健医療／医薬品・健康保持用摂取品／鼻炎薬,,8,95,94.8,95.2,95.7,97.2,97.2,97.1,-0.1,2.3
6,6090,484,保健医療／医薬品・健康保持用摂取品／健康保持用摂取品Ａ,,18,100.4,105,105,105,105,105,105,0,4.6
6,6094,485,保健医療／医薬品・健康保持用摂取品／健康保持用摂取品Ｂ,,18,102.3,102.3,102.3,102.3,102.3,102.3,102.3,0,0
2,109,486,保健医療／保健医療用品・器具,,81,99.6,106.3,108,108,108.9,108.1,108.4,0.2,8.8
6,6141,487,保健医療／保健医療用品・器具／紙おむつ（乳幼児用）,,4,99.4,106.4,106.2,106.2,106.5,106.5,110.3,3.7,11
6,6142,488,保健医療／保健医療用品・器具／紙おむつ（大人用）,,4,108.2,118,118.1,117.3,118.2,123.5,123.4,-0.1,14
6,6101,489,保健医療／保健医療用品・器具／生理用ナプキン,,6,95.4,112.4,108.9,110.2,110.3,109.5,111.5,1.9,16.9
6,6095,490,保健医療／保健医療用品・器具／入浴剤,,3,97.7,97.6,97.5,99.2,99.2,97.5,99.4,1.9,1.8
6,6181,491,保健医療／保健医療用品・器具／コンタクトレンズ用剤,,3,95.8,95.1,95.6,92.6,95.8,98.5,96.4,-2.1,0.6
6,6102,492,保健医療／保健医療用品・器具／マスク,,18,96.3,107.5,115.2,115.3,118.5,114.7,114.7,0,19.1
6,6182,493,保健医療／保健医療用品・器具／軽度失禁用品,,3,105.1,118.2,117.4,116.5,117,117.6,119.7,1.8,13.9
6,6121,494,保健医療／保健医療用品・器具／眼鏡,,17,98.7,97.9,98.1,98.1,98.1,96.8,96.8,0,-1.9
6,6161,495,保健医療／保健医療用品・器具／コンタクトレンズ,,14,99.2,105.8,107.5,107.8,107.8,107.8,106.2,-1.5,7.1
6,6171,496,保健医療／保健医療用品・器具／血圧計,,2,118.1,135.2,136.3,134.3,136.2,137.3,139.4,1.6,18.1
6,6172,497,保健医療／保健医療用品・器具／補聴器,,5,104.5,108,108,108,107.1,107.1,108,0.9,3.4
6,6173,498,保健医療／保健医療用品・器具／サポーター,,2,100.7,100.5,100.9,100.9,100.9,100.9,100.9,0,0.2
2,110,499,保健医療／保健医療サービス,,273,98.7,98.3,98.3,98.3,98.3,98.3,98.3,0,-0.4
6,6200,500,保健医療／保健医療サービス／診療代,,240,98.5,97.8,97.8,97.8,97.8,97.8,97.8,0,-0.7
6,6221,501,保健医療／保健医療サービス／マッサージ料金,,17,100,100.9,100.9,100.9,100.9,100.9,100.9,0,0.9
6,6222,502,保健医療／保健医療サービス／人間ドック受診料,,9,100,104.7,104.7,104.7,104.7,104.7,104.7,0,4.7
6,6223,503,保健医療／保健医療サービス／予防接種料,,7,100.2,100.2,100.2,100.2,100.2,100.2,100.2,0,0
1,111,504,交通・通信,,1007,91.3,93,92.8,94.4,95.1,94.4,94.9,0.5,4
3,112,505,交通・通信／交通,,235,100.6,104.7,103.8,105.4,106.6,104.6,105,0.4,4.4
4,179,506,交通・通信／交通／鉄道運賃（JR）,,87,100.1,102.7,101.3,102,103.3,101.7,102.5,0.8,2.4
6,7527,507,交通・通信／交通／鉄道運賃（JR）／普通運賃（JR）,,32,100,101.4,101.4,101.4,101.4,101.4,101.4,0,1.4
6,7528,508,交通・通信／交通／鉄道運賃（JR）／料金（JR，在来線）,,7,102.1,106.5,99.6,103.1,110.2,101.8,104.8,3,2.7
6,7530,509,交通・通信／交通／鉄道運賃（JR）／料金（JR，新幹線）,,19,99.9,102,97.9,100,103.2,98.9,101.6,2.7,1.7
6,7029,510,交通・通信／交通／鉄道運賃（JR）／通学定期（JR）,,5,100,100,100,100,100,100,100,0,0
6,7030,511,交通・通信／交通／鉄道運賃（JR）／通勤定期（JR）,,24,100,104.6,104.6,104.6,104.6,104.6,104.6,0,4.6
4,180,512,交通・通信／交通／鉄道運賃（JR以外）,,67,100,105.7,105.7,105.7,105.7,105.7,105.7,0,5.7
6,7008,513,交通・通信／交通／鉄道運賃（JR以外）／普通運賃（JR以外）,,28,100,105.6,105.6,105.6,105.6,105.6,105.6,0,5.6
6,7009,514,交通・通信／交通／鉄道運賃（JR以外）／通学定期（JR以外）,,5,100,100,100,100,100,100,100,0,0
6,7010,515,交通・通信／交通／鉄道運賃（JR以外）／通勤定期（JR以外）,,34,100,106.7,106.7,106.7,106.7,106.7,106.7,0,6.7
4,181,516,交通・通信／交通／他の交通,,58,102.6,108.9,107,112.3,115.5,109.9,110.4,0.4,7.6
6,7050,517,交通・通信／交通／他の交通／一般路線バス代,,11,100,100,100,100,100,100,100,0,0
6,7057,518,交通・通信／交通／他の交通／高速バス代,,4,101.7,106.5,106.5,106.5,106.5,106.5,106.5,0,4.7
6,7060,519,交通・通信／交通／他の交通／タクシー代,,25,100,114.4,114.4,114.4,114.4,114.4,114.4,0,14.4
6,7070,520,交通・通信／交通／他の交通／航空運賃,,19,107.5,107,101.2,117.6,127.2,110.2,111.5,1.2,3.8
4,182,521,交通・通信／交通／有料道路料,,22,99,99,99,99,99,99,99,0,0
6,7363,522,交通・通信／交通／有料道路料／高速自動車国道料金,,17,98.9,98.9,98.9,98.9,98.9,98.9,98.9,0,0
6,7364,523,交通・通信／交通／有料道路料／都市高速道路料金,,6,99.1,99.1,99.1,99.1,99.1,99.1,99.1,0,0
3,113,524,交通・通信／自動車等関係費,,428,102.4,103.5,103.6,104.4,105.4,105.1,105.1,0.1,2.7
5,114,525,交通・通信／自動車等関係費／自動車,,106,102.4,103.3,103.6,103.9,104.2,104.2,104.6,0.3,2.2
6,7105,526,交通・通信／自動車等関係費／自動車／軽乗用車,,23,101.7,102,102.8,102.8,103,103,103.8,0.7,2.1
6,7106,527,交通・通信／自動車等関係費／自動車／小型乗用車,,28,100.7,101.4,101.7,101.7,101.8,101.8,101.8,0,1.1
6,7113,528,交通・通信／自動車等関係費／自動車／普通乗用車Ａ,,41,101.5,101.6,101.6,102.3,102.6,102.6,102.6,0,1.1
6,7115,529,交通・通信／自動車等関係費／自動車／普通乗用車Ｂ,,13,109.9,115.7,116,116.2,116.9,116.9,118.5,1.3,7.8
5,115,530,交通・通信／自動車等関係費／自転車,,12,108.7,119.5,117.4,118.7,120,119.8,120,0.2,10.4
6,7201,531,交通・通信／自動車等関係費／自転車／自転車Ａ,,7,111.7,124.6,122.2,125,127,127.7,128.3,0.4,14.9
6,7202,532,交通・通信／自動車等関係費／自転車／自転車Ｂ,,5,104.2,111.8,110.2,109.4,109.4,108,107.6,-0.3,3.3
5,116,533,交通・通信／自動車等関係費／自動車等維持,,309,102.1,102.9,103,103.9,105.2,104.8,104.7,-0.1,2.6
6,7301,534,交通・通信／自動車等関係費／自動車等維持／ガソリン,,51,122.3,123.1,124.4,127.3,134,135.5,131.4,-3.1,7.4
6,7311,535,交通・通信／自動車等関係費／自動車等維持／自動車タイヤ,,17,102.5,103.6,100.9,102,105,102,103.5,1.5,1
6,7312,536,交通・通信／自動車等関係費／自動車等維持／自動車バッテリー,,4,98.3,105.9,105.9,105.9,109.2,109.2,109.2,0,11.1
6,7313,537,交通・通信／自動車等関係費／自動車等維持／カーナビゲーション,,6,82.4,90.1,89.9,89.9,85.4,86.7,87.3,0.7,6
6,7315,538,交通・通信／自動車等関係費／自動車等維持／ドライブレコーダー,,8,79.4,76,81.2,81.2,81.2,76.6,76.6,0,-3.5
6,7331,539,交通・通信／自動車等関係費／自動車等維持／自動車整備費（定期点検）,,19,108,108.4,108.4,108.4,108.4,108.4,109.9,1.3,1.8
6,7335,540,交通・通信／自動車等関係費／自動車等維持／自動車整備費（パンク修理）,,15,103.7,104.1,104.1,104.1,104.1,104.1,110.1,5.8,6.2
6,7341,541,交通・通信／自動車等関係費／自動車等維持／自動車オイル交換料,,6,107.8,109.8,109.8,109.8,109.8,109.8,118.4,7.9,9.8
6,7342,542,交通・通信／自動車等関係費／自動車等維持／車庫借料,,58,98.9,98.9,98.9,98.9,98.9,98.9,98.9,0,0
6,7343,543,交通・通信／自動車等関係費／自動車等維持／駐車料金,,10,106,106,106,106,106,106,106,0,0
6,7351,544,交通・通信／自動車等関係費／自動車等維持／自動車免許手数料,,1,100,100,100,100,100,100,100,0,0
6,7344,545,交通・通信／自動車等関係費／自動車等維持／レンタカー料金,,15,99.3,119.4,117.8,125,127.3,118.3,117.8,-0.4,18.6
6,7347,546,交通・通信／自動車等関係費／自動車等維持／洗車代,,1,106,110.5,110.5,110.5,110.5,113.6,114.1,0.4,7.6
6,7350,547,交通・通信／自動車等関係費／自動車等維持／ロードサービス料,,2,100,100,100,100,100,100,100,0,0
6,7370,548,交通・通信／自動車等関係費／自動車等維持／自動車保険料（自賠責）,,15,88.7,78.5,78.5,78.5,78.5,78.5,78.5,0,-11.6
6,7390,549,交通・通信／自動車等関係費／自動車等維持／自動車保険料（任意）,,81,96.2,95.7,95.7,95.7,95.7,95.7,95.7,0,-0.6
3,117,550,交通・通信／通信,,345,71.1,72,71.8,74.5,74.4,74.3,75.4,1.5,6
6,7401,551,交通・通信／通信／はがき,,2,100,100,100,100,100,100,100,0,0
6,7402,552,交通・通信／通信／封書,,5,100,100,100,100,100,100,100,0,0
6,7410,553,交通・通信／通信／通信料（固定電話）,,42,100,100,100,100,100,100,100,0,0
6,7430,554,交通・通信／通信／通信料（携帯電話）,,206,47.9,48.7,48.8,52.8,52.8,52.8,53.1,0.6,10.9
6,7433,555,交通・通信／通信／運送料,,20,100,107,107,107,107,107,110,2.8,10
6,7446,556,交通・通信／通信／携帯電話機,,69,111.6,111.5,110.3,111.5,111,110.8,114.5,3.4,2.6
1,118,557,教育,,465,101.1,103.1,103.2,103.2,103.2,103.2,103.2,0,2
3,119,558,教育／授業料等,,323,99.9,100.6,100.6,100.6,100.6,100.6,100.6,0,0.7
6,8001,559,教育／授業料等／ＰＴＡ会費（小学校）,,16,88.6,91.1,89.6,89.6,89.6,89.6,89.6,0,1.1
6,8002,560,教育／授業料等／ＰＴＡ会費（中学校）,,7,109.6,109.6,115.8,115.8,115.8,115.8,115.8,0,5.7
6,8010,561,教育／授業料等／中学校授業料（私立）,,36,101.1,102.2,102.2,102.2,102.2,102.2,102.2,0,1.1
6,8020,562,教育／授業料等／高等学校授業料（公立）,,9,100,100,100,100,100,100,100,0,0
6,8030,563,教育／授業料等／高等学校授業料（私立）,,68,100.2,100.9,100.9,100.9,100.9,100.9,100.9,0,0.6
6,8040,564,教育／授業料等／大学授業料（国立）,,12,99.5,99.8,99.8,99.8,99.8,99.8,99.8,0,0.3
6,8060,565,教育／授業料等／大学授業料（私立）,,153,100.3,100.9,100.9,100.9,100.9,100.9,100.9,0,0.6
6,8070,566,教育／授業料等／短期大学授業料（私立）,,8,100,100.1,100.1,100.1,100.1,100.1,100.1,0,0.1
6,8077,567,教育／授業料等／専修学校授業料（私立）,,16,99.8,99.8,99.8,99.8,99.8,99.8,99.8,0,0
3,120,568,教育／教科書・学習参考教材,,6,104,104.5,104.5,104.5,104.5,104.5,104.5,0,0.5
6,8110,569,教育／教科書・学習参考教材／教科書,,2,105,106.5,106.5,106.5,106.5,106.5,106.5,0,1.4
6,8100,570,教育／教科書・学習参考教材／学習参考教材,,4,103.4,103.4,103.4,103.4,103.4,103.4,103.4,0,0
3,121,571,教育／補習教育,,136,103.8,109.1,109.1,109.1,109.1,109.1,109.1,0,5.1
6,8203,572,教育／補習教育／補習教育（小学校）,,51,102.2,107.9,107.9,107.9,107.9,107.9,107.9,0,5.5
6,8201,573,教育／補習教育／補習教育（中学校）,,39,102,103.7,103.7,103.7,103.7,103.7,103.7,0,1.7
6,8204,574,教育／補習教育／補習教育（高校・予備校）,,46,107.2,115.1,115.1,115.1,115.1,115.1,115.1,0,7.4
1,122,575,教養娯楽,,939,103.5,108.1,106.6,109.1,111.5,109.5,111.2,1.5,7.5
3,123,576,教養娯楽／教養娯楽用耐久財,,80,105.2,106,104.9,105.2,104.6,103.8,105.2,1.4,0
6,9013,577,教養娯楽／教養娯楽用耐久財／テレビ,,21,103.3,100.9,100.8,100.6,101,100.7,102,1.3,-1.3
6,9034,578,教養娯楽／教養娯楽用耐久財／ビデオレコーダー,,5,101.7,107.1,108.6,109,110.1,108.4,112.1,3.4,10.2
6,9078,579,教養娯楽／教養娯楽用耐久財／パソコン（デスクトップ型）,,12,91.8,90.5,90.2,90.1,91.3,92.4,94.6,2.4,3.1
6,9079,580,教養娯楽／教養娯楽用耐久財／パソコン（ノート型）,,22,104.9,106.6,102.6,102.2,100.9,98.9,101.9,3,-2.9
6,9080,581,教養娯楽／教養娯楽用耐久財／タブレット端末,,6,115.7,118.5,117,121.7,115.5,112.1,111.8,-0.3,-3.4
6,9081,582,教養娯楽／教養娯楽用耐久財／プリンタ,,4,128.2,117,116.9,116.3,115.2,114.7,112.3,-2,-12.4
6,9043,583,教養娯楽／教養娯楽用耐久財／カメラ,,3,122.5,124.1,126.3,130,129.6,129.1,126.2,-2.2,3
6,9051,584,教養娯楽／教養娯楽用耐久財／ピアノ,,5,106.1,112.1,112.1,112.1,112.1,112.1,112.1,0,5.7
6,9061,585,教養娯楽／教養娯楽用耐久財／学習用机,,2,110.2,136.8,136.8,136.8,136.8,136.8,136.8,0,24.2
3,128,586,教養娯楽／教養娯楽用品,,176,104.1,108,107.8,107.7,109.2,109.7,110,0.2,5.6
4,129,587,教養娯楽／教養娯楽用品／文房具,,20,105,104.5,104.3,105.6,110.3,110.9,109.7,-1.1,4.5
6,9111,588,教養娯楽／教養娯楽用品／文房具／ボールペン,,4,99,99,99,99,99.1,99.1,99.1,0,0
6,9121,589,教養娯楽／教養娯楽用品／文房具／ノートブック,,12,106.1,103.5,104,106.1,111.2,112.2,110,-1.9,3.7
6,9129,590,教養娯楽／教養娯楽用品／文房具／はさみ,,4,107.7,112.6,110.3,110.8,119,119,119,0,10.5
4,130,591,教養娯楽／教養娯楽用品／運動用具類,,38,100.1,102,102.2,101.1,102.6,101.8,100.8,-1,0.7
6,9142,592,教養娯楽／教養娯楽用品／運動用具類／ゴルフクラブ,,9,81.7,80.9,80.9,80.9,79.4,70.8,66.8,-5.6,-18.3
6,9141,593,教養娯楽／教養娯楽用品／運動用具類／グローブ,,1,98.7,94,94,94,96.2,96.2,96.2,0,-2.6
6,9143,594,教養娯楽／教養娯楽用品／運動用具類／テニスラケット,,2,103.5,102,102,102.5,100.9,104.3,104.3,0,0.8
6,9144,595,教養娯楽／教養娯楽用品／運動用具類／釣ざお,,3,102,106.1,107.2,106.3,103,104.1,101.6,-2.4,-0.3
6,9145,596,教養娯楽／教養娯楽用品／運動用具類／トレーニングパンツ,,11,109,110.4,108,104.2,108.4,111.5,111.5,0,2.3
6,9149,597,教養娯楽／教養娯楽用品／運動用具類／水着,,5,103.2,110.8,110.8,110.8,110.8,110.8,110.8,0,7.4
6,9140,598,教養娯楽／教養娯楽用品／運動用具類／競技用靴,,7,106.8,110.4,115.2,115.7,120.9,121.7,122.8,0.9,14.9
4,131,599,教養娯楽／教養娯楽用品／玩具,,23,99.7,98.8,102.9,101.6,102.9,102.6,102.3,-0.3,2.6
6,9154,600,教養娯楽／教養娯楽用品／玩具／家庭用ゲーム機,,3,100,100,100,100,100,99.9,99.9,0,-0.1
6,9156,601,教養娯楽／教養娯楽用品／玩具／ゲームソフト,,6,97.6,97,97.5,97.4,97.4,97.4,97.4,0,-0.2
6,9151,602,教養娯楽／教養娯楽用品／玩具／人形,,2,96.9,94.4,102.9,102.9,103.6,103.6,104.4,0.7,7.7
6,9152,603,教養娯楽／教養娯楽用品／玩具／玩具自動車,,5,105.1,102.5,104.1,104.4,104.4,104.4,104.4,0,-0.6
6,9153,604,教養娯楽／教養娯楽用品／玩具／組立玩具,,7,98.5,98.6,107.5,103.2,107.1,106.1,104.9,-1.1,6.5
4,132,605,教養娯楽／教養娯楽用品／切り花,,21,110.3,114.5,111.2,110.4,112.7,118.5,125.9,6.2,14.1
6,9181,606,教養娯楽／教養娯楽用品／切り花／切り花（カーネーション）,,3,108.5,123.2,107.9,107.8,109.5,111.7,112.7,0.9,3.9
6,9182,607,教養娯楽／教養娯楽用品／切り花／切り花（きく）,,12,111,110,110.8,111.2,115.9,123.1,134.8,9.5,21.4
6,9183,608,教養娯楽／教養娯楽用品／切り花／切り花（バラ）,,6,110,119.1,113.4,110,107.8,112.7,114.6,1.7,4.2
4,133,609,教養娯楽／教養娯楽用品／他の教養娯楽用品,,72,105.7,113.1,112.2,113,113.4,113.3,112.8,-0.5,6.7
6,9199,610,教養娯楽／教養娯楽用品／他の教養娯楽用品／メモリーカード,,2,75.7,74,71.8,71.8,73.3,73.9,73.7,-0.3,-2.6
6,9172,611,教養娯楽／教養娯楽用品／他の教養娯楽用品／コンパクトディスク,,4,92.1,108.3,104.9,101,96.4,102.8,100,-2.7,8.6
6,9174,612,教養娯楽／教養娯楽用品／他の教養娯楽用品／ビデオソフト,,4,100,100,100,100,100,100,100,0,0
6,9193,613,教養娯楽／教養娯楽用品／他の教養娯楽用品／ペットフード（ドッグフード）,,11,108.5,108.1,107.8,105.7,105.4,107,107,0,-1.4
6,9196,614,教養娯楽／教養娯楽用品／他の教養娯楽用品／ペットフード（キャットフード）,,11,97.1,130.3,130.3,132.8,135,132.4,131.8,-0.5,35.8
6,9185,615,教養娯楽／教養娯楽用品／他の教養娯楽用品／ペットトイレ用品,,18,114.6,118,115.3,114.9,117.1,115.3,117.6,2,2.6
6,9184,616,教養娯楽／教養娯楽用品／他の教養娯楽用品／鉢植え,,6,103.8,106.5,105,105,103.8,103.4,102.8,-0.6,-0.9
6,9190,617,教養娯楽／教養娯楽用品／他の教養娯楽用品／園芸用土,,2,104.2,117.8,118.3,119.5,119.5,119.2,118.7,-0.4,13.9
6,9189,618,教養娯楽／教養娯楽用品／他の教養娯楽用品／園芸用肥料,,3,100.1,99.9,99.4,99.4,99.4,99.4,99.4,0,-0.7
6,9195,619,教養娯楽／教養娯楽用品／他の教養娯楽用品／電池,,6,119,117.3,119.9,133.1,133.1,132.7,123.1,-7.2,3.5
6,9128,620,教養娯楽／教養娯楽用品／他の教養娯楽用品／プリンタ用インク,,5,106.2,110.6,110.9,110.7,109.8,111.1,111.1,0,4.6
3,134,621,教養娯楽／書籍・他の印刷物,,105,104.2,107.4,108.6,110.1,110.2,110.4,110.4,0,5.9
4,135,622,教養娯楽／書籍・他の印刷物／新聞代,,66,103.9,107.7,109.7,111.9,111.9,111.9,111.9,0,7.7
6,9204,623,教養娯楽／書籍・他の印刷物／新聞代／新聞代（地方・ブロック紙）,,6,100,100,100,100,100,100,100,0,0
6,9205,624,教養娯楽／書籍・他の印刷物／新聞代／新聞代（全国紙）,,60,104.3,108.5,110.7,113.1,113.1,113.1,113.1,0,8.4
4,136,625,教養娯楽／書籍・他の印刷物／雑誌,,8,107.6,111.3,110.2,110.2,112.7,113.3,113.8,0.4,5.7
6,9226,626,教養娯楽／書籍・他の印刷物／雑誌／月刊誌,,6,108.6,112.2,110.9,110.9,112.3,114.3,114.8,0.5,5.8
6,9230,627,教養娯楽／書籍・他の印刷物／雑誌／週刊誌,,2,103.5,107.7,107.7,107.7,114,109.4,109.4,0,5.7
4,137,628,教養娯楽／書籍・他の印刷物／書籍,,30,104,105.8,105.8,105.9,105.7,106.3,106.3,0,2.2
6,9261,629,教養娯楽／書籍・他の印刷物／書籍／単行本Ａ,,13,102.7,103.5,103.5,103.9,103.3,104.8,104.8,0,2
6,9263,630,教養娯楽／書籍・他の印刷物／書籍／単行本Ｂ,,17,105,107.4,107.4,107.4,107.4,107.4,107.4,0,2.3
3,138,631,教養娯楽／教養娯楽サービス,,579,102.9,108.6,106.2,109.9,113.3,110.2,112.5,2.1,9.4
4,139,632,教養娯楽／教養娯楽サービス／宿泊料,,100,104.2,133.4,122,141.9,157.3,144.2,148.9,3.3,42.8
6,9300,633,教養娯楽／教養娯楽サービス／宿泊料／宿泊料,,100,104.2,133.4,122,141.9,157.3,144.2,148.9,3.3,42.8
4,177,634,教養娯楽／教養娯楽サービス／パック旅行費,,34,94.7,99.3,94.1,106.2,118,99.2,94.7,-4.5,0
6,9305,635,教養娯楽／教養娯楽サービス／パック旅行費／外国パック旅行費,,34,94.7,99.3,94.1,106.2,118,99.2,94.7,-4.5,0
4,140,636,教養娯楽／教養娯楽サービス／月謝類,,112,104.8,106.2,106.3,106.4,106.4,106.6,107.2,0.6,2.3
6,9328,637,教養娯楽／教養娯楽サービス／月謝類／講習料（英会話）,,15,100,100,100,100,100,100,100,0,0
6,9329,638,教養娯楽／教養娯楽サービス／月謝類／講習料（書道）,,8,101.1,101.5,101.5,101.5,101.5,103,103,0,1.9
6,9326,639,教養娯楽／教養娯楽サービス／月謝類／講習料（音楽）,,20,102.1,104.2,104.2,104.2,104.2,104.2,104.9,0.7,2.7
6,9319,640,教養娯楽／教養娯楽サービス／月謝類／講習料（ダンス）,,12,102.9,104.7,104.7,104.7,104.7,104.7,104.7,0,1.7
6,9313,641,教養娯楽／教養娯楽サービス／月謝類／講習料（水泳）,,38,110,111.7,112.1,112.1,112.1,112.1,113.5,1.2,3.2
6,9343,642,教養娯楽／教養娯楽サービス／月謝類／講習料（体育）,,9,104.7,104.7,105,105.7,105.7,106.8,107.5,0.6,2.6
6,9320,643,教養娯楽／教養娯楽サービス／月謝類／自動車教習料,,10,103.1,105.3,105.3,105.3,105.3,105.3,105.3,0,2.2
4,141,644,教養娯楽／教養娯楽サービス／他の教養娯楽サービス,,332,102.7,102.9,102.6,101.7,101.9,102.2,105.1,2.9,2.4
5,142,645,教養娯楽／教養娯楽サービス／他の教養娯楽サービス／放送受信料,,67,99,99.4,99.4,99.4,99.4,99.4,94.4,-5,-4.6
6,9330,646,教養娯楽／教養娯楽サービス／他の教養娯楽サービス／放送受信料／放送受信料（ＮＨＫ）,,33,97.9,97.9,97.9,97.9,97.9,97.9,88,-10.2,-10.2
6,9368,647,教養娯楽／教養娯楽サービス／他の教養娯楽サービス／放送受信料／放送受信料（ケーブル）,,28,100,101,101,101,101,101,101,0,1
6,9367,648,教養娯楽／教養娯楽サービス／他の教養娯楽サービス／放送受信料／放送受信料（ＮＨＫ・ケーブル以外）,,6,100,100,100,100,100,100,100,0,0
5,143,649,教養娯楽／教養娯楽サービス／他の教養娯楽サービス／入場・観覧・ゲーム代,,126,106.7,107,106.1,103.5,103.8,104.5,110.1,5.3,3.1
6,9341,650,教養娯楽／教養娯楽サービス／他の教養娯楽サービス／入場・観覧・ゲーム代／映画観覧料,,14,100.9,100.9,102.8,104,104,104,104,0,3.1
6,9342,651,教養娯楽／教養娯楽サービス／他の教養娯楽サービス／入場・観覧・ゲーム代／演劇観覧料,,11,100.8,100.8,100.8,104.8,104.8,104.8,104.8,0,4
6,9345,652,教養娯楽／教養娯楽サービス／他の教養娯楽サービス／入場・観覧・ゲーム代／サッカー観覧料,,2,99.5,99.5,99.5,99.5,99.5,99.5,99.5,0,0
6,9350,653,教養娯楽／教養娯楽サービス／他の教養娯楽サービス／入場・観覧・ゲーム代／プロ野球観覧料,,6,105.5,105.5,105.5,105.5,105.5,105.5,105.5,0,0
6,9353,654,教養娯楽／教養娯楽サービス／他の教養娯楽サービス／入場・観覧・ゲーム代／ゴルフ練習料金,,7,100,101.5,101.5,101.5,102.4,102.4,102.4,0,2.4
6,9357,655,教養娯楽／教養娯楽サービス／他の教養娯楽サービス／入場・観覧・ゲーム代／ゴルフプレー料金,,33,117.9,113.7,109.9,96.7,95.1,101,119.3,18.2,1.2
6,9361,656,教養娯楽／教養娯楽サービス／他の教養娯楽サービス／入場・観覧・ゲーム代／ボウリングゲーム代,,3,107.2,113,113,113,113,113,113,0,5.4
6,9359,657,教養娯楽／教養娯楽サービス／他の教養娯楽サービス／入場・観覧・ゲーム代／プール使用料,,3,101.1,101.1,101.1,101.1,101.1,101.1,101.1,0,0
6,9362,658,教養娯楽／教養娯楽サービス／他の教養娯楽サービス／入場・観覧・ゲーム代／フィットネスクラブ使用料,,25,103.1,105.4,105.4,105.4,105.4,105.4,105.4,0,2.2
6,9374,659,教養娯楽／教養娯楽サービス／他の教養娯楽サービス／入場・観覧・ゲーム代／文化施設入場料,,7,103.1,108.6,108.6,108.6,110.4,108.6,108.6,0,5.3
6,9372,660,教養娯楽／教養娯楽サービス／他の教養娯楽サービス／入場・観覧・ゲーム代／テーマパーク入場料,,13,106.9,110.4,108.5,111.7,116.9,111,118.4,6.7,10.8
6,9395,661,教養娯楽／教養娯楽サービス／他の教養娯楽サービス／入場・観覧・ゲーム代／カラオケルーム使用料,,3,98.9,100.9,102.3,103.1,108.1,103.5,104,0.5,5.2
5,144,662,教養娯楽／教養娯楽サービス／他の教養娯楽サービス／他の娯楽サービス,,140,100.7,100.9,100.9,101.3,101.3,101.4,105.7,4.2,4.9
6,9381,663,教養娯楽／教養娯楽サービス／他の教養娯楽サービス／他の娯楽サービス／写真撮影代,,10,100.1,100.2,100.2,100.2,100.2,100.2,100.2,0,0.1
6,9391,664,教養娯楽／教養娯楽サービス／他の教養娯楽サービス／他の娯楽サービス／ビデオソフトレンタル料,,3,103.4,107.5,108,108,108,108,110.5,2.2,6.8
6,9397,665,教養娯楽／教養娯楽サービス／他の教養娯楽サービス／他の娯楽サービス／インターネット接続料,,72,100,100,100,100,100,100,108,8,8
6,9403,666,教養娯楽／教養娯楽サービス／他の教養娯楽サービス／他の娯楽サービス／ウェブコンテンツ利用料,,7,102,102.1,102.1,102.1,102.1,104.2,107.1,2.8,5
6,9396,667,教養娯楽／教養娯楽サービス／他の教養娯楽サービス／他の娯楽サービス／獣医代,,37,100.5,100.5,100.5,102,101.9,101.9,101.9,0,1.4
6,9188,668,教養娯楽／教養娯楽サービス／他の教養娯楽サービス／他の娯楽サービス／ペット美容院代,,12,105.3,106.5,106.5,106.5,106.5,106.5,106.5,0,1.2
1,145,669,諸雑費,,564,103,103.8,104.2,104,104.8,104.9,105,0.1,2
3,146,670,諸雑費／理美容サービス,,113,101.7,103,103.1,103.4,104.1,104.1,104.2,0.1,2.5
6,9504,671,諸雑費／理美容サービス／入浴料,,9,101.6,108.9,108.9,108.9,108.9,108.9,108.9,0,7.2
6,9511,672,諸雑費／理美容サービス／理髪料,,25,100.6,101.3,101.7,101.7,102.1,102.1,102.6,0.4,1.9
6,9521,673,諸雑費／理美容サービス／パーマネント代,,14,101.3,102.2,102.2,102.6,103.3,103.3,103.3,0,2
6,9531,674,諸雑費／理美容サービス／カット代,,37,100.9,102.1,102.1,102.1,103.3,103.3,103.3,0,2.3
6,9532,675,諸雑費／理美容サービス／ヘアカラーリング代,,18,100.2,101.2,101.2,100.6,101.5,101.5,101.5,0,1.3
6,9505,676,諸雑費／理美容サービス／エステティック料金,,11,110,110,110,113.5,113.5,113.5,113.5,0,3.2
3,147,677,諸雑費／理美容用品,,155,100.4,101.4,101.4,102.2,102.3,102.1,102.1,0,1.6
4,148,678,諸雑費／理美容用品／理容器具,,12,102.7,112,108,111.6,109.2,108.5,108.4,-0.1,5.6
6,9602,679,諸雑費／理美容用品／理容器具／電気かみそり,,6,97.7,114.2,107,115.4,109.9,108.7,108.2,-0.4,10.8
6,9611,680,諸雑費／理美容用品／理容器具／歯ブラシ,,5,108.7,109.2,109.1,107,108.4,108.4,108.7,0.3,-0.1
4,149,681,諸雑費／理美容用品／石けん類,,42,99.4,102.2,103.3,105.2,105.9,105.3,105.3,0,5.9
6,9621,682,諸雑費／理美容用品／石けん類／手洗い用石けん,,5,95.5,95.5,96.4,95.5,98.3,101.4,101.3,-0.1,6.1
6,9626,683,諸雑費／理美容用品／石けん類／ボディーソープ,,5,95.8,95.4,96.6,95.4,98.1,95.4,98.1,2.8,2.4
6,9627,684,諸雑費／理美容用品／石けん類／洗顔料,,5,101.4,102.4,101.5,102.6,102.2,103,103,0,1.6
6,9628,685,諸雑費／理美容用品／石けん類／クレンジング,,3,101.4,101.4,101.4,101.4,101.4,101.4,101.4,0,0
6,9622,686,諸雑費／理美容用品／石けん類／シャンプー,,10,98.3,101.2,102.9,108.9,108.9,107.1,106.6,-0.5,8.4
6,9624,687,諸雑費／理美容用品／石けん類／ヘアコンディショナー,,7,98.7,101.5,103.2,109.2,109.6,107.4,106.9,-0.5,8.4
6,9623,688,諸雑費／理美容用品／石けん類／歯磨き,,9,103.2,111.4,112.9,111.2,111.8,111.8,111.4,-0.4,7.9
4,150,689,諸雑費／理美容用品／化粧品,,101,100.6,99.9,99.9,99.9,100,100,100,0,-0.6
6,9631,690,諸雑費／理美容用品／化粧品／整髪料,,7,104.8,103.7,103.7,103.7,103,103,103.3,0.3,-1.4
6,9641,691,諸雑費／理美容用品／化粧品／養毛剤,,6,104.2,101.9,102.1,102.3,103.2,103.6,103.3,-0.3,-0.9
6,9650,692,諸雑費／理美容用品／化粧品／化粧クリームＡ,,21,100,100,100,100,100,100,100,0,0
6,9652,693,諸雑費／理美容用品／化粧品／化粧クリームＢ,,5,101.4,99,99.7,99.4,99.9,100,100.2,0.2,-1.3
6,9660,694,諸雑費／理美容用品／化粧品／化粧水Ａ,,15,100,100,100,100,100,100,100,0,0
6,9661,695,諸雑費／理美容用品／化粧品／化粧水Ｂ,,5,101.9,99.4,99.2,99.7,100.1,99.2,99.5,0.2,-2.4
6,9690,696,諸雑費／理美容用品／化粧品／乳液Ａ,,7,100,100,100,100,100,100,100,0,0
6,9692,697,諸雑費／理美容用品／化粧品／乳液Ｂ,,2,102.7,101.1,99.8,100.7,100.8,100.5,100.4,-0.2,-2.3
6,9670,698,諸雑費／理美容用品／化粧品／ファンデーションＡ,,10,100,100,100,100,100,100,100,0,0
6,9672,699,諸雑費／理美容用品／化粧品／ファンデーションＢ,,1,100.1,100.1,100.1,100.1,100.1,100.1,100.1,0,0
6,9680,700,諸雑費／理美容用品／化粧品／口紅Ａ,,3,100,100,100,100,100,100,100,0,0
6,9682,701,諸雑費／理美容用品／化粧品／口紅Ｂ,,2,100,100,100,100,100,100,100,0,0
6,9625,702,諸雑費／理美容用品／化粧品／ヘアカラーリング剤,,7,97.3,94.2,93.7,93.7,94,94.3,94.3,0,-3.1
6,9693,703,諸雑費／理美容用品／化粧品／美容液,,9,100,100,100,100,100,100,100,0,0
3,151,704,諸雑費／身の回り用品,,75,109.8,111.5,114.4,110.8,115.6,117,117.8,0.6,7.2
4,152,705,諸雑費／身の回り用品／かばん類,,54,112.8,115.1,118.9,114.2,118.9,120.2,121.2,0.8,7.4
6,9721,706,諸雑費／身の回り用品／かばん類／バッグＡ,,19,115.3,111.7,112.8,112.6,109.3,110.3,109.3,-0.9,-5.2
6,9722,707,諸雑費／身の回り用品／かばん類／バッグＢ,,23,118.1,124.4,132.5,121.7,135.5,137.5,140.9,2.5,19.3
6,9711,708,諸雑費／身の回り用品／かばん類／通学用かばん,,4,101.6,103.8,104.6,105.2,104.7,105.7,106.5,0.8,4.9
6,9731,709,諸雑費／身の回り用品／かばん類／旅行用かばん,,8,97.1,102.5,101.8,101.4,102.1,101.8,101,-0.8,4
4,153,710,諸雑費／身の回り用品／腕時計・指輪,,12,103.4,103.1,103.9,103,109,110.8,110.7,-0.2,7
6,9741,711,諸雑費／身の回り用品／腕時計・指輪／指輪,,5,105.2,107.5,107.5,105.2,106.5,106.5,106.7,0.2,1.5
6,9751,712,諸雑費／身の回り用品／腕時計・指輪／腕時計,,7,102.3,100.3,101.5,101.5,110.6,113.7,113.2,-0.4,10.7
4,154,713,諸雑費／身の回り用品／他の身の回り用品,,8,99.7,100.4,100.4,100.4,103.7,105.7,105.9,0.2,6.2
6,9701,714,諸雑費／身の回り用品／他の身の回り用品／傘,,6,99.5,99.5,99.5,99.5,104.2,107.1,107.4,0.3,7.9
6,9761,715,諸雑費／身の回り用品／他の身の回り用品／ハンカチーフ,,3,100.1,102.5,102.5,102.5,102.5,102.5,102.5,0,2.4
3,155,716,諸雑費／たばこ,,28,113.9,114.2,114.2,114.2,114.2,114.2,114.4,0.2,0.4
6,9799,717,諸雑費／たばこ／たばこ（国産品）,,14,115.4,115.4,115.4,115.4,115.4,115.4,115.4,0,0
6,9798,718,諸雑費／たばこ／たばこ（輸入品）,,14,112.4,113,113,113,113,113,113.4,0.4,0.9
3,156,719,諸雑費／他の諸雑費,,193,101.5,101.6,101.6,101.6,101.6,101.6,101.6,0,0.1
6,9960,720,諸雑費／他の諸雑費／葬儀料,,25,100.5,101.1,101.1,101.1,101.1,101.1,101.1,0,0.6
6,9928,721,諸雑費／他の諸雑費／傷害保険料,,88,102.8,102.8,102.8,102.8,102.8,102.8,102.8,0,0
6,9921,722,諸雑費／他の諸雑費／保育所保育料,,54,100,100,100,100,100,100,99.9,-0.1,-0.1
6,9951,723,諸雑費／他の諸雑費／学童保育料,,7,103.1,103.1,103.1,103.1,103.1,103.1,103.1,0,0
6,9914,724,諸雑費／他の諸雑費／介護料,,12,102.5,102.5,102.5,102.5,102.5,102.5,102.5,0,0
6,9901,725,諸雑費／他の諸雑費／行政証明書手数料,,2,100,100,100,100,100,100,100,0,0
6,9912,726,諸雑費／他の諸雑費／パスポート取得料,,1,100,100,100,100,100,100,100,0,0
6,9920,727,諸雑費／他の諸雑費／振込手数料,,1,78.6,78.6,78.6,78.6,78.6,78.6,78.6,0,0
6,9931,728,諸雑費／他の諸雑費／警備料,,2,101.1,101.1,101.1,101.1,104.4,105.3,105.3,0,4.2
,,,,,,,,,,,,,,
東京の物価／令和５年10月,,,,,,,,,,,,,,
６．東京都区部消費者物価品目別価格指数,,,,,,,,,,,,,,
２０２０年＝１００ ／(令和２年＝１００),,,,,,,,,,,,,,
階層（０：総合，１：大分類，２：中分類１，３：中分類２，４：小分類１，５：小分類２，６：品目）,,,,,,,,,,,,,,
