事業所規模,産業,和暦年,西暦年,年平均・月,現金給与総額／計(円),現金給与総額／男(円),現金給与総額／女(円),きまって支給する給与／計(円),きまって支給する給与／男(円),きまって支給する給与／女(円),所定内給与(円),所定外給与(円),特別に支払われた給与／計(円),特別に支払われた給与／男(円),特別に支払われた給与／女(円)
５人以上,TL 調査産業計,平成24,2012,年平均,405792,498335,266376,330092,400894,223430,306816,23276,75700,97441,42946
５人以上,TL 調査産業計,平成25,2013,年平均,410458,503854,269632,330137,400333,224292,306389,23748,80321,103521,45340
５人以上,TL 調査産業計,平成26,2014,年平均,412977,508464,272426,329759,400917,225018,305545,24214,83218,107547,47408
５人以上,TL 調査産業計,平成27,2015,年平均,406806,497268,273714,326216,393912,226620,303724,22492,80590,103356,47094
５人以上,TL 調査産業計,平成28,2016,年平均,408611,501351,274902,326130,395143,226630,304022,22108,82481,106208,48272
５人以上,TL 調査産業計,平成29,2017,年平均,411953,504879,279725,327748,396619,229749,305943,21805,84205,108260,49976
５人以上,TL 調査産業計,平成29,2017,1月,341659,416512,233967,323893,393470,223791,302673,21220,17766,23042,10176
５人以上,TL 調査産業計,平成29,2017,2月,337887,414397,228833,326536,397652,225171,304742,21794,11351,16745,3662
５人以上,TL 調査産業計,平成29,2017,3月,370821,450415,257276,328035,398638,227317,305774,22261,42786,51777,29959
５人以上,TL 調査産業計,平成29,2017,4月,355218,431363,246655,332027,401318,233235,309387,22640,23191,30045,13420
５人以上,TL 調査産業計,平成29,2017,5月,361176,442332,245508,325267,391560,230782,303502,21765,35909,50772,14726
５人以上,TL 調査産業計,平成29,2017,6月,603613,751004,394695,328407,397333,230708,307204,21203,275206,353671,163987
５人以上,TL 調査産業計,平成29,2017,7月,460978,567268,309856,329812,398243,232517,308007,21805,131166,169025,77339
５人以上,TL 調査産業計,平成29,2017,8月,341879,414792,237240,326467,393831,229791,305494,20973,15412,20961,7449
５人以上,TL 調査産業計,平成29,2017,9月,340651,414494,235909,327316,396520,229154,306618,20698,13335,17974,6755
５人以上,TL 調査産業計,平成29,2017,10月,343949,415839,241627,328678,396631,231959,306753,21925,15271,19208,9668
５人以上,TL 調査産業計,平成29,2017,11月,367821,448746,253380,329272,398397,231518,306391,22881,38549,50349,21862
５人以上,TL 調査産業計,平成29,2017,12月,711798,886996,465812,327249,395945,230796,304744,22505,384549,491051,235016
５人以上,D 建設業,平成24,2012,年平均,481421,513497,314429,410547,437815,268585,378797,31750,70874,75682,45844
５人以上,D 建設業,平成25,2013,年平均,488167,517913,317596,409552,434896,264222,377702,31850,78615,83017,53374
５人以上,D 建設業,平成26,2014,年平均,501012,532976,317793,410086,436104,260950,379520,30566,90926,96872,56843
５人以上,D 建設業,平成27,2015,年平均,481224,511016,315443,390656,414511,257910,357648,33008,90568,96505,57533
５人以上,D 建設業,平成28,2016,年平均,488863,518735,323683,394649,418225,264284,359904,34745,94214,100510,59399
５人以上,D 建設業,平成29,2017,年平均,501419,536570,327484,396588,424321,259362,357035,39553,104831,112249,68122
５人以上,D 建設業,平成29,2017,1月,390864,418060,255527,384084,410606,252099,347846,36238,6780,7454,3428
５人以上,D 建設業,平成29,2017,2月,412243,444133,261369,399095,429237,256489,357348,41747,13148,14896,4880
５人以上,D 建設業,平成29,2017,3月,425785,458713,266346,398284,427914,254814,357306,40978,27501,30799,11532
５人以上,D 建設業,平成29,2017,4月,417280,445688,277249,405010,432763,268209,365993,39017,12270,12925,9040
５人以上,D 建設業,平成29,2017,5月,443387,472640,301525,384082,410015,258321,350538,33544,59305,62625,43204
５人以上,D 建設業,平成29,2017,6月,661457,709161,429550,394383,421858,260816,360779,33604,267074,287303,168734
５人以上,D 建設業,平成29,2017,7月,597953,639700,392998,395886,423668,259490,356201,39685,202067,216032,133508
５人以上,D 建設業,平成29,2017,8月,442475,472941,288298,392162,419081,255931,355706,36456,50313,53860,32367
５人以上,D 建設業,平成29,2017,9月,409372,437904,263875,402339,430259,259963,362566,39773,7033,7645,3912
５人以上,D 建設業,平成29,2017,10月,420359,447342,273156,409199,435446,266006,364713,44486,11160,11896,7150
５人以上,D 建設業,平成29,2017,11月,473817,504629,324498,398357,426734,260838,353583,44774,75460,77895,63660
５人以上,D 建設業,平成29,2017,12月,917300,985650,584182,396125,424095,259806,351818,44307,521175,561555,324376
５人以上,E 製造業,平成24,2012,年平均,505238,561699,337420,396491,439503,268648,370827,25664,108747,122196,68772
５人以上,E 製造業,平成25,2013,年平均,507943,565587,338251,398164,441515,270548,371915,26249,109779,124072,67703
５人以上,E 製造業,平成26,2014,年平均,524288,587387,347312,404572,451924,271763,379040,25532,119716,135463,75549
５人以上,E 製造業,平成27,2015,年平均,516924,586801,331796,391470,441443,259075,365119,26351,125454,145358,72721
５人以上,E 製造業,平成28,2016,年平均,516379,587378,337062,393138,444947,262289,367252,25886,123241,142431,74773
５人以上,E 製造業,平成29,2017,年平均,527158,596174,352539,398011,448254,270890,372297,25714,129147,147920,81649
５人以上,E 製造業,平成29,2017,1月,408384,460695,272790,397376,448325,265312,372910,24466,11008,12370,7478
５人以上,E 製造業,平成29,2017,2月,406640,458399,271767,400329,451037,268194,373153,27176,6311,7362,3573
５人以上,E 製造業,平成29,2017,3月,439014,495002,297062,399498,449868,271789,372103,27395,39516,45134,25273
５人以上,E 製造業,平成29,2017,4月,440984,492728,309949,403224,452926,277361,375928,27296,37760,39802,32588
５人以上,E 製造業,平成29,2017,5月,404961,453491,279790,398316,446127,274998,372515,25801,6645,7364,4792
５人以上,E 製造業,平成29,2017,6月,784084,887398,515965,400466,448783,275076,375993,24473,383618,438615,240889
５人以上,E 製造業,平成29,2017,7月,652717,746287,420083,394377,444076,270816,370099,24278,258340,302211,149267
５人以上,E 製造業,平成29,2017,8月,407276,458435,279186,393437,443258,268697,370804,22633,13839,15177,10489
５人以上,E 製造業,平成29,2017,9月,435556,492854,291090,395267,445899,267606,369635,25632,40289,46955,23484
５人以上,E 製造業,平成29,2017,10月,418051,472633,281959,398644,450354,269714,373064,25580,19407,22279,12245
５人以上,E 製造業,平成29,2017,11月,470953,535133,312667,400046,451613,272868,372725,27321,70907,83520,39799
５人以上,E 製造業,平成29,2017,12月,1041659,1188595,681199,395323,447142,268201,368569,26754,646336,741453,412998
５人以上,F 電気・ガス・熱供給・水道業,平成24,2012,年平均,601648,628808,412612,469557,490910,320933,412548,57009,132091,137898,91679
５人以上,F 電気・ガス・熱供給・水道業,平成25,2013,年平均,590608,617331,413688,487482,510688,333848,424014,63468,103126,106643,79840
５人以上,F 電気・ガス・熱供給・水道業,平成26,2014,年平均,626661,647182,466656,495395,511987,366024,431247,64148,131266,135195,100632
５人以上,F 電気・ガス・熱供給・水道業,平成27,2015,年平均,549584,560353,501334,434609,444278,391286,391420,43189,114975,116075,110048
５人以上,F 電気・ガス・熱供給・水道業,平成28,2016,年平均,591995,607864,522262,465738,479180,406671,418169,47569,126257,128684,115591
５人以上,F 電気・ガス・熱供給・水道業,平成29,2017,年平均,575271,588533,512216,457744,470783,395749,406366,51378,117527,117750,116467
５人以上,F 電気・ガス・熱供給・水道業,平成29,2017,1月,460185,472882,400552,453847,466466,394577,408347,45500,6338,6416,5975
５人以上,F 電気・ガス・熱供給・水道業,平成29,2017,2月,459436,472037,394766,457637,469900,394698,405150,52487,1799,2137,68
５人以上,F 電気・ガス・熱供給・水道業,平成29,2017,3月,467048,478702,412129,464665,475961,411433,419433,45232,2383,2741,696
５人以上,F 電気・ガス・熱供給・水道業,平成29,2017,4月,593085,614539,491543,478872,489522,428467,430689,48183,114213,125017,63076
５人以上,F 電気・ガス・熱供給・水道業,平成29,2017,5月,448496,459988,395165,447899,459295,395014,402806,45093,597,693,151
５人以上,F 電気・ガス・熱供給・水道業,平成29,2017,6月,1008007,1010203,997042,449287,459760,396998,401267,48020,558720,550443,600044
５人以上,F 電気・ガス・熱供給・水道業,平成29,2017,7月,485541,493473,445343,456885,464898,416276,417936,38949,28656,28575,29067
５人以上,F 電気・ガス・熱供給・水道業,平成29,2017,8月,458377,474298,379325,456740,472331,379325,411803,44937,1637,1967,－
５人以上,F 電気・ガス・熱供給・水道業,平成29,2017,9月,510583,543394,380449,497546,527767,377684,432603,64943,13037,15627,2765
５人以上,F 電気・ガス・熱供給・水道業,平成29,2017,10月,470924,482844,412507,463424,475411,404677,395195,68229,7500,7433,7830
５人以上,F 電気・ガス・熱供給・水道業,平成29,2017,11月,510884,530863,410496,458391,467923,410496,393887,64504,52493,62940,－
５人以上,F 電気・ガス・熱供給・水道業,平成29,2017,12月,917472,920861,902187,418748,432447,356974,368936,49812,498724,488414,545213
５人以上,G 情報通信業,平成24,2012,年平均,550759,600247,396827,439928,477931,321720,397811,42117,110831,122316,75107
５人以上,G 情報通信業,平成25,2013,年平均,560070,605895,415463,438248,472666,329638,396812,41436,121822,133229,85825
５人以上,G 情報通信業,平成26,2014,年平均,564839,610563,424444,437812,471469,334468,393440,44372,127027,139094,89976
５人以上,G 情報通信業,平成27,2015,年平均,500888,546534,367030,399012,433841,296875,362232,36780,101876,112693,70155
５人以上,G 情報通信業,平成28,2016,年平均,508590,551547,378621,401749,433885,304521,366083,35666,106841,117662,74100
５人以上,G 情報通信業,平成29,2017,年平均,505770,547442,385548,402564,433983,311923,369735,32829,103206,113459,73625
５人以上,G 情報通信業,平成29,2017,1月,445148,484782,328315,405422,437087,312078,371850,33572,39726,47695,16237
５人以上,G 情報通信業,平成29,2017,2月,407694,438299,318083,398629,427757,313343,366506,32123,9065,10542,4740
５人以上,G 情報通信業,平成29,2017,3月,444336,477988,346410,401829,433946,308370,368612,33217,42507,44042,38040
５人以上,G 情報通信業,平成29,2017,4月,416396,446532,329320,409153,438917,323154,376192,32961,7243,7615,6166
５人以上,G 情報通信業,平成29,2017,5月,434915,469264,338337,392626,423719,305203,359334,33292,42289,45545,33134
５人以上,G 情報通信業,平成29,2017,6月,774303,843727,570849,406935,439201,312375,375069,31866,367368,404526,258474
５人以上,G 情報通信業,平成29,2017,7月,568505,620898,415649,410833,442428,318654,378252,32581,157672,178470,96995
５人以上,G 情報通信業,平成29,2017,8月,407425,440152,315037,396952,428587,307646,364354,32598,10473,11565,7391
５人以上,G 情報通信業,平成29,2017,9月,419284,452731,322894,404709,437419,310445,373647,31062,14575,15312,12449
５人以上,G 情報通信業,平成29,2017,10月,401313,432202,312976,396503,427130,308917,363783,32720,4810,5072,4059
５人以上,G 情報通信業,平成29,2017,11月,490252,528960,378651,408213,440956,313809,374064,34149,82039,88004,64842
５人以上,G 情報通信業,平成29,2017,12月,848635,920928,642838,398985,430411,309526,365144,33841,449650,490517,333312
５人以上,"H 運輸業,郵便業",平成24,2012,年平均,422285,450449,289330,346992,370176,237548,309397,37595,75293,80273,51782
５人以上,"H 運輸業,郵便業",平成25,2013,年平均,441511,474351,293662,357004,382551,241990,316101,40903,84507,91800,51672
５人以上,"H 運輸業,郵便業",平成26,2014,年平均,443256,480226,293982,357772,387022,239670,314062,43710,85484,93204,54312
５人以上,"H 運輸業,郵便業",平成27,2015,年平均,454350,490034,321172,372209,403040,257145,323828,48381,82141,86994,64027
５人以上,"H 運輸業,郵便業",平成28,2016,年平均,465110,498184,336498,375577,405024,261066,326689,48888,89533,93160,75432
５人以上,"H 運輸業,郵便業",平成29,2017,年平均,464515,494801,348676,376206,404492,268016,327714,48492,88309,90309,80660
５人以上,"H 運輸業,郵便業",平成29,2017,1月,388459,416436,261112,365420,390403,251700,317483,47937,23039,26033,9412
５人以上,"H 運輸業,郵便業",平成29,2017,2月,372878,399758,260291,370815,397558,258801,320999,49816,2063,2200,1490
５人以上,"H 運輸業,郵便業",平成29,2017,3月,385182,413224,268865,369426,396456,257306,319590,49836,15756,16768,11559
５人以上,"H 運輸業,郵便業",平成29,2017,4月,417173,447586,288717,376861,402392,269027,325405,51456,40312,45194,19690
５人以上,"H 運輸業,郵便業",平成29,2017,5月,365340,390819,266792,360611,386057,262190,313450,47161,4729,4762,4602
５人以上,"H 運輸業,郵便業",平成29,2017,6月,651096,678456,546683,372869,399366,271749,325693,47176,278227,279090,274934
５人以上,"H 運輸業,郵便業",平成29,2017,7月,538801,570658,426218,380796,410728,275018,333002,47794,158005,159930,151200
５人以上,"H 運輸業,郵便業",平成29,2017,8月,395933,427458,279668,377362,405459,273739,329162,48200,18571,21999,5929
５人以上,"H 運輸業,郵便業",平成29,2017,9月,396593,425446,291968,379339,408452,273769,334154,45185,17254,16994,18199
５人以上,"H 運輸業,郵便業",平成29,2017,10月,410646,446369,287383,386026,418440,274181,338070,47956,24620,27929,13202
５人以上,"H 運輸業,郵便業",平成29,2017,11月,422985,453476,307560,387874,418064,273586,337903,49971,35111,35412,33974
５人以上,"H 運輸業,郵便業",平成29,2017,12月,825250,881456,638189,386964,422229,269598,337466,49498,438286,459227,368591
５人以上,"I 卸売業,小売業",平成24,2012,年平均,372922,483489,236550,299894,381150,199673,286564,13330,73028,102339,36877
５人以上,"I 卸売業,小売業",平成25,2013,年平均,372263,484363,235919,298750,380911,198820,284611,14139,73513,103452,37099
５人以上,"I 卸売業,小売業",平成26,2014,年平均,372738,485085,238674,297160,378121,200548,283474,13686,75578,106964,38126
５人以上,"I 卸売業,小売業",平成27,2015,年平均,383965,490749,246368,306504,385780,204353,292106,14398,77461,104969,42015
５人以上,"I 卸売業,小売業",平成28,2016,年平均,390025,495035,251867,307415,383408,207434,292983,14432,82610,111627,44433
５人以上,"I 卸売業,小売業",平成29,2017,年平均,401149,508757,261396,314962,392504,214256,300966,13996,86187,116253,47140
５人以上,"I 卸売業,小売業",平成29,2017,1月,339898,425577,229823,313043,391553,212178,299456,13587,26855,34024,17645
５人以上,"I 卸売業,小売業",平成29,2017,2月,325057,411097,213734,312432,391510,210116,298795,13637,12625,19587,3618
５人以上,"I 卸売業,小売業",平成29,2017,3月,377858,474086,249732,312504,391622,207159,298604,13900,65354,82464,42573
５人以上,"I 卸売業,小売業",平成29,2017,4月,349764,438245,234108,316110,393903,214425,301639,14471,33654,44342,19683
５人以上,"I 卸売業,小売業",平成29,2017,5月,329841,414211,219151,313601,390580,212608,299208,14393,16240,23631,6543
５人以上,"I 卸売業,小売業",平成29,2017,6月,577439,750379,352054,314790,392160,213957,301416,13374,262649,358219,138097
５人以上,"I 卸売業,小売業",平成29,2017,7月,476018,608990,303965,318512,395873,218415,303885,14627,157506,213117,85550
５人以上,"I 卸売業,小売業",平成29,2017,8月,326240,408322,220180,312493,389300,213249,299010,13483,13747,19022,6931
５人以上,"I 卸売業,小売業",平成29,2017,9月,323955,404273,220272,314462,391706,214747,301103,13359,9493,12567,5525
５人以上,"I 卸売業,小売業",平成29,2017,10月,326556,403701,224766,314483,389355,215692,300545,13938,12073,14346,9074
５人以上,"I 卸売業,小売業",平成29,2017,11月,348996,441825,229763,318805,396845,218568,304288,14517,30191,44980,11195
５人以上,"I 卸売業,小売業",平成29,2017,12月,709447,924485,435723,318229,395672,219651,303577,14652,391218,528813,216072
５人以上,"J 金融業,保険業",平成24,2012,年平均,591254,788932,360205,450894,591998,285970,415572,35322,140360,196934,74235
５人以上,"J 金融業,保険業",平成25,2013,年平均,608622,822396,369020,448534,592968,286649,414253,34281,160088,229428,82371
５人以上,"J 金融業,保険業",平成26,2014,年平均,607589,825186,367682,447326,593673,285974,413325,34001,160263,231513,81708
５人以上,"J 金融業,保険業",平成27,2015,年平均,655537,875678,391344,481996,628088,306669,448565,33431,173541,247590,84675
５人以上,"J 金融業,保険業",平成28,2016,年平均,634282,847838,387035,477130,624907,306039,444432,32698,157152,222931,80996
５人以上,"J 金融業,保険業",平成29,2017,年平均,663539,877052,410247,486857,626447,321260,454407,32450,176682,250605,88987
５人以上,"J 金融業,保険業",平成29,2017,1月,490767,636124,311575,480735,621843,306780,449191,31544,10032,14281,4795
５人以上,"J 金融業,保険業",平成29,2017,2月,549819,737433,318687,486926,628547,312456,457332,29594,62893,108886,6231
５人以上,"J 金融業,保険業",平成29,2017,3月,673420,869030,433088,491625,627678,324466,458192,33433,181795,241352,108622
５人以上,"J 金融業,保険業",平成29,2017,4月,511295,657344,335264,499634,640743,329557,465187,34447,11661,16601,5707
５人以上,"J 金融業,保険業",平成29,2017,5月,870830,1225255,454706,481376,615082,324394,449357,32019,389454,610173,130312
５人以上,"J 金融業,保険業",平成29,2017,6月,1107107,1472189,669180,483046,617426,321854,449973,33073,624061,854763,347326
５人以上,"J 金融業,保険業",平成29,2017,7月,581363,745848,391116,484182,625618,320594,451404,32778,97181,120230,70522
５人以上,"J 金融業,保険業",平成29,2017,8月,530897,707231,325271,496471,647045,320884,465031,31440,34426,60186,4387
５人以上,"J 金融業,保険業",平成29,2017,9月,535336,709974,333114,481531,622018,318854,451245,30286,53805,87956,14260
５人以上,"J 金融業,保険業",平成29,2017,10月,508863,663708,329830,483029,620931,323585,450698,32331,25834,42777,6245
５人以上,"J 金融業,保険業",平成29,2017,11月,585101,769774,370107,486974,627371,323525,452213,34761,98127,142403,46582
５人以上,"J 金融業,保険業",平成29,2017,12月,1011004,1322616,646898,486856,623139,327615,453155,33701,524148,699477,319283
５人以上,"K 不動産業,物品賃貸業",平成24,2012,年平均,379867,451317,252747,304090,357962,208244,286986,17104,75777,93355,44503
５人以上,"K 不動産業,物品賃貸業",平成25,2013,年平均,414442,484957,276638,326307,378075,225140,307832,18475,88135,106882,51498
５人以上,"K 不動産業,物品賃貸業",平成26,2014,年平均,439195,508727,296392,346359,397676,240965,324883,21476,92836,111051,55427
５人以上,"K 不動産業,物品賃貸業",平成27,2015,年平均,441094,516892,289678,350033,408065,234108,327534,22499,91061,108827,55570
５人以上,"K 不動産業,物品賃貸業",平成28,2016,年平均,453904,537099,298886,351083,411944,237679,328731,22352,102821,125155,61207
５人以上,"K 不動産業,物品賃貸業",平成29,2017,年平均,455618,537131,302696,351166,410049,240700,327179,23987,104452,127082,61996
５人以上,"K 不動産業,物品賃貸業",平成29,2017,1月,345809,402822,233269,337827,392112,230671,317128,20699,7982,10710,2598
５人以上,"K 不動産業,物品賃貸業",平成29,2017,2月,390147,463747,248089,374869,445362,238807,351752,23117,15278,18385,9282
５人以上,"K 不動産業,物品賃貸業",平成29,2017,3月,377239,440500,254632,355262,413691,242020,330541,24721,21977,26809,12612
５人以上,"K 不動産業,物品賃貸業",平成29,2017,4月,420516,488678,292259,352804,407546,249799,325967,26837,67712,81132,42460
５人以上,"K 不動産業,物品賃貸業",平成29,2017,5月,363762,425862,248429,337111,391553,236000,313516,23595,26651,34309,12429
５人以上,"K 不動産業,物品賃貸業",平成29,2017,6月,674092,820340,416293,353089,418951,236990,330213,22876,321003,401389,179303
５人以上,"K 不動産業,物品賃貸業",平成29,2017,7月,523367,617991,344444,341076,394603,239863,317233,23843,182291,223388,104581
５人以上,"K 不動産業,物品賃貸業",平成29,2017,8月,357237,415598,248983,346267,404953,237408,322831,23436,10970,10645,11575
５人以上,"K 不動産業,物品賃貸業",平成29,2017,9月,362845,421767,252871,350709,408466,242911,327828,22881,12136,13301,9960
５人以上,"K 不動産業,物品賃貸業",平成29,2017,10月,367668,429194,252636,353926,411821,245682,328526,25400,13742,17373,6954
５人以上,"K 不動産業,物品賃貸業",平成29,2017,11月,382633,450321,259872,359549,421977,246328,333927,25622,23084,28344,13544
５人以上,"K 不動産業,物品賃貸業",平成29,2017,12月,897951,1069970,572458,352249,410738,241577,327465,24784,545702,659232,330881
５人以上,"L 学術研究,専門・技術サービス業",平成24,2012,年平均,537018,597457,395589,436488,483260,327041,398557,37931,100530,114197,68548
５人以上,"L 学術研究,専門・技術サービス業",平成25,2013,年平均,505197,555536,382952,412870,451304,319536,375057,37813,92327,104232,63416
５人以上,"L 学術研究,専門・技術サービス業",平成26,2014,年平均,501422,555872,377174,405466,447368,309852,368112,37354,95956,108504,67322
５人以上,"L 学術研究,専門・技術サービス業",平成27,2015,年平均,513855,586356,362191,410525,465678,295150,386412,24113,103330,120678,67041
５人以上,"L 学術研究,専門・技術サービス業",平成28,2016,年平均,533350,611996,365934,419660,479467,292346,395517,24143,113690,132529,73588
５人以上,"L 学術研究,専門・技術サービス業",平成29,2017,年平均,527669,601446,365665,413834,469676,291213,389198,24636,113835,131770,74452
５人以上,"L 学術研究,専門・技術サービス業",平成29,2017,1月,423118,482739,294094,410936,468553,286248,388151,22785,12182,14186,7846
５人以上,"L 学術研究,専門・技術サービス業",平成29,2017,2月,442925,503734,300810,412468,466442,286325,386641,25827,30457,37292,14485
５人以上,"L 学術研究,専門・技術サービス業",平成29,2017,3月,454319,514047,320821,420030,475612,295800,393458,26572,34289,38435,25021
５人以上,"L 学術研究,専門・技術サービス業",平成29,2017,4月,476589,543999,329574,422536,479529,298239,396273,26263,54053,64470,31335
５人以上,"L 学術研究,専門・技術サービス業",平成29,2017,5月,421969,479756,298538,408019,464428,287533,382258,25761,13950,15328,11005
５人以上,"L 学術研究,専門・技術サービス業",平成29,2017,6月,814435,944902,543886,418479,478102,294839,393271,25208,395956,466800,249047
５人以上,"L 学術研究,専門・技術サービス業",平成29,2017,7月,554053,624206,397775,416693,470572,296668,392124,24569,137360,153634,101107
５人以上,"L 学術研究,専門・技術サービス業",平成29,2017,8月,459504,525121,317727,410168,467900,285426,385966,24202,49336,57221,32301
５人以上,"L 学術研究,専門・技術サービス業",平成29,2017,9月,422374,476953,298097,411483,464863,289936,390034,21449,10891,12090,8161
５人以上,"L 学術研究,専門・技術サービス業",平成29,2017,10月,484915,553588,335768,414028,470466,291453,390139,23889,70887,83122,44315
５人以上,"L 学術研究,専門・技術サービス業",平成29,2017,11月,416901,472626,295138,407452,461942,288389,382313,25139,9449,10684,6749
５人以上,"L 学術研究,専門・技術サービス業",平成29,2017,12月,958605,1098679,647655,413685,467817,293518,389750,23935,544920,630862,354137
５人以上,"M 宿泊業,飲食サービス業",平成24,2012,年平均,163021,223057,114589,151503,205106,108261,142547,8956,11518,17951,6328
５人以上,"M 宿泊業,飲食サービス業",平成25,2013,年平均,162522,218850,115421,149730,199390,108204,139360,10370,12792,19460,7217
５人以上,"M 宿泊業,飲食サービス業",平成26,2014,年平均,166228,224670,118660,152255,203030,110927,141283,10972,13973,21640,7733
５人以上,"M 宿泊業,飲食サービス業",平成27,2015,年平均,155816,208090,109916,144450,190350,104146,134963,9487,11366,17740,5770
５人以上,"M 宿泊業,飲食サービス業",平成28,2016,年平均,147074,196958,107047,137080,180240,102448,128167,8913,9994,16718,4599
５人以上,"M 宿泊業,飲食サービス業",平成29,2017,年平均,146811,193839,108937,137726,179397,104166,129121,8605,9085,14442,4771
５人以上,"M 宿泊業,飲食サービス業",平成29,2017,1月,135070,181579,99892,132676,177809,98539,124482,8194,2394,3770,1353
５人以上,"M 宿泊業,飲食サービス業",平成29,2017,2月,133234,180078,97538,132326,178330,97271,124164,8162,908,1748,267
５人以上,"M 宿泊業,飲食サービス業",平成29,2017,3月,141756,185632,107213,136603,180240,102249,127825,8778,5153,5392,4964
５人以上,"M 宿泊業,飲食サービス業",平成29,2017,4月,140159,186063,105277,136566,179067,104269,127500,9066,3593,6996,1008
５人以上,"M 宿泊業,飲食サービス業",平成29,2017,5月,139123,180017,105953,137801,177470,105625,129028,8773,1322,2547,328
５人以上,"M 宿泊業,飲食サービス業",平成29,2017,6月,163280,221680,117097,143926,187194,109710,135144,8782,19354,34486,7387
５人以上,"M 宿泊業,飲食サービス業",平成29,2017,7月,165325,219016,121254,142283,184127,107937,133333,8950,23042,34889,13317
５人以上,"M 宿泊業,飲食サービス業",平成29,2017,8月,143036,183576,108126,140166,179149,106597,131431,8735,2870,4427,1529
５人以上,"M 宿泊業,飲食サービス業",平成29,2017,9月,137537,178996,103580,136579,177586,102992,128353,8226,958,1410,588
５人以上,"M 宿泊業,飲食サービス業",平成29,2017,10月,141039,183076,105266,138687,179893,103622,130377,8310,2352,3183,1644
５人以上,"M 宿泊業,飲食サービス業",平成29,2017,11月,140158,181911,105754,137075,175770,105190,128465,8610,3083,6141,564
５人以上,"M 宿泊業,飲食サービス業",平成29,2017,12月,181043,242586,130317,137830,176262,106153,129157,8673,43213,66324,24164
５人以上,"N 生活関連サービス業,娯楽業",平成24,2012,年平均,291358,370920,207542,252158,315203,185743,239740,12418,39200,55717,21799
５人以上,"N 生活関連サービス業,娯楽業",平成25,2013,年平均,287355,364701,217308,247465,306131,194335,234812,12653,39890,58570,22973
５人以上,"N 生活関連サービス業,娯楽業",平成26,2014,年平均,285610,357927,220571,247401,303682,196784,232926,14475,38209,54245,23787
５人以上,"N 生活関連サービス業,娯楽業",平成27,2015,年平均,250738,311908,200772,227621,279878,184935,215318,12303,23117,32030,15837
５人以上,"N 生活関連サービス業,娯楽業",平成28,2016,年平均,233863,282976,193388,209030,249201,175925,199181,9849,24833,33775,17463
５人以上,"N 生活関連サービス業,娯楽業",平成29,2017,年平均,236083,287366,195611,207897,247958,176281,196796,11101,28186,39408,19330
５人以上,"N 生活関連サービス業,娯楽業",平成29,2017,1月,219998,260979,183742,207692,245627,174131,198261,9431,12306,15352,9611
５人以上,"N 生活関連サービス業,娯楽業",平成29,2017,2月,206518,244994,175169,203034,239139,173616,193590,9444,3484,5855,1553
５人以上,"N 生活関連サービス業,娯楽業",平成29,2017,3月,223027,271155,184977,209082,245632,180186,199297,9785,13945,25523,4791
５人以上,"N 生活関連サービス業,娯楽業",平成29,2017,4月,222964,260482,193818,214568,251268,186058,203709,10859,8396,9214,7760
５人以上,"N 生活関連サービス業,娯楽業",平成29,2017,5月,212802,258617,177256,209489,252875,175828,198307,11182,3313,5742,1428
５人以上,"N 生活関連サービス業,娯楽業",平成29,2017,6月,287475,350974,237978,212621,253628,180656,200706,11915,74854,97346,57322
５人以上,"N 生活関連サービス業,娯楽業",平成29,2017,7月,254079,323558,201386,207358,249887,175104,196862,10496,46721,73671,26282
５人以上,"N 生活関連サービス業,娯楽業",平成29,2017,8月,224475,274480,185226,206126,252722,169552,195109,11017,18349,21758,15674
５人以上,"N 生活関連サービス業,娯楽業",平成29,2017,9月,210508,255182,175101,208007,251385,173627,197267,10740,2501,3797,1474
５人以上,"N 生活関連サービス業,娯楽業",平成29,2017,10月,217886,259720,185356,212898,254068,180884,200136,12762,4988,5652,4472
５人以上,"N 生活関連サービス業,娯楽業",平成29,2017,11月,210842,243458,185649,197353,235223,168102,184659,12694,13489,8235,17547
５人以上,"N 生活関連サービス業,娯楽業",平成29,2017,12月,340548,446065,259000,206652,243929,177843,193992,12660,133896,202136,81157
５人以上,"O 教育,学習支援業",平成24,2012,年平均,412285,481831,338853,321585,371520,268860,314195,7390,90700,110311,69993
５人以上,"O 教育,学習支援業",平成25,2013,年平均,440224,523668,345558,333318,389510,269570,325525,7793,106906,134158,75988
５人以上,"O 教育,学習支援業",平成26,2014,年平均,428092,507380,340035,326513,383478,263249,318892,7621,101579,123902,76786
５人以上,"O 教育,学習支援業",平成27,2015,年平均,390283,467101,321091,303160,355143,256338,295006,8154,87123,111958,64753
５人以上,"O 教育,学習支援業",平成28,2016,年平均,415747,497876,342347,317294,371336,268996,308729,8565,98453,126540,73351
５人以上,"O 教育,学習支援業",平成29,2017,年平均,404266,483983,333387,312639,370843,260888,303456,9183,91627,113140,72499
５人以上,"O 教育,学習支援業",平成29,2017,1月,339047,393140,289829,313922,369347,263491,305476,8446,25125,23793,26338
５人以上,"O 教育,学習支援業",平成29,2017,2月,318359,383643,263163,315976,380435,261477,306404,9572,2383,3208,1686
５人以上,"O 教育,学習支援業",平成29,2017,3月,347903,429910,279178,320058,392146,259646,309366,10692,27845,37764,19532
５人以上,"O 教育,学習支援業",平成29,2017,4月,335200,404408,276806,321719,388661,265236,310649,11070,13481,15747,11570
５人以上,"O 教育,学習支援業",平成29,2017,5月,317661,379781,264013,314875,375694,262352,305417,9458,2786,4087,1661
５人以上,"O 教育,学習支援業",平成29,2017,6月,676879,876300,511243,303164,362302,254045,294144,9020,373715,513998,257198
５人以上,"O 教育,学習支援業",平成29,2017,7月,412402,463090,367148,309432,366298,258661,300670,8762,102970,96792,108487
５人以上,"O 教育,学習支援業",平成29,2017,8月,312925,367351,260637,310561,363875,259341,302428,8133,2364,3476,1296
５人以上,"O 教育,学習支援業",平成29,2017,9月,319670,374449,268638,314933,367863,265623,306970,7963,4737,6586,3015
５人以上,"O 教育,学習支援業",平成29,2017,10月,330379,388065,276397,315342,370746,263495,306307,9035,15037,17319,12902
５人以上,"O 教育,学習支援業",平成29,2017,11月,320670,376660,269179,308037,362019,258392,298834,9203,12633,14641,10787
５人以上,"O 教育,学習支援業",平成29,2017,12月,802765,964602,656067,304714,354638,259460,295769,8945,498051,609964,396607
５人以上,"P 医療,福祉",平成24,2012,年平均,340396,466756,293011,288512,400816,246398,270997,17515,51884,65940,46613
５人以上,"P 医療,福祉",平成25,2013,年平均,342758,475513,291546,289555,407175,244182,271901,17654,53203,68338,47364
５人以上,"P 医療,福祉",平成26,2014,年平均,340286,453342,295330,283722,381652,244780,266373,17349,56564,71690,50550
５人以上,"P 医療,福祉",平成27,2015,年平均,324652,423422,290299,271780,356323,242375,258965,12815,52872,67099,47924
５人以上,"P 医療,福祉",平成28,2016,年平均,317911,420364,284138,268126,357775,238574,255047,13079,49785,62589,45564
５人以上,"P 医療,福祉",平成29,2017,年平均,325988,434779,289036,274986,369091,243022,261926,13060,51002,65688,46014
５人以上,"P 医療,福祉",平成29,2017,1月,269784,363777,239545,265505,359136,235383,251458,14047,4279,4641,4162
５人以上,"P 医療,福祉",平成29,2017,2月,276735,372485,244890,272714,367137,241310,259363,13351,4021,5348,3580
５人以上,"P 医療,福祉",平成29,2017,3月,324448,453174,282663,276086,379306,242581,263417,12669,48362,73868,40082
５人以上,"P 医療,福祉",平成29,2017,4月,298347,417546,259069,283660,388672,249057,270657,13003,14687,28874,10012
５人以上,"P 医療,福祉",平成29,2017,5月,284738,382337,252171,279263,375019,247311,266131,13132,5475,7318,4860
５人以上,"P 医療,福祉",平成29,2017,6月,432622,578726,384871,274576,370549,243209,260324,14252,158046,208177,141662
５人以上,"P 医療,福祉",平成29,2017,7月,352895,458568,316269,276748,369119,244733,263169,13579,76147,89449,71536
５人以上,"P 医療,福祉",平成29,2017,8月,280073,371164,248577,274481,365266,243091,262445,12036,5592,5898,5486
５人以上,"P 医療,福祉",平成29,2017,9月,272738,365702,240711,269727,362620,237725,258098,11629,3011,3082,2986
５人以上,"P 医療,福祉",平成29,2017,10月,292450,381489,260075,280473,366962,249025,267253,13220,11977,14527,11050
５人以上,"P 医療,福祉",平成29,2017,11月,309581,392022,279834,276858,363808,245485,264019,12839,32723,28214,34349
５人以上,"P 医療,福祉",平成29,2017,12月,515037,680644,457731,269797,363074,237520,256805,12992,245240,317570,220211
５人以上,Q 複合サービス事業,平成24,2012,年平均,368945,474242,259265,297527,378185,213512,280201,17326,71418,96057,45753
５人以上,Q 複合サービス事業,平成25,2013,年平均,399988,516805,285634,306643,391742,223337,288998,17645,93345,125063,62297
５人以上,Q 複合サービス事業,平成26,2014,年平均,415608,512478,308444,321480,393939,241321,302831,18649,94128,118539,67123
５人以上,Q 複合サービス事業,平成27,2015,年平均,443458,531417,344165,334600,399504,261333,317152,17448,108858,131913,82832
５人以上,Q 複合サービス事業,平成28,2016,年平均,456417,553482,358237,339687,409615,268955,322368,17319,116730,143867,89282
５人以上,Q 複合サービス事業,平成29,2017,年平均,440128,571873,334348,331153,422108,258124,314400,16753,108975,149765,76224
５人以上,Q 複合サービス事業,平成29,2017,1月,339301,416940,273016,339197,416763,272975,317691,21506,104,177,41
５人以上,Q 複合サービス事業,平成29,2017,2月,329615,409714,261476,329587,409692,261443,314185,15402,28,22,33
５人以上,Q 複合サービス事業,平成29,2017,3月,330257,424224,253723,330213,424194,253668,314877,15336,44,30,55
５人以上,Q 複合サービス事業,平成29,2017,4月,369360,471816,284184,342288,435878,264483,323460,18828,27072,35938,19701
５人以上,Q 複合サービス事業,平成29,2017,5月,331745,416642,262007,329021,414638,258692,311784,17237,2724,2004,3315
５人以上,Q 複合サービス事業,平成29,2017,6月,784747,1018803,592443,330664,417429,259376,314845,15819,454083,601374,333067
５人以上,Q 複合サービス事業,平成29,2017,7月,453152,620678,326624,331553,426637,259739,315403,16150,121599,194041,66885
５人以上,Q 複合サービス事業,平成29,2017,8月,323963,421160,248477,323422,420976,247658,308026,15396,541,184,819
５人以上,Q 複合サービス事業,平成29,2017,9月,323025,418195,248754,322792,418116,248400,309536,13256,233,79,354
５人以上,Q 複合サービス事業,平成29,2017,10月,364384,471079,280613,333959,431486,257387,317259,16700,30425,39593,23226
５人以上,Q 複合サービス事業,平成29,2017,11月,384551,486044,305598,326128,421163,252199,308018,18110,58423,64881,53399
５人以上,Q 複合サービス事業,平成29,2017,12月,950604,1313142,671301,334793,429577,261771,317629,17164,615811,883565,409530
５人以上,R サービス業（他に分類されないもの）,平成24,2012,年平均,305251,377320,213479,263844,318189,194642,239628,24216,41407,59131,18837
５人以上,R サービス業（他に分類されないもの）,平成25,2013,年平均,308779,380043,217615,263450,317086,194837,239690,23760,45329,62957,22778
５人以上,R サービス業（他に分類されないもの）,平成26,2014,年平均,312354,387887,218860,265278,322599,194327,240548,24730,47076,65288,24533
５人以上,R サービス業（他に分類されないもの）,平成27,2015,年平均,328491,380968,252473,278817,318694,221051,257027,21790,49674,62274,31422
５人以上,R サービス業（他に分類されないもの）,平成28,2016,年平均,317841,373976,242566,272335,315915,213897,252421,19914,45506,58061,28669
５人以上,R サービス業（他に分類されないもの）,平成29,2017,年平均,309418,365054,237317,265628,309141,209239,247419,18209,43790,55913,28078
５人以上,R サービス業（他に分類されないもの）,平成29,2017,1月,277671,329464,208003,260505,305469,200024,242008,18497,17166,23995,7979
５人以上,R サービス業（他に分類されないもの）,平成29,2017,2月,265899,313961,204369,261105,307871,201234,243067,18038,4794,6090,3135
５人以上,R サービス業（他に分類されないもの）,平成29,2017,3月,276263,323426,216002,264951,309747,207715,247157,17794,11312,13679,8287
５人以上,R サービス業（他に分類されないもの）,平成29,2017,4月,273285,317171,213794,262659,303504,207291,244463,18196,10626,13667,6503
５人以上,R サービス業（他に分類されないもの）,平成29,2017,5月,281542,331427,215554,267959,310355,211876,248959,19000,13583,21072,3678
５人以上,R サービス業（他に分類されないもの）,平成29,2017,6月,414817,490443,314960,261926,302926,207789,244590,17336,152891,187517,107171
５人以上,R サービス業（他に分類されないもの）,平成29,2017,7月,344463,413783,253497,268551,311947,211604,249905,18646,75912,101836,41893
５人以上,R サービス業（他に分類されないもの）,平成29,2017,8月,274020,315967,217935,267481,307567,213885,249704,17777,6539,8400,4050
５人以上,R サービス業（他に分類されないもの）,平成29,2017,9月,273020,317705,217228,267672,311899,212453,250126,17546,5348,5806,4775
５人以上,R サービス業（他に分類されないもの）,平成29,2017,10月,274823,320614,218900,266906,312548,211165,249400,17506,7917,8066,7735
５人以上,R サービス業（他に分類されないもの）,平成29,2017,11月,283531,334821,218784,269549,313749,213753,249955,19594,13982,21072,5031
５人以上,R サービス業（他に分類されないもの）,平成29,2017,12月,469856,566782,345955,267984,312289,211348,249424,18560,201872,254493,134607
５人以上,E09、10 食料品製造業、飲料・たばこ・飼料製造業,平成24,2012,年平均,466201,573222,266965,376607,463036,215705,348872,27735,89594,110186,51260
５人以上,E09、10 食料品製造業、飲料・たばこ・飼料製造業,平成25,2013,年平均,447194,562932,255103,358433,448457,209019,330370,28063,88761,114475,46084
５人以上,E09、10 食料品製造業、飲料・たばこ・飼料製造業,平成26,2014,年平均,470125,583114,276587,368687,455594,219824,340871,27816,101438,127520,56763
５人以上,E09、10 食料品製造業、飲料・たばこ・飼料製造業,平成27,2015,年平均,433980,563539,249817,324768,412925,199457,300452,24316,109212,150614,50360
５人以上,E09、10 食料品製造業、飲料・たばこ・飼料製造業,平成28,2016,年平均,445597,562594,267986,330037,409836,208894,304971,25066,115560,152758,59092
５人以上,E09、10 食料品製造業、飲料・たばこ・飼料製造業,平成29,2017,年平均,494213,622354,302235,364168,453038,231025,335458,28710,130045,169316,71210
５人以上,E09、10 食料品製造業、飲料・たばこ・飼料製造業,平成29,2017,1月,367379,455673,231559,364730,452624,229526,337228,27502,2649,3049,2033
５人以上,E09、10 食料品製造業、飲料・たばこ・飼料製造業,平成29,2017,2月,359558,449514,225641,353889,442085,222592,323750,30139,5669,7429,3049
５人以上,E09、10 食料品製造業、飲料・たばこ・飼料製造業,平成29,2017,3月,386805,476932,247265,362776,446954,232446,333202,29574,24029,29978,14819
５人以上,E09、10 食料品製造業、飲料・たばこ・飼料製造業,平成29,2017,4月,563393,688295,372462,366740,450492,238713,334938,31802,196653,237803,133749
５人以上,E09、10 食料品製造業、飲料・たばこ・飼料製造業,平成29,2017,5月,364290,449073,235563,361025,445259,233130,330816,30209,3265,3814,2433
５人以上,E09、10 食料品製造業、飲料・たばこ・飼料製造業,平成29,2017,6月,648742,831555,373694,364608,452849,231847,336928,27680,284134,378706,141847
５人以上,E09、10 食料品製造業、飲料・たばこ・飼料製造業,平成29,2017,7月,607736,780144,355642,364518,456218,230435,337061,27457,243218,323926,125207
５人以上,E09、10 食料品製造業、飲料・たばこ・飼料製造業,平成29,2017,8月,377362,469887,238643,369905,459844,235062,342026,27879,7457,10043,3581
５人以上,E09、10 食料品製造業、飲料・たばこ・飼料製造業,平成29,2017,9月,384580,484876,238039,364210,459239,225365,337493,26717,20370,25637,12674
５人以上,E09、10 食料品製造業、飲料・たばこ・飼料製造業,平成29,2017,10月,371606,465183,233666,365313,457770,229023,338339,26974,6293,7413,4643
５人以上,E09、10 食料品製造業、飲料・たばこ・飼料製造業,平成29,2017,11月,408670,507997,261517,366649,458208,231003,336835,29814,42021,49789,30514
５人以上,E09、10 食料品製造業、飲料・たばこ・飼料製造業,平成29,2017,12月,1082805,1404531,606923,365455,454764,233354,336597,28858,717350,949767,373569
５人以上,E11 繊維工業,平成24,2012,年平均,465979,584357,283116,354380,433900,231543,337309,17071,111599,150457,51573
５人以上,E11 繊維工業,平成25,2013,年平均,470824,581173,295545,366739,443437,244910,344781,21958,104085,137736,50635
５人以上,E11 繊維工業,平成26,2014,年平均,377609,508595,273143,319973,423463,237436,306269,13704,57636,85132,35707
５人以上,E11 繊維工業,平成27,2015,年平均,293122,377419,220682,262920,328194,206827,259306,3614,30202,49225,13855
５人以上,E11 繊維工業,平成28,2016,年平均,324293,382910,232396,285147,333571,209230,282080,3067,39146,49339,23166
５人以上,E11 繊維工業,平成29,2017,年平均,341133,419941,222234,300943,368668,198765,296019,4924,40190,51273,23469
５人以上,E11 繊維工業,平成29,2017,1月,298613,357834,198077,298613,357834,198077,292176,6437,－,－,－
５人以上,E11 繊維工業,平成29,2017,2月,303806,363494,202476,303806,363494,202476,298276,5530,－,－,－
５人以上,E11 繊維工業,平成29,2017,3月,304037,365184,201090,304037,365184,201090,297166,6871,－,－,－
５人以上,E11 繊維工業,平成29,2017,4月,305510,363614,208489,305510,363614,208489,298609,6901,－,－,－
５人以上,E11 繊維工業,平成29,2017,5月,298156,357140,200380,298156,357140,200380,291950,6206,－,－,－
５人以上,E11 繊維工業,平成29,2017,6月,313884,374548,213143,303455,360892,208075,296600,6855,10429,13656,5068
５人以上,E11 繊維工業,平成29,2017,7月,390319,498033,243673,293480,371471,187300,290056,3424,96839,126562,56373
５人以上,E11 繊維工業,平成29,2017,8月,459014,577764,293354,296981,376599,185912,294164,2817,162033,201165,107442
５人以上,E11 繊維工業,平成29,2017,9月,298571,375947,192281,297379,375947,189450,294532,2847,1192,－,2831
５人以上,E11 繊維工業,平成29,2017,10月,307689,390874,193862,307689,390874,193862,304594,3095,－,－,－
５人以上,E11 繊維工業,平成29,2017,11月,298459,369016,204110,298459,369016,204110,294251,4208,－,－,－
５人以上,E11 繊維工業,平成29,2017,12月,521643,686995,304868,303577,376344,208179,299825,3752,218066,310651,96689
５人以上,E12 木材・木製品製造業（家具を除く）,平成24,2012,年平均,366884,423106,209106,299758,338111,192126,280466,19292,67126,84995,16980
５人以上,E12 木材・木製品製造業（家具を除く）,平成25,2013,年平均,367421,413339,222776,322613,362640,196525,308392,14221,44808,50699,26251
５人以上,E12 木材・木製品製造業（家具を除く）,平成26,2014,年平均,379906,417616,227382,324531,357177,192492,308318,16213,55375,60439,34890
５人以上,E12 木材・木製品製造業（家具を除く）,平成27,2015,年平均,366457,421274,164509,306447,347008,157017,298048,8399,60010,74266,7492
５人以上,E12 木材・木製品製造業（家具を除く）,平成28,2016,年平均,378240,435442,237472,337087,389836,207277,314212,22875,41153,45606,30195
５人以上,E12 木材・木製品製造業（家具を除く）,平成29,2017,年平均,373284,446065,255029,330853,393999,228252,302195,28658,42431,52066,26777
５人以上,E12 木材・木製品製造業（家具を除く）,平成29,2017,1月,348079,425550,238937,311209,383658,209142,288908,22301,36870,41892,29795
５人以上,E12 木材・木製品製造業（家具を除く）,平成29,2017,2月,332860,413010,221591,317035,391842,213183,291416,25619,15825,21168,8408
５人以上,E12 木材・木製品製造業（家具を除く）,平成29,2017,3月,313414,383032,212716,313414,383032,212716,293729,19685,－,－,－
５人以上,E12 木材・木製品製造業（家具を除く）,平成29,2017,4月,334733,400088,229941,334733,400088,229941,306465,28268,－,－,－
５人以上,E12 木材・木製品製造業（家具を除く）,平成29,2017,5月,339890,400117,236888,339584,399846,236523,306829,32755,306,271,365
５人以上,E12 木材・木製品製造業（家具を除く）,平成29,2017,6月,340697,401609,240181,338409,399315,237903,306979,31430,2288,2294,2278
５人以上,E12 木材・木製品製造業（家具を除く）,平成29,2017,7月,536282,647807,357261,330754,388730,237691,300671,30083,205528,259077,119570
５人以上,E12 木材・木製品製造業（家具を除く）,平成29,2017,8月,351742,419578,240040,336683,401092,230623,304293,32390,15059,18486,9417
５人以上,E12 木材・木製品製造業（家具を除く）,平成29,2017,9月,330982,386547,235851,330982,386547,235851,300848,30134,－,－,－
５人以上,E12 木材・木製品製造業（家具を除く）,平成29,2017,10月,339124,393532,240814,339124,393532,240814,306742,32382,－,－,－
５人以上,E12 木材・木製品製造業（家具を除く）,平成29,2017,11月,344907,401339,241136,344907,401339,241136,311577,33330,－,－,－
５人以上,E12 木材・木製品製造業（家具を除く）,平成29,2017,12月,570771,676073,379981,334983,398026,220759,309181,25802,235788,278047,159222
５人以上,E13 家具・装備品製造業,平成24,2012,年平均,405651,471245,262936,347693,401249,231170,327689,20004,57958,69996,31766
５人以上,E13 家具・装備品製造業,平成25,2013,年平均,489876,559568,295959,395460,451302,240078,370740,24720,94416,108266,55881
５人以上,E13 家具・装備品製造業,平成26,2014,年平均,520456,601859,312916,414496,480921,245142,391017,23479,105960,120938,67774
５人以上,E13 家具・装備品製造業,平成27,2015,年平均,458179,506663,326395,363701,393409,282952,332472,31229,94478,113254,43443
５人以上,E13 家具・装備品製造業,平成28,2016,年平均,404666,460172,268986,326597,366285,229584,306341,20256,78069,93887,39402
５人以上,E13 家具・装備品製造業,平成29,2017,年平均,291818,314035,196924,265567,285276,181385,236040,29527,26251,28759,15539
５人以上,E13 家具・装備品製造業,平成29,2017,1月,344453,391808,228324,286460,330297,178957,267720,18740,57993,61511,49367
５人以上,E13 家具・装備品製造業,平成29,2017,2月,257067,292461,150819,257067,292461,150819,228434,28633,－,－,－
５人以上,E13 家具・装備品製造業,平成29,2017,3月,275212,304617,179875,273527,302412,179875,229056,44471,1685,2205,－
５人以上,E13 家具・装備品製造業,平成29,2017,4月,264100,289127,182273,264100,289127,182273,232068,32032,－,－,－
５人以上,E13 家具・装備品製造業,平成29,2017,5月,310826,347467,192891,258794,283985,177711,228064,30730,52032,63482,15180
５人以上,E13 家具・装備品製造業,平成29,2017,6月,274324,297861,201414,274324,297861,201414,242994,31330,－,－,－
５人以上,E13 家具・装備品製造業,平成29,2017,7月,291990,306368,188138,267735,278755,188138,238359,29376,24255,27613,－
５人以上,E13 家具・装備品製造業,平成29,2017,8月,248129,255733,191160,248129,255733,191160,216419,31710,－,－,－
５人以上,E13 家具・装備品製造業,平成29,2017,9月,279486,292004,185696,279486,292004,185696,254504,24982,－,－,－
５人以上,E13 家具・装備品製造業,平成29,2017,10月,241612,248427,188080,241612,248427,188080,214335,27277,－,－,－
５人以上,E13 家具・装備品製造業,平成29,2017,11月,247919,255097,191528,247919,255097,191528,214971,32948,－,－,－
５人以上,E13 家具・装備品製造業,平成29,2017,12月,417512,439932,249023,270010,280938,187885,238460,31550,147502,158994,61138
５人以上,E14 パルプ・紙・紙加工品製造業,平成24,2012,年平均,405049,499819,257820,328265,395214,224258,310189,18076,76784,104605,33562
５人以上,E14 パルプ・紙・紙加工品製造業,平成25,2013,年平均,432359,500063,306617,352774,398246,268321,334279,18495,79585,101817,38296
５人以上,E14 パルプ・紙・紙加工品製造業,平成26,2014,年平均,433206,497279,300312,359590,405369,264639,337920,21670,73616,91910,35673
５人以上,E14 パルプ・紙・紙加工品製造業,平成27,2015,年平均,449124,523190,274631,357444,413694,224924,343057,14387,91680,109496,49707
５人以上,E14 パルプ・紙・紙加工品製造業,平成28,2016,年平均,443198,533429,253853,348962,415482,209372,334723,14239,94236,117947,44481
５人以上,E14 パルプ・紙・紙加工品製造業,平成29,2017,年平均,452475,548385,253191,349144,416467,209258,334303,14841,103331,131918,43933
５人以上,E14 パルプ・紙・紙加工品製造業,平成29,2017,1月,316965,387589,185148,314310,384499,183306,303612,10698,2655,3090,1842
５人以上,E14 パルプ・紙・紙加工品製造業,平成29,2017,2月,331955,398237,197446,331441,397697,196986,315397,16044,514,540,460
５人以上,E14 パルプ・紙・紙加工品製造業,平成29,2017,3月,322315,391193,194535,321070,390003,193190,306722,14348,1245,1190,1345
５人以上,E14 パルプ・紙・紙加工品製造業,平成29,2017,4月,334097,398595,216095,330140,395900,209829,315327,14813,3957,2695,6266
５人以上,E14 パルプ・紙・紙加工品製造業,平成29,2017,5月,331286,407474,192493,329102,404429,191879,315290,13812,2184,3045,614
５人以上,E14 パルプ・紙・紙加工品製造業,平成29,2017,6月,808775,1045742,372575,336464,407216,206226,322221,14243,472311,638526,166349
５人以上,E14 パルプ・紙・紙加工品製造業,平成29,2017,7月,452924,527436,281383,368584,431177,224482,352998,15586,84340,96259,56901
５人以上,E14 パルプ・紙・紙加工品製造業,平成29,2017,8月,386496,450994,237590,362167,424378,218541,347248,14919,24329,26616,19049
５人以上,E14 パルプ・紙・紙加工品製造業,平成29,2017,9月,368046,432650,219693,366028,430630,217680,353437,12591,2018,2020,2013
５人以上,E14 パルプ・紙・紙加工品製造業,平成29,2017,10月,376046,438472,228838,375715,438066,228683,359631,16084,331,406,155
５人以上,E14 パルプ・紙・紙加工品製造業,平成29,2017,11月,428612,502216,256839,369768,431665,225315,352356,17412,58844,70551,31524
５人以上,E14 パルプ・紙・紙加工品製造業,平成29,2017,12月,968507,1181461,476628,386206,454994,227319,368626,17580,582301,726467,249309
５人以上,E15 印刷・同関連業,平成24,2012,年平均,404313,443654,292580,348589,380604,257661,315381,33208,55724,63050,34919
５人以上,E15 印刷・同関連業,平成25,2013,年平均,402261,439309,293994,342124,370893,258050,308633,33491,60137,68416,35944
５人以上,E15 印刷・同関連業,平成26,2014,年平均,402780,442748,281032,340157,372647,241190,311159,28998,62623,70101,39842
５人以上,E15 印刷・同関連業,平成27,2015,年平均,371672,405590,260316,323968,353252,227827,294530,29438,47704,52338,32489
５人以上,E15 印刷・同関連業,平成28,2016,年平均,398981,431847,300150,335638,363013,253318,303740,31898,63343,68834,46832
５人以上,E15 印刷・同関連業,平成29,2017,年平均,423170,454162,322588,351628,377831,266588,317644,33984,71542,76331,56000
５人以上,E15 印刷・同関連業,平成29,2017,1月,352793,378147,263568,345859,369950,261077,310826,35033,6934,8197,2491
５人以上,E15 印刷・同関連業,平成29,2017,2月,356737,381134,269340,350940,374939,264969,310112,40828,5797,6195,4371
５人以上,E15 印刷・同関連業,平成29,2017,3月,359977,385238,269312,353238,378012,264324,311822,41416,6739,7226,4988
５人以上,E15 印刷・同関連業,平成29,2017,4月,389370,412937,304888,353789,376767,271419,315732,38057,35581,36170,33469
５人以上,E15 印刷・同関連業,平成29,2017,5月,347857,372650,262900,341722,365923,258795,310182,31540,6135,6727,4105
５人以上,E15 印刷・同関連業,平成29,2017,6月,618190,660226,482981,347736,371318,271885,321279,26457,270454,288908,211096
５人以上,E15 印刷・同関連業,平成29,2017,7月,454801,494752,344052,344168,374119,261139,321384,22784,110633,120633,82913
５人以上,E15 印刷・同関連業,平成29,2017,8月,355604,385999,270543,336305,364884,256326,314292,22013,19299,21115,14217
５人以上,E15 印刷・同関連業,平成29,2017,9月,366555,390279,285400,358143,381174,279357,321894,36249,8412,9105,6043
５人以上,E15 印刷・同関連業,平成29,2017,10月,374790,401457,288529,371038,397244,286270,335943,35095,3752,4213,2259
５人以上,E15 印刷・同関連業,平成29,2017,11月,381443,410032,289414,369826,397389,281098,330224,39602,11617,12643,8316
５人以上,E15 印刷・同関連業,平成29,2017,12月,710440,784988,499563,352021,387908,250505,312465,39556,358419,397080,249058
５人以上,E16、17 化学工業、石油製品・石炭製品製造業,平成24,2012,年平均,657727,745754,485133,469594,529727,351692,447954,21640,188133,216027,133441
５人以上,E16、17 化学工業、石油製品・石炭製品製造業,平成25,2013,年平均,636073,717640,473003,471276,528440,356994,450313,20963,164797,189200,116009
５人以上,E16、17 化学工業、石油製品・石炭製品製造業,平成26,2014,年平均,660872,743726,501435,477549,535911,365243,455999,21550,183323,207815,136192
５人以上,E16、17 化学工業、石油製品・石炭製品製造業,平成27,2015,年平均,621657,739889,435498,449874,529279,324850,431165,18709,171783,210610,110648
５人以上,E16、17 化学工業、石油製品・石炭製品製造業,平成28,2016,年平均,627482,729870,457102,455396,526519,337043,437623,17773,172086,203351,120059
５人以上,E16、17 化学工業、石油製品・石炭製品製造業,平成29,2017,年平均,618150,738458,432255,437680,516753,315499,421334,16346,180470,221705,116756
５人以上,E16、17 化学工業、石油製品・石炭製品製造業,平成29,2017,1月,440262,515088,321153,429561,504091,310923,414524,15037,10701,10997,10230
５人以上,E16、17 化学工業、石油製品・石炭製品製造業,平成29,2017,2月,438401,516785,312845,435969,513695,311467,418920,17049,2432,3090,1378
５人以上,E16、17 化学工業、石油製品・石炭製品製造業,平成29,2017,3月,453760,539491,317599,431402,508467,309005,414678,16724,22358,31024,8594
５人以上,E16、17 化学工業、石油製品・石炭製品製造業,平成29,2017,4月,445815,523761,323767,434847,511208,315282,417949,16898,10968,12553,8485
５人以上,E16、17 化学工業、石油製品・石炭製品製造業,平成29,2017,5月,445356,522284,325621,434372,511222,314758,417544,16828,10984,11062,10863
５人以上,E16、17 化学工業、石油製品・石炭製品製造業,平成29,2017,6月,1192816,1454805,787482,440160,518125,319538,425923,14237,752656,936680,467944
５人以上,E16、17 化学工業、石油製品・石炭製品製造業,平成29,2017,7月,642399,774974,443355,447031,530418,321835,430922,16109,195368,244556,121520
５人以上,E16、17 化学工業、石油製品・石炭製品製造業,平成29,2017,8月,443363,523653,321356,439762,519645,318375,423275,16487,3601,4008,2981
５人以上,E16、17 化学工業、石油製品・石炭製品製造業,平成29,2017,9月,448430,533625,319409,432721,511871,312855,417574,15147,15709,21754,6554
５人以上,E16、17 化学工業、石油製品・石炭製品製造業,平成29,2017,10月,515682,616423,363897,441109,523749,316597,424628,16481,74573,92674,47300
５人以上,E16、17 化学工業、石油製品・石炭製品製造業,平成29,2017,11月,507052,614829,342819,445239,528444,318449,427310,17929,61813,86385,24370
５人以上,E16、17 化学工業、石油製品・石炭製品製造業,平成29,2017,12月,1458787,1752361,1010214,440248,521269,316450,422933,17315,1018539,1231092,693764
５人以上,E18 プラスチック製品製造業（別掲を除く）,平成24,2012,年平均,468293,547400,290740,362368,419744,233590,345308,17060,105925,127656,57150
５人以上,E18 プラスチック製品製造業（別掲を除く）,平成25,2013,年平均,432811,520010,285095,363620,438549,236690,343148,20472,69191,81461,48405
５人以上,E18 プラスチック製品製造業（別掲を除く）,平成26,2014,年平均,468532,569097,287127,370827,446801,233780,350474,20353,97705,122296,53347
５人以上,E18 プラスチック製品製造業（別掲を除く）,平成27,2015,年平均,445415,539720,246853,363822,438193,207230,351221,12601,81593,101527,39623
５人以上,E18 プラスチック製品製造業（別掲を除く）,平成28,2016,年平均,426747,536783,224763,351403,438470,191582,342549,8854,75344,98313,33181
５人以上,E18 プラスチック製品製造業（別掲を除く）,平成29,2017,年平均,372281,433593,232846,314308,362506,204696,301473,12835,57973,71087,28150
５人以上,E18 プラスチック製品製造業（別掲を除く）,平成29,2017,1月,352817,411829,203591,347197,405097,200785,336870,10327,5620,6732,2806
５人以上,E18 プラスチック製品製造業（別掲を除く）,平成29,2017,2月,288905,337988,186838,285260,332590,186838,268976,16284,3645,5398,－
５人以上,E18 プラスチック製品製造業（別掲を除く）,平成29,2017,3月,298116,350100,192274,279460,327298,182060,263098,16362,18656,22802,10214
５人以上,E18 プラスチック製品製造業（別掲を除く）,平成29,2017,4月,290264,344629,181773,278724,327324,181738,262551,16173,11540,17305,35
５人以上,E18 プラスチック製品製造業（別掲を除く）,平成29,2017,5月,355665,412160,220831,352397,408344,218870,339899,12498,3268,3816,1961
５人以上,E18 プラスチック製品製造業（別掲を除く）,平成29,2017,6月,481481,573259,282350,336402,393216,213133,324943,11459,145079,180043,69217
５人以上,E18 プラスチック製品製造業（別掲を除く）,平成29,2017,7月,537183,626658,322330,342751,389778,229826,329972,12779,194432,236880,92504
５人以上,E18 プラスチック製品製造業（別掲を除く）,平成29,2017,8月,348179,399255,223937,339492,388563,220129,328433,11059,8687,10692,3808
５人以上,E18 プラスチック製品製造業（別掲を除く）,平成29,2017,9月,315741,356584,220278,296082,334102,207216,282135,13947,19659,22482,13062
５人以上,E18 プラスチック製品製造業（別掲を除く）,平成29,2017,10月,303598,345659,207896,289877,329727,199207,277367,12510,13721,15932,8689
５人以上,E18 プラスチック製品製造業（別掲を除く）,平成29,2017,11月,292083,329982,201409,292056,329963,201363,282233,9823,27,19,46
５人以上,E18 プラスチック製品製造業（別掲を除く）,平成29,2017,12月,544211,640133,330879,296012,336253,206515,283629,12383,248199,303880,124364
５人以上,E19 ゴム製品製造業,平成24,2012,年平均,306564,356843,183844,276635,320221,170252,269108,7527,29929,36622,13592
５人以上,E19 ゴム製品製造業,平成25,2013,年平均,339440,374763,223131,288902,316981,196445,273436,15466,50538,57782,26686
５人以上,E19 ゴム製品製造業,平成26,2014,年平均,384958,421564,256456,324835,351741,230385,299450,25385,60123,69823,26071
５人以上,E19 ゴム製品製造業,平成27,2015,年平均,525746,564958,367028,356573,378078,269528,338753,17820,169173,186880,97500
５人以上,E19 ゴム製品製造業,平成28,2016,年平均,487400,522069,348802,355063,376052,271154,337776,17287,132337,146017,77648
５人以上,E19 ゴム製品製造業,平成29,2017,年平均,508538,541048,373011,351724,370550,273245,336538,15186,156814,170498,99766
５人以上,E19 ゴム製品製造業,平成29,2017,1月,348426,369478,264763,346848,367942,263020,332691,14157,1578,1536,1743
５人以上,E19 ゴム製品製造業,平成29,2017,2月,353578,376757,263652,350525,373585,261059,336227,14298,3053,3172,2593
５人以上,E19 ゴム製品製造業,平成29,2017,3月,391610,420243,282459,347783,371462,257516,333752,14031,43827,48781,24943
５人以上,E19 ゴム製品製造業,平成29,2017,4月,360441,384035,270882,355769,379520,265615,341106,14663,4672,4515,5267
５人以上,E19 ゴム製品製造業,平成29,2017,5月,350535,373359,264558,348998,371769,263219,332781,16217,1537,1590,1339
５人以上,E19 ゴム製品製造業,平成29,2017,6月,1219229,1339239,767737,363567,389121,267431,347141,16426,855662,950118,500306
５人以上,E19 ゴム製品製造業,平成29,2017,7月,379549,399465,287235,355167,370189,285538,336874,18293,24382,29276,1697
５人以上,E19 ゴム製品製造業,平成29,2017,8月,355387,370232,286490,352307,367113,283592,337086,15221,3080,3119,2898
５人以上,E19 ゴム製品製造業,平成29,2017,9月,394183,412495,308961,351615,366418,282725,337788,13827,42568,46077,26236
５人以上,E19 ゴム製品製造業,平成29,2017,10月,357402,372100,288866,354830,370034,283933,339474,15356,2572,2066,4933
５人以上,E19 ゴム製品製造業,平成29,2017,11月,336247,348336,286709,335342,347659,284872,321300,14042,905,677,1837
５人以上,E19 ゴム製品製造業,平成29,2017,12月,1252943,1321352,930412,357778,372212,289723,342123,15655,895165,949140,640689
５人以上,E21 窯業・土石製品製造業,平成24,2012,年平均,413928,476782,241537,346052,394351,213583,314860,31192,67876,82431,27954
５人以上,E21 窯業・土石製品製造業,平成25,2013,年平均,463986,497548,315348,364712,389821,253513,334209,30503,99274,107727,61835
５人以上,E21 窯業・土石製品製造業,平成26,2014,年平均,510661,565169,288245,393348,433668,228824,365668,27680,117313,131501,59421
５人以上,E21 窯業・土石製品製造業,平成27,2015,年平均,699591,779811,360875,537699,599060,278612,526855,10844,161892,180751,82263
５人以上,E21 窯業・土石製品製造業,平成28,2016,年平均,581286,673846,332621,434705,497895,264944,415036,19669,146581,175951,67677
５人以上,E21 窯業・土石製品製造業,平成29,2017,年平均,513073,574687,325705,413983,461085,270745,397060,16923,99090,113602,54960
５人以上,E21 窯業・土石製品製造業,平成29,2017,1月,420843,473858,271295,419725,473092,269182,399657,20068,1118,766,2113
５人以上,E21 窯業・土石製品製造業,平成29,2017,2月,424782,475695,263341,422112,473398,259488,408109,14003,2670,2297,3853
５人以上,E21 窯業・土石製品製造業,平成29,2017,3月,444842,490687,288324,436633,482582,279758,416124,20509,8209,8105,8566
５人以上,E21 窯業・土石製品製造業,平成29,2017,4月,438761,485954,281562,436819,484243,278849,416097,20722,1942,1711,2713
５人以上,E21 窯業・土石製品製造業,平成29,2017,5月,430673,477956,275491,429905,477267,274463,412382,17523,768,689,1028
５人以上,E21 窯業・土石製品製造業,平成29,2017,6月,663218,756460,401429,418960,471881,270377,400147,18813,244258,284579,131052
５人以上,E21 窯業・土石製品製造業,平成29,2017,7月,642760,729612,420210,394200,443070,268974,377074,17126,248560,286542,151236
５人以上,E21 窯業・土石製品製造業,平成29,2017,8月,401786,447023,262565,398229,443879,257736,383577,14652,3557,3144,4829
５人以上,E21 窯業・土石製品製造業,平成29,2017,9月,400880,445294,263370,397244,441746,259461,382253,14991,3636,3548,3909
５人以上,E21 窯業・土石製品製造業,平成29,2017,10月,733370,847725,378186,397919,441334,263072,380723,17196,335451,406391,115114
５人以上,E21 窯業・土石製品製造業,平成29,2017,11月,418340,453195,312146,416779,451444,311162,401957,14822,1561,1751,984
５人以上,E21 窯業・土石製品製造業,平成29,2017,12月,729087,821486,456315,399819,447930,257790,387102,12717,329268,373556,198525
５人以上,E22 鉄鋼業,平成24,2012,年平均,585811,634864,374532,426398,457047,294388,406453,19945,159413,177817,80144
５人以上,E22 鉄鋼業,平成25,2013,年平均,584561,631714,380430,433317,462499,306986,413569,19748,151244,169215,73444
５人以上,E22 鉄鋼業,平成26,2014,年平均,653260,713074,405015,436463,469162,300753,413202,23261,216797,243912,104262
５人以上,E22 鉄鋼業,平成27,2015,年平均,506843,554323,298112,355450,383161,233626,332107,23343,151393,171162,64486
５人以上,E22 鉄鋼業,平成28,2016,年平均,682025,782739,374726,460362,522193,271702,445733,14629,221663,260546,103024
５人以上,E22 鉄鋼業,平成29,2017,年平均,608005,667353,358375,439555,480714,266433,426255,13300,168450,186639,91942
５人以上,E22 鉄鋼業,平成29,2017,1月,542274,602361,333600,441770,494221,259614,423806,17964,100504,108140,73986
５人以上,E22 鉄鋼業,平成29,2017,2月,550970,608968,349583,498145,554570,302219,483557,14588,52825,54398,47364
５人以上,E22 鉄鋼業,平成29,2017,3月,428750,480709,256237,428750,480709,256237,413367,15383,－,－,－
５人以上,E22 鉄鋼業,平成29,2017,4月,460252,516035,258090,460252,516035,258090,444050,16202,－,－,－
５人以上,E22 鉄鋼業,平成29,2017,5月,446451,489876,269103,428864,469696,262110,417258,11606,17587,20180,6993
５人以上,E22 鉄鋼業,平成29,2017,6月,1254156,1409556,615650,428398,468266,264587,414550,13848,825758,941290,351063
５人以上,E22 鉄鋼業,平成29,2017,7月,455900,497939,259696,426617,463377,255052,411955,14662,29283,34562,4644
５人以上,E22 鉄鋼業,平成29,2017,8月,537384,573750,362141,486040,522305,311286,477650,8390,51344,51445,50855
５人以上,E22 鉄鋼業,平成29,2017,9月,425245,460230,253244,425245,460230,253244,414081,11164,－,－,－
５人以上,E22 鉄鋼業,平成29,2017,10月,416199,449106,250889,416199,449106,250889,404015,12184,－,－,－
５人以上,E22 鉄鋼業,平成29,2017,11月,415325,447934,251511,415325,447934,251511,402360,12965,－,－,－
５人以上,E22 鉄鋼業,平成29,2017,12月,1345357,1437906,889032,420613,451036,270607,409801,10812,924744,986870,618425
５人以上,E23 非鉄金属製造業,平成24,2012,年平均,545858,600632,349603,418425,459943,269667,399737,18688,127433,140689,79936
５人以上,E23 非鉄金属製造業,平成25,2013,年平均,572081,636297,357565,430806,477825,273738,410710,20096,141275,158472,83827
５人以上,E23 非鉄金属製造業,平成26,2014,年平均,573620,635887,354390,445379,491252,283871,425213,20166,128241,144635,70519
５人以上,E23 非鉄金属製造業,平成27,2015,年平均,651341,800327,327062,445946,535282,251501,424671,21275,205395,265045,75561
５人以上,E23 非鉄金属製造業,平成28,2016,年平均,688509,833624,333652,484689,578103,256260,463789,20900,203820,255521,77392
５人以上,E23 非鉄金属製造業,平成29,2017,年平均,672746,804667,346804,465167,548798,258537,445985,19182,207579,255869,88267
５人以上,E23 非鉄金属製造業,平成29,2017,1月,458907,546490,242173,455604,542976,239392,440701,14903,3303,3514,2781
５人以上,E23 非鉄金属製造業,平成29,2017,2月,471227,559079,252227,466979,554266,249389,443494,23485,4248,4813,2838
５人以上,E23 非鉄金属製造業,平成29,2017,3月,556740,647951,327597,461523,546060,249146,440771,20752,95217,101891,78451
５人以上,E23 非鉄金属製造業,平成29,2017,4月,483231,568311,271762,478974,563466,268968,456281,22693,4257,4845,2794
５人以上,E23 非鉄金属製造業,平成29,2017,5月,467760,551281,262893,462669,545803,258750,443495,19174,5091,5478,4143
５人以上,E23 非鉄金属製造業,平成29,2017,6月,1668495,2070512,687514,467152,550683,263322,445624,21528,1201343,1519829,424192
５人以上,E23 非鉄金属製造業,平成29,2017,7月,502820,591685,283300,476190,560933,266853,458275,17915,26630,30752,16447
５人以上,E23 非鉄金属製造業,平成29,2017,8月,469930,554120,262657,463351,546024,259812,447289,16062,6579,8096,2845
５人以上,E23 非鉄金属製造業,平成29,2017,9月,546814,631513,337873,465327,547023,263795,448090,17237,81487,84490,74078
５人以上,E23 非鉄金属製造業,平成29,2017,10月,469013,551710,264271,464820,547479,260173,447753,17067,4193,4231,4098
５人以上,E23 非鉄金属製造業,平成29,2017,11月,465537,546379,265676,461229,541737,262195,440765,20464,4308,4642,3481
５人以上,E23 非鉄金属製造業,平成29,2017,12月,1501547,1831865,693186,458010,539151,259440,438977,19033,1043537,1292714,433746
５人以上,E24 金属製品製造業,平成24,2012,年平均,409119,441696,297028,335439,358730,255300,321302,14137,73680,82966,41728
５人以上,E24 金属製品製造業,平成25,2013,年平均,412916,450385,287702,339678,368188,244402,321532,18146,73238,82197,43300
５人以上,E24 金属製品製造業,平成26,2014,年平均,417295,450373,303973,333297,357903,248998,313753,19544,83998,92470,54975
５人以上,E24 金属製品製造業,平成27,2015,年平均,399947,437091,273169,335635,365052,235230,318022,17613,64312,72039,37939
５人以上,E24 金属製品製造業,平成28,2016,年平均,393113,442152,255454,339736,383210,217700,319053,20683,53377,58942,37754
５人以上,E24 金属製品製造業,平成29,2017,年平均,377723,422105,275066,316178,354382,227810,294456,21722,61545,67723,47256
５人以上,E24 金属製品製造業,平成29,2017,1月,339771,382613,237168,323444,364147,225964,304660,18784,16327,18466,11204
５人以上,E24 金属製品製造業,平成29,2017,2月,335287,372855,246139,327889,368352,231872,307276,20613,7398,4503,14267
５人以上,E24 金属製品製造業,平成29,2017,3月,309687,351112,218297,309190,351060,216816,290159,19031,497,52,1481
５人以上,E24 金属製品製造業,平成29,2017,4月,319153,360884,224898,311815,352967,218868,293744,18071,7338,7917,6030
５人以上,E24 金属製品製造業,平成29,2017,5月,306754,343677,223549,306297,343319,222869,288405,17892,457,358,680
５人以上,E24 金属製品製造業,平成29,2017,6月,489537,551929,348512,325430,366136,233422,305482,19948,164107,185793,115090
５人以上,E24 金属製品製造業,平成29,2017,7月,401923,455593,280467,305968,342726,222784,281613,24355,95955,112867,57683
５人以上,E24 金属製品製造業,平成29,2017,8月,337927,368633,264215,318770,354181,233762,294361,24409,19157,14452,30453
５人以上,E24 金属製品製造業,平成29,2017,9月,382736,386034,375219,303283,337199,225973,280703,22580,79453,48835,149246
５人以上,E24 金属製品製造業,平成29,2017,10月,303402,337787,224689,303392,337772,224689,281543,21849,10,15,－
５人以上,E24 金属製品製造業,平成29,2017,11月,330357,368979,238336,327239,365362,236404,302209,25030,3118,3617,1932
５人以上,E24 金属製品製造業,平成29,2017,12月,648188,749187,408457,325093,362042,237390,297757,27336,323095,387145,171067
５人以上,E25 はん用機械器具製造業,平成24,2012,年平均,549807,588967,345713,430066,461180,267908,402409,27657,119741,127787,77805
５人以上,E25 はん用機械器具製造業,平成25,2013,年平均,547270,581521,360024,424137,452094,271303,396053,28084,123133,129427,88721
５人以上,E25 はん用機械器具製造業,平成26,2014,年平均,549407,582796,374990,424851,452360,281149,400317,24534,124556,130436,93841
５人以上,E25 はん用機械器具製造業,平成27,2015,年平均,564721,596853,381729,421983,448015,273731,391129,30854,142738,148838,107998
５人以上,E25 はん用機械器具製造業,平成28,2016,年平均,569232,599865,399754,460353,487653,309313,434370,25983,108879,112212,90441
５人以上,E25 はん用機械器具製造業,平成29,2017,年平均,484145,520785,323912,406673,439668,262379,388839,17834,77472,81117,61533
５人以上,E25 はん用機械器具製造業,平成29,2017,1月,454286,490221,269548,453052,489142,267518,440212,12840,1234,1079,2030
５人以上,E25 はん用機械器具製造業,平成29,2017,2月,415295,444051,267620,412817,441602,264991,400993,11824,2478,2449,2629
５人以上,E25 はん用機械器具製造業,平成29,2017,3月,520070,550619,370025,430610,460854,282062,417845,12765,89460,89765,87963
５人以上,E25 はん用機械器具製造業,平成29,2017,4月,446909,477007,302632,423552,454501,275194,409139,14413,23357,22506,27438
５人以上,E25 はん用機械器具製造業,平成29,2017,5月,460921,484366,339435,426537,451032,299606,405621,20916,34384,33334,39829
５人以上,E25 はん用機械器具製造業,平成29,2017,6月,506090,536658,351895,429134,453508,306186,410143,18991,76956,83150,45709
５人以上,E25 はん用機械器具製造業,平成29,2017,7月,772277,815400,584674,428428,457818,300571,407861,20567,343849,357582,284103
５人以上,E25 はん用機械器具製造業,平成29,2017,8月,406421,439428,265065,404556,437224,264653,389722,14834,1865,2204,412
５人以上,E25 はん用機械器具製造業,平成29,2017,9月,377985,412079,248339,356189,389674,228858,333282,22907,21796,22405,19481
５人以上,E25 はん用機械器具製造業,平成29,2017,10月,383866,425590,214465,383866,425590,214465,368495,15371,－,－,－
５人以上,E25 はん用機械器具製造業,平成29,2017,11月,361160,403368,216187,359237,401572,213828,338718,20519,1923,1796,2359
５人以上,E25 はん用機械器具製造業,平成29,2017,12月,624792,705467,390453,332506,365933,235409,300894,31612,292286,339534,155044
５人以上,E26 生産用機械器具製造業,平成24,2012,年平均,424970,457406,278836,346410,373528,224239,326559,19851,78560,83878,54597
５人以上,E26 生産用機械器具製造業,平成25,2013,年平均,543754,583041,374140,409334,438759,282299,391692,17642,134420,144282,91841
５人以上,E26 生産用機械器具製造業,平成26,2014,年平均,545458,593557,362520,412306,447092,280003,393924,18382,133152,146465,82517
５人以上,E26 生産用機械器具製造業,平成27,2015,年平均,503862,557359,325439,392712,435320,250606,366598,26114,111150,122039,74833
５人以上,E26 生産用機械器具製造業,平成28,2016,年平均,491513,545185,290965,368837,409191,218052,341349,27488,122676,135994,72913
５人以上,E26 生産用機械器具製造業,平成29,2017,年平均,536615,564457,408183,380261,403406,273494,353258,27003,156354,161051,134689
５人以上,E26 生産用機械器具製造業,平成29,2017,1月,372824,405324,228463,370973,403474,226608,354427,16546,1851,1850,1855
５人以上,E26 生産用機械器具製造業,平成29,2017,2月,383437,403378,287339,381839,402000,284682,362235,19604,1598,1378,2657
５人以上,E26 生産用機械器具製造業,平成29,2017,3月,364865,380160,284016,364865,380160,284016,342499,22366,－,－,－
５人以上,E26 生産用機械器具製造業,平成29,2017,4月,385605,403497,286627,385605,403497,286627,360329,25276,－,－,－
５人以上,E26 生産用機械器具製造業,平成29,2017,5月,388253,408350,294148,373420,394317,275571,347253,26167,14833,14033,18577
５人以上,E26 生産用機械器具製造業,平成29,2017,6月,906772,940090,751000,371053,392259,271909,344338,26715,535719,547831,479091
５人以上,E26 生産用機械器具製造業,平成29,2017,7月,549280,583392,395607,358319,379285,263869,340282,18037,190961,204107,131738
５人以上,E26 生産用機械器具製造業,平成29,2017,8月,508292,544732,351765,398642,424669,286845,367669,30973,109650,120063,64920
５人以上,E26 生産用機械器具製造業,平成29,2017,9月,402018,427649,291787,397953,424386,284273,362809,35144,4065,3263,7514
５人以上,E26 生産用機械器具製造業,平成29,2017,10月,401881,428884,285787,400400,427750,282816,363632,36768,1481,1134,2971
５人以上,E26 生産用機械器具製造業,平成29,2017,11月,767460,810379,571146,383550,406781,277292,344825,38725,383910,403598,293854
５人以上,E26 生産用機械器具製造業,平成29,2017,12月,966223,1001941,813092,402644,429252,288567,363908,38736,563579,572689,524525
５人以上,E27 業務用機械器具製造業,平成24,2012,年平均,519180,554428,352830,402412,430201,271266,379800,22612,116768,124227,81564
５人以上,E27 業務用機械器具製造業,平成25,2013,年平均,525033,568218,326692,414249,448428,257273,392848,21401,110784,119790,69419
５人以上,E27 業務用機械器具製造業,平成26,2014,年平均,551209,597965,337781,418344,454965,251179,396446,21898,132865,143000,86602
５人以上,E27 業務用機械器具製造業,平成27,2015,年平均,568022,612215,374078,420485,451317,285177,396372,24113,147537,160898,88901
５人以上,E27 業務用機械器具製造業,平成28,2016,年平均,576069,628389,368731,420044,455441,279770,393982,26062,156025,172948,88961
５人以上,E27 業務用機械器具製造業,平成29,2017,年平均,567196,613168,394491,426090,461237,294051,399083,27007,141106,151931,100440
５人以上,E27 業務用機械器具製造業,平成29,2017,1月,422594,460583,278326,415178,451573,276961,390454,24724,7416,9010,1365
５人以上,E27 業務用機械器具製造業,平成29,2017,2月,434868,469513,302085,432055,466629,299545,406339,25716,2813,2884,2540
５人以上,E27 業務用機械器具製造業,平成29,2017,3月,452846,486811,316356,430874,463661,299120,404022,26852,21972,23150,17236
５人以上,E27 業務用機械器具製造業,平成29,2017,4月,470374,506500,326736,450152,484192,314808,421515,28637,20222,22308,11928
５人以上,E27 業務用機械器具製造業,平成29,2017,5月,417139,448120,298303,414880,445646,296871,390553,24327,2259,2474,1432
５人以上,E27 業務用機械器具製造業,平成29,2017,6月,672274,716242,502751,416738,451132,284128,389796,26942,255536,265110,218623
５人以上,E27 業務用機械器具製造業,平成29,2017,7月,914761,1030014,510226,416035,453435,284763,385407,30628,498726,576579,225463
５人以上,E27 業務用機械器具製造業,平成29,2017,8月,424609,460228,293945,421937,457461,291622,395010,26927,2672,2767,2323
５人以上,E27 業務用機械器具製造業,平成29,2017,9月,454033,494715,301874,429538,468495,283832,402446,27092,24495,26220,18042
５人以上,E27 業務用機械器具製造業,平成29,2017,10月,435056,470569,302316,425138,460036,294701,397338,27800,9918,10533,7615
５人以上,E27 業務用機械器具製造業,平成29,2017,11月,512230,551134,360463,423348,456836,292709,397433,25915,88882,94298,67754
５人以上,E27 業務用機械器具製造業,平成29,2017,12月,1189418,1284945,873353,437433,476151,309329,408972,28461,751985,808794,564024
５人以上,E28 電子部品・デバイス・電子回路製造業,平成24,2012,年平均,595507,639679,405709,512545,553163,338015,488180,24365,82962,86516,67694
５人以上,E28 電子部品・デバイス・電子回路製造業,平成25,2013,年平均,567860,611284,393396,475910,513163,326236,459321,16589,91950,98121,67160
５人以上,E28 電子部品・デバイス・電子回路製造業,平成26,2014,年平均,562808,604361,388169,468313,505217,313212,441987,26326,94495,99144,74957
５人以上,E28 電子部品・デバイス・電子回路製造業,平成27,2015,年平均,552505,620701,337082,391407,434557,255100,362243,29164,161098,186144,81982
５人以上,E28 電子部品・デバイス・電子回路製造業,平成28,2016,年平均,513204,588292,320746,391460,445046,254115,363361,28099,121744,143246,66631
５人以上,E28 電子部品・デバイス・電子回路製造業,平成29,2017,年平均,584837,639630,407266,431271,468835,309533,402042,29229,153566,170795,97733
５人以上,E28 電子部品・デバイス・電子回路製造業,平成29,2017,1月,436043,475068,308278,428541,466284,304975,398924,29617,7502,8784,3303
５人以上,E28 電子部品・デバイス・電子回路製造業,平成29,2017,2月,496290,547408,341426,460255,503744,328503,434310,25945,36035,43664,12923
５人以上,E28 電子部品・デバイス・電子回路製造業,平成29,2017,3月,791276,859903,577409,433907,471098,318006,408485,25422,357369,388805,259403
５人以上,E28 電子部品・デバイス・電子回路製造業,平成29,2017,4月,450249,489179,331177,439469,477920,321865,409690,29779,10780,11259,9312
５人以上,E28 電子部品・デバイス・電子回路製造業,平成29,2017,5月,443455,482524,315530,442523,481690,314276,410116,32407,932,834,1254
５人以上,E28 電子部品・デバイス・電子回路製造業,平成29,2017,6月,854453,942727,563395,433077,470508,309658,403488,29589,421376,472219,253737
５人以上,E28 電子部品・デバイス・電子回路製造業,平成29,2017,7月,467919,492832,385108,416884,451772,300916,383407,33477,51035,41060,84192
５人以上,E28 電子部品・デバイス・電子回路製造業,平成29,2017,8月,432553,468988,309707,427191,462751,307296,407167,20024,5362,6237,2411
５人以上,E28 電子部品・デバイス・電子回路製造業,平成29,2017,9月,937206,1067032,514818,432312,469674,310753,400371,31941,504894,597358,204065
５人以上,E28 電子部品・デバイス・電子回路製造業,平成29,2017,10月,398603,434036,286901,397972,433532,285868,363221,34751,631,504,1033
５人以上,E28 電子部品・デバイス・電子回路製造業,平成29,2017,11月,420081,454973,304312,419688,454567,303962,383861,35827,393,406,350
５人以上,E28 電子部品・デバイス・電子回路製造業,平成29,2017,12月,876575,941429,652146,444535,484187,307318,422766,21769,432040,457242,344828
５人以上,E29 電気機械器具製造業,平成24,2012,年平均,564889,607026,372920,418316,446854,288300,377224,41092,146573,160172,84620
５人以上,E29 電気機械器具製造業,平成25,2013,年平均,559846,598358,381373,421826,449305,294482,381084,40742,138020,149053,86891
５人以上,E29 電気機械器具製造業,平成26,2014,年平均,590798,631314,410859,442946,471861,314529,398521,44425,147852,159453,96330
５人以上,E29 電気機械器具製造業,平成27,2015,年平均,572573,638260,322384,440859,491506,247954,395771,45088,131714,146754,74430
５人以上,E29 電気機械器具製造業,平成28,2016,年平均,551447,631595,296080,438356,501587,236891,393599,44757,113091,130008,59189
５人以上,E29 電気機械器具製造業,平成29,2017,年平均,621149,707754,349517,468432,532320,268052,432352,36080,152717,175434,81465
５人以上,E29 電気機械器具製造業,平成29,2017,1月,492146,555288,282696,463743,524043,263722,424080,39663,28403,31245,18974
５人以上,E29 電気機械器具製造業,平成29,2017,2月,471006,533717,270442,469104,531811,268553,425696,43408,1902,1906,1889
５人以上,E29 電気機械器具製造業,平成29,2017,3月,478111,545721,270410,472283,539557,265613,428669,43614,5828,6164,4797
５人以上,E29 電気機械器具製造業,平成29,2017,4月,472586,541523,266054,472187,541118,265672,429239,42948,399,405,382
５人以上,E29 電気機械器具製造業,平成29,2017,5月,461680,514587,275874,459930,512617,274894,423057,36873,1750,1970,980
５人以上,E29 電気機械器具製造業,平成29,2017,6月,775289,867181,462537,456375,509810,274511,419661,36714,318914,357371,188026
５人以上,E29 電気機械器具製造業,平成29,2017,7月,937384,1077184,493444,474565,537500,274713,440533,34032,462819,539684,218731
５人以上,E29 電気機械器具製造業,平成29,2017,8月,471672,535205,271945,470940,534434,271335,439508,31432,732,771,610
５人以上,E29 電気機械器具製造業,平成29,2017,9月,473936,540903,267213,471620,538341,265654,439763,31857,2316,2562,1559
５人以上,E29 電気機械器具製造業,平成29,2017,10月,477969,550065,273590,476758,548704,272802,449944,26814,1211,1361,788
５人以上,E29 電気機械器具製造業,平成29,2017,11月,813516,928471,467419,468978,538631,259272,435249,33729,344538,389840,208147
５人以上,E29 電気機械器具製造業,平成29,2017,12月,1068861,1240858,557006,465442,534286,260566,430977,34465,603419,706572,296440
５人以上,E30 情報通信機械器具製造業,平成24,2012,年平均,567672,602703,410692,437938,464686,318075,412483,25455,129734,138017,92617
５人以上,E30 情報通信機械器具製造業,平成25,2013,年平均,600564,641407,421713,451101,480850,320831,418142,32959,149463,160557,100882
５人以上,E30 情報通信機械器具製造業,平成26,2014,年平均,623068,669873,433287,461051,494193,326671,434113,26938,162017,175680,106616
５人以上,E30 情報通信機械器具製造業,平成27,2015,年平均,651629,707433,472326,460479,496600,344418,434948,25531,191150,210833,127908
５人以上,E30 情報通信機械器具製造業,平成28,2016,年平均,638360,694687,460303,463630,501564,343717,442578,21052,174730,193123,116586
５人以上,E30 情報通信機械器具製造業,平成29,2017,年平均,661345,719506,478641,474785,514781,349144,454620,20165,186560,204725,129497
５人以上,E30 情報通信機械器具製造業,平成29,2017,1月,480205,520376,346825,478600,518707,345434,456454,22146,1605,1669,1391
５人以上,E30 情報通信機械器具製造業,平成29,2017,2月,482435,525253,345872,478366,521201,341748,456593,21773,4069,4052,4124
５人以上,E30 情報通信機械器具製造業,平成29,2017,3月,479007,520943,352003,476662,518568,349746,452529,24133,2345,2375,2257
５人以上,E30 情報通信機械器具製造業,平成29,2017,4月,490593,531385,357595,468683,505868,347445,448397,20286,21910,25517,10150
５人以上,E30 情報通信機械器具製造業,平成29,2017,5月,478632,515627,359170,476003,512633,357717,451830,24173,2629,2994,1453
５人以上,E30 情報通信機械器具製造業,平成29,2017,6月,1365402,1519380,865872,484745,523672,358460,463790,20955,880657,995708,507412
５人以上,E30 情報通信機械器具製造業,平成29,2017,7月,680261,710249,592671,471912,512819,352429,452533,19379,208349,197430,240242
５人以上,E30 情報通信機械器具製造業,平成29,2017,8月,467464,507587,343577,462101,502314,337935,445897,16204,5363,5273,5642
５人以上,E30 情報通信機械器具製造業,平成29,2017,9月,479731,520167,353447,474474,514391,349810,459163,15311,5257,5776,3637
５人以上,E30 情報通信機械器具製造業,平成29,2017,10月,491615,533772,360919,486951,528878,356969,469326,17625,4664,4894,3950
５人以上,E30 情報通信機械器具製造業,平成29,2017,11月,474620,514188,351583,472008,511398,349524,451709,20299,2612,2790,2059
５人以上,E30 情報通信機械器具製造業,平成29,2017,12月,1565064,1712044,1107741,466758,506751,342320,447305,19453,1098306,1205293,765421
５人以上,E31 輸送用機械器具製造業,平成24,2012,年平均,466057,487004,329778,365332,382200,255589,332098,33234,100725,104804,74189
５人以上,E31 輸送用機械器具製造業,平成25,2013,年平均,486690,507936,352512,370263,387781,259629,339292,30971,116427,120155,92883
５人以上,E31 輸送用機械器具製造業,平成26,2014,年平均,593812,630006,416148,437663,467914,289169,411105,26558,156149,162092,126979
５人以上,E31 輸送用機械器具製造業,平成27,2015,年平均,604542,632695,482195,429917,451340,336819,377481,52436,174625,181355,145376
５人以上,E31 輸送用機械器具製造業,平成28,2016,年平均,639443,672501,508471,450952,474557,357430,398984,51968,188491,197944,151041
５人以上,E31 輸送用機械器具製造業,平成29,2017,年平均,546501,567748,436249,419353,434255,342024,366462,52891,127148,133493,94225
５人以上,E31 輸送用機械器具製造業,平成29,2017,1月,435090,455579,356739,433406,454989,350875,385101,48305,1684,590,5864
５人以上,E31 輸送用機械器具製造業,平成29,2017,2月,442628,460874,311506,422550,438002,311506,363871,58679,20078,22872,－
５人以上,E31 輸送用機械器具製造業,平成29,2017,3月,440844,464298,357025,440827,464276,357025,381714,59113,17,22,－
５人以上,E31 輸送用機械器具製造業,平成29,2017,4月,443618,464588,368738,441116,462464,364887,385624,55492,2502,2124,3851
５人以上,E31 輸送用機械器具製造業,平成29,2017,5月,446542,468727,364101,444226,465987,363358,390109,54117,2316,2740,743
５人以上,E31 輸送用機械器具製造業,平成29,2017,6月,533139,530676,548756,471630,484505,389984,427214,44416,61509,46171,158772
５人以上,E31 輸送用機械器具製造業,平成29,2017,7月,1084422,1102974,943188,384920,395132,307172,334620,50300,699502,707842,636016
５人以上,E31 輸送用機械器具製造業,平成29,2017,8月,371740,383170,291736,371740,383170,291736,326455,45285,－,－,－
５人以上,E31 輸送用機械器具製造業,平成29,2017,9月,392955,404149,316018,392580,404069,313618,332859,59721,375,80,2400
５人以上,E31 輸送用機械器具製造業,平成29,2017,10月,401816,414558,317023,401636,414487,316117,340786,60850,180,71,906
５人以上,E31 輸送用機械器具製造業,平成29,2017,11月,435385,456456,351927,435385,456456,351927,381373,54012,－,－,－
５人以上,E31 輸送用機械器具製造業,平成29,2017,12月,1127746,1155054,946157,381791,391763,315479,335365,46426,745955,763291,630678
５人以上,E32、20 その他の製造業、なめし革・同製品・毛皮製造業,平成24,2012,年平均,462944,531255,313674,367416,418206,256433,351215,16201,95528,113049,57241
５人以上,E32、20 その他の製造業、なめし革・同製品・毛皮製造業,平成25,2013,年平均,445458,514688,290474,358642,413379,236104,340844,17798,86816,101309,54370
５人以上,E32、20 その他の製造業、なめし革・同製品・毛皮製造業,平成26,2014,年平均,437504,510499,276104,353234,410426,226777,335213,18021,84270,100073,49327
５人以上,E32、20 その他の製造業、なめし革・同製品・毛皮製造業,平成27,2015,年平均,444779,499773,291914,359336,398377,250814,335411,23925,85443,101396,41100
５人以上,E32、20 その他の製造業、なめし革・同製品・毛皮製造業,平成28,2016,年平均,442265,505728,299752,350049,396611,245491,334255,15794,92216,109117,54261
５人以上,E32、20 その他の製造業、なめし革・同製品・毛皮製造業,平成29,2017,年平均,446668,515935,306726,340441,387443,245480,325805,14636,106227,128492,61246
５人以上,E32、20 その他の製造業、なめし革・同製品・毛皮製造業,平成29,2017,1月,418279,484365,276739,360829,414927,244965,349056,11773,57450,69438,31774
５人以上,E32、20 その他の製造業、なめし革・同製品・毛皮製造業,平成29,2017,2月,369620,420258,261696,368461,418845,261078,355293,13168,1159,1413,618
５人以上,E32、20 その他の製造業、なめし革・同製品・毛皮製造業,平成29,2017,3月,496934,575517,330517,370147,422206,259901,358034,12113,126787,153311,70616
５人以上,E32、20 その他の製造業、なめし革・同製品・毛皮製造業,平成29,2017,4月,375650,424445,272876,370133,418015,269284,357366,12767,5517,6430,3592
５人以上,E32、20 その他の製造業、なめし革・同製品・毛皮製造業,平成29,2017,5月,394243,450726,275650,365601,412577,266970,353068,12533,28642,38149,8680
５人以上,E32、20 その他の製造業、なめし革・同製品・毛皮製造業,平成29,2017,6月,431178,498320,296410,326988,366562,247556,309837,17151,104190,131758,48854
５人以上,E32、20 その他の製造業、なめし革・同製品・毛皮製造業,平成29,2017,7月,672394,778574,459693,323392,365471,239099,306457,16935,349002,413103,220594
５人以上,E32、20 その他の製造業、なめし革・同製品・毛皮製造業,平成29,2017,8月,339992,388213,246443,320848,365367,234482,304817,16031,19144,22846,11961
５人以上,E32、20 その他の製造業、なめし革・同製品・毛皮製造業,平成29,2017,9月,326495,374004,236092,319987,366512,231455,305614,14373,6508,7492,4637
５人以上,E32、20 その他の製造業、なめし革・同製品・毛皮製造業,平成29,2017,10月,332841,384467,233777,318226,364270,229875,301902,16324,14615,20197,3902
５人以上,E32、20 その他の製造業、なめし革・同製品・毛皮製造業,平成29,2017,11月,412918,485392,273323,322990,369099,234178,306865,16125,89928,116293,39145
５人以上,E32、20 その他の製造業、なめし革・同製品・毛皮製造業,平成29,2017,12月,791637,928880,519556,318346,362251,231305,302059,16287,473291,566629,288251
５人以上,I-1 卸売業,平成24,2012,年平均,497635,588760,321206,384041,449627,257058,367815,16226,113594,139133,64148
５人以上,I-1 卸売業,平成25,2013,年平均,506545,595777,333182,389104,452629,265685,371748,17356,117441,143148,67497
５人以上,I-1 卸売業,平成26,2014,年平均,508121,591714,339648,389768,448593,271213,373867,15901,118353,143121,68435
５人以上,I-1 卸売業,平成27,2015,年平均,519395,594696,357070,400495,456567,279621,383137,17358,118900,138129,77449
５人以上,I-1 卸売業,平成28,2016,年平均,530965,611812,367356,400875,458463,284335,382908,17967,130090,153349,83021
５人以上,I-1 卸売業,平成29,2017,年平均,552508,629688,392830,414876,470595,299598,397838,17038,137632,159093,93232
５人以上,I-1 卸売業,平成29,2017,1月,450896,510783,328130,411379,467913,295485,395982,15397,39517,42870,32645
５人以上,I-1 卸売業,平成29,2017,2月,427434,485114,307028,417170,472894,300848,399632,17538,10264,12220,6180
５人以上,I-1 卸売業,平成29,2017,3月,532516,592690,401264,418216,473236,298207,400850,17366,114300,119454,103057
５人以上,I-1 卸売業,平成29,2017,4月,474025,535408,344909,415767,469968,301760,398016,17751,58258,65440,43149
５人以上,I-1 卸売業,平成29,2017,5月,435651,496365,308992,411281,464936,299348,394009,17272,24370,31429,9644
５人以上,I-1 卸売業,平成29,2017,6月,859301,987129,591670,412770,466742,299769,396677,16093,446531,520387,291901
５人以上,I-1 卸売業,平成29,2017,7月,655756,750282,460289,416670,472707,300794,398876,17794,239086,277575,159495
５人以上,I-1 卸売業,平成29,2017,8月,428353,487212,308830,409395,465607,295248,393206,16189,18958,21605,13582
５人以上,I-1 卸売業,平成29,2017,9月,424479,484105,303484,410222,467442,294108,393895,16327,14257,16663,9376
５人以上,I-1 卸売業,平成29,2017,10月,435420,491552,319657,415319,470563,301388,398120,17199,20101,20989,18269
５人以上,I-1 卸売業,平成29,2017,11月,477360,550159,330726,422600,480281,306418,404767,17833,54760,69878,24308
５人以上,I-1 卸売業,平成29,2017,12月,1024371,1181005,706484,417739,474909,301713,400055,17684,606632,706096,404771
５人以上,I-2 小売業,平成24,2012,年平均,243067,319468,182878,212277,274457,163291,201962,10315,30790,45011,19587
５人以上,I-2 小売業,平成25,2013,年平均,235770,312708,176403,206909,270416,157905,196041,10868,28861,42292,18498
５人以上,I-2 小売業,平成26,2014,年平均,234490,310621,180004,202591,262816,159489,191167,11424,31899,47805,20515
５人以上,I-2 小売業,平成27,2015,年平均,243718,323134,181648,209170,271636,160349,197837,11333,34548,51498,21299
５人以上,I-2 小売業,平成28,2016,年平均,242850,318597,177655,209820,270007,158018,199079,10741,33030,48590,19637
５人以上,I-2 小売業,平成29,2017,年平均,244379,321900,180467,211476,271842,161707,200632,10844,32903,50058,18760
５人以上,I-2 小売業,平成29,2017,1月,225879,294705,169678,212031,274267,161211,200304,11727,13848,20438,8467
５人以上,I-2 小売業,平成29,2017,2月,219376,295884,157187,204313,264830,155123,194703,9610,15063,31054,2064
５人以上,I-2 小売業,平成29,2017,3月,218659,289365,160067,203687,264511,153284,193356,10331,14972,24854,6783
５人以上,I-2 小売業,平成29,2017,4月,220984,287014,166675,212829,275512,161273,201757,11072,8155,11502,5402
５人以上,I-2 小売業,平成29,2017,5月,219244,286369,163418,211502,274873,158799,200118,11384,7742,11496,4619
５人以上,I-2 小売業,平成29,2017,6月,284544,380849,205569,212975,275749,161497,202427,10548,71569,105100,44072
５人以上,I-2 小売業,平成29,2017,7月,290492,390800,208239,217193,277221,167970,205834,11359,73299,113579,40269
５人以上,I-2 小売業,平成29,2017,8月,220715,287962,164831,212353,272882,162052,201666,10687,8362,15080,2779
５人以上,I-2 小売業,平成29,2017,9月,219519,281614,168103,214975,275340,164992,204699,10276,4544,6274,3111
５人以上,I-2 小売業,平成29,2017,10月,213326,269951,165072,209603,265720,161782,199057,10546,3723,4231,3290
５人以上,I-2 小売業,平成29,2017,11月,215776,275701,166298,211084,268901,163346,200009,11075,4692,6800,2952
５人以上,I-2 小売業,平成29,2017,12月,382942,525118,268429,215059,272310,168948,203550,11509,167883,252808,99481
５人以上,M75 宿泊業,平成24,2012,年平均,294977,364699,194646,258949,315000,178291,242347,16602,36028,49699,16355
５人以上,M75 宿泊業,平成25,2013,年平均,311910,383394,214299,269503,326826,191229,251030,18473,42407,56568,23070
５人以上,M75 宿泊業,平成26,2014,年平均,343906,409514,253472,288168,339241,217770,269418,18750,55738,70273,35702
５人以上,M75 宿泊業,平成27,2015,年平均,275394,346598,207056,238269,293810,184964,223029,15240,37125,52788,22092
５人以上,M75 宿泊業,平成28,2016,年平均,270147,339606,197973,228455,280582,174291,212575,15880,41692,59024,23682
５人以上,M75 宿泊業,平成29,2017,年平均,271500,341355,206607,236754,292164,185279,218195,18559,34746,49191,21328
５人以上,M75 宿泊業,平成29,2017,1月,232984,290457,179244,232572,289980,178893,212854,19718,412,477,351
５人以上,M75 宿泊業,平成29,2017,2月,241592,298006,187717,240983,296840,187641,223552,17431,609,1166,76
５人以上,M75 宿泊業,平成29,2017,3月,250943,318276,184633,236925,296331,178422,219789,17136,14018,21945,6211
５人以上,M75 宿泊業,平成29,2017,4月,265274,331089,202741,245955,300573,194061,222079,23876,19319,30516,8680
５人以上,M75 宿泊業,平成29,2017,5月,235765,287218,187993,235385,286762,187684,216056,19329,380,456,309
５人以上,M75 宿泊業,平成29,2017,6月,268844,333792,208226,242487,297893,190775,225740,16747,26357,35899,17451
５人以上,M75 宿泊業,平成29,2017,7月,394470,517294,284516,243162,298100,193981,226712,16450,151308,219194,90535
５人以上,M75 宿泊業,平成29,2017,8月,236315,293945,185157,235494,292466,184920,218109,17385,821,1479,237
５人以上,M75 宿泊業,平成29,2017,9月,244083,306636,181315,237109,297445,176566,218259,18850,6974,9191,4749
５人以上,M75 宿泊業,平成29,2017,10月,247495,305724,187927,236816,289539,182881,219428,17388,10679,16185,5046
５人以上,M75 宿泊業,平成29,2017,11月,228842,281502,185014,228626,281026,185014,208566,20060,216,476,－
５人以上,M75 宿泊業,平成29,2017,12月,409118,543053,296387,225559,277429,181901,207175,18384,183559,265624,114486
５人以上,MS Ｍ一括分,平成24,2012,年平均,149889,203815,108836,140810,190177,103228,132615,8195,9079,13638,5608
５人以上,MS Ｍ一括分,平成25,2013,年平均,146722,196147,107491,137062,181807,101545,127550,9512,9660,14340,5946
５人以上,MS Ｍ一括分,平成26,2014,年平均,148177,199674,108459,138447,184610,102842,128266,10181,9730,15064,5617
５人以上,MS Ｍ一括分,平成27,2015,年平均,146468,196706,102663,137115,181847,98112,128077,9038,9353,14859,4551
５人以上,MS Ｍ一括分,平成28,2016,年平均,137623,184277,100929,130063,171320,97614,121685,8378,7560,12957,3315
５人以上,MS Ｍ一括分,平成29,2017,年平均,137388,181731,102062,130242,170141,98456,122389,7853,7146,11590,3606
５人以上,MS Ｍ一括分,平成29,2017,1月,127662,172250,94481,125118,168198,93059,117796,7322,2544,4052,1422
５人以上,MS Ｍ一括分,平成29,2017,2月,124932,169772,91359,124002,167973,91079,116550,7452,930,1799,280
５人以上,MS Ｍ一括分,平成29,2017,3月,133502,174227,101982,129019,170258,97102,120873,8146,4483,3969,4880
５人以上,MS Ｍ一括分,平成29,2017,4月,130627,173473,98625,128232,168519,98141,120294,7938,2395,4954,484
５人以上,MS Ｍ一括分,平成29,2017,5月,131751,171176,100103,130357,168457,99773,122389,7968,1394,2719,330
５人以上,MS Ｍ一括分,平成29,2017,6月,155260,212302,110721,136438,177934,104038,128261,8177,18822,34368,6683
５人以上,MS Ｍ一括分,平成29,2017,7月,147863,195111,109337,134596,174993,101656,126217,8379,13267,20118,7681
５人以上,MS Ｍ一括分,平成29,2017,8月,135934,175026,102349,132908,170370,100723,124831,8077,3026,4656,1626
５人以上,MS Ｍ一括分,平成29,2017,9月,129528,168231,98310,129022,167477,98004,121595,7427,506,754,306
５人以上,MS Ｍ一括分,平成29,2017,10月,133113,172956,99671,131381,170846,98257,123747,7634,1732,2110,1414
５人以上,MS Ｍ一括分,平成29,2017,11月,133566,174465,99892,130270,167901,99286,122511,7759,3296,6564,606
５人以上,MS Ｍ一括分,平成29,2017,12月,164081,219965,118093,131305,168646,100577,123354,7951,32776,51319,17516
５人以上,P83 医療業,平成24,2012,年平均,387946,531729,330662,333570,469431,279442,309697,23873,54376,62298,51220
５人以上,P83 医療業,平成25,2013,年平均,396215,553355,333389,336301,485269,276743,312773,23528,59914,68086,56646
５人以上,P83 医療業,平成26,2014,年平均,383116,508840,333898,316383,431155,271453,294215,22168,66733,77685,62445
５人以上,P83 医療業,平成27,2015,年平均,366122,470383,329801,306862,402352,273596,290317,16545,59260,68031,56205
５人以上,P83 医療業,平成28,2016,年平均,356591,464041,320229,303469,402680,269895,285527,17942,53122,61361,50334
５人以上,P83 医療業,平成29,2017,年平均,369453,490012,327577,312402,423235,273905,294045,18357,57051,66777,53672
５人以上,P83 医療業,平成29,2017,1月,308986,407670,274766,303866,402590,269632,283705,20161,5120,5080,5134
５人以上,P83 医療業,平成29,2017,2月,317320,427640,279672,310934,418556,274207,292524,18410,6386,9084,5465
５人以上,P83 医療業,平成29,2017,3月,388109,549043,334225,312097,430099,272587,294296,17801,76012,118944,61638
５人以上,P83 医療業,平成29,2017,4月,349368,486729,301880,328892,445872,288450,310972,17920,20476,40857,13430
５人以上,P83 医療業,平成29,2017,5月,315905,432118,276423,314246,431144,274532,296143,18103,1659,974,1891
５人以上,P83 医療業,平成29,2017,6月,466638,612499,417239,313519,425454,275610,292650,20869,153119,187045,141629
５人以上,P83 医療業,平成29,2017,7月,411052,526026,371130,311158,427389,270799,292248,18910,99894,98637,100331
５人以上,P83 医療業,平成29,2017,8月,318538,435034,278355,308482,424336,268521,291512,16970,10056,10698,9834
５人以上,P83 医療業,平成29,2017,9月,312553,417068,275723,309496,413979,272677,292976,16520,3057,3089,3046
５人以上,P83 医療業,平成29,2017,10月,330275,438998,290937,319014,425708,280411,300176,18838,11261,13290,10526
５人以上,P83 医療業,平成29,2017,11月,349712,457664,310989,310022,416659,271770,292424,17598,39690,41005,39219
５人以上,P83 医療業,平成29,2017,12月,562113,689371,516830,307337,418013,267954,289126,18211,254776,271358,248876
５人以上,PS Ｐ一括分,平成24,2012,年平均,286398,385563,251754,237344,315071,210190,227049,10295,49054,70492,41564
５人以上,PS Ｐ一括分,平成25,2013,年平均,281731,381549,244793,236190,312907,207800,225240,10950,45541,68642,36993
５人以上,PS Ｐ一括分,平成26,2014,年平均,291220,391266,250723,246305,326281,213932,234477,11828,44915,64985,36791
５人以上,PS Ｐ一括分,平成27,2015,年平均,277163,369509,245105,231606,303479,206655,223063,8543,45557,66030,38450
５人以上,PS Ｐ一括分,平成28,2016,年平均,274123,368777,243847,228117,304738,203609,220544,7573,46006,64039,40238
５人以上,PS Ｐ一括分,平成29,2017,年平均,276519,369616,245702,232401,305212,208299,225369,7032,44118,64404,37403
５人以上,PS Ｐ一括分,平成29,2017,1月,225499,307661,201300,222171,303582,198193,215031,7140,3328,4079,3107
５人以上,PS Ｐ一括分,平成29,2017,2月,231110,307863,206321,229747,306892,204831,222084,7663,1363,971,1490
５人以上,PS Ｐ一括分,平成29,2017,3月,253577,340986,226183,235997,319867,209712,229042,6955,17580,21119,16471
５人以上,PS Ｐ一括分,平成29,2017,4月,240771,333145,211979,232617,318890,205727,225161,7456,8154,14255,6252
５人以上,PS Ｐ一括分,平成29,2017,5月,249012,323589,224640,239163,308785,216410,231728,7435,9849,14804,8230
５人以上,PS Ｐ一括分,平成29,2017,6月,393572,537630,348408,229868,303738,206709,223213,6655,163704,233892,141699
５人以上,PS Ｐ一括分,平成29,2017,7月,286202,380978,253424,237288,302097,214874,229823,7465,48914,78881,38550
５人以上,PS Ｐ一括分,平成29,2017,8月,236066,298372,214463,235581,297945,213958,229190,6391,485,427,505
５人以上,PS Ｐ一括分,平成29,2017,9月,227196,304771,201165,224238,301697,198246,218204,6034,2958,3074,2919
５人以上,PS Ｐ一括分,平成29,2017,10月,249218,316268,224700,236422,300338,213050,229623,6799,12796,15930,11650
５人以上,PS Ｐ一括分,平成29,2017,11月,263643,317571,244055,238896,303864,215298,231505,7391,24747,13707,28757
５人以上,PS Ｐ一括分,平成29,2017,12月,461131,670191,391094,226811,297277,203204,219796,7015,234320,372914,187890
５人以上,R91 職業紹介・労働者派遣業,平成24,2012,年平均,262425,334050,222942,245701,300755,215353,224615,21086,16724,33295,7589
５人以上,R91 職業紹介・労働者派遣業,平成25,2013,年平均,259610,324418,219068,241904,291969,210584,222246,19658,17706,32449,8484
５人以上,R91 職業紹介・労働者派遣業,平成26,2014,年平均,274984,353833,228391,251354,312898,214987,232565,18789,23630,40935,13404
５人以上,R91 職業紹介・労働者派遣業,平成27,2015,年平均,321138,397052,260716,278792,330434,237689,262259,16533,42346,66618,23027
５人以上,R91 職業紹介・労働者派遣業,平成28,2016,年平均,313405,405879,257155,273657,339365,233689,256995,16662,39748,66514,23466
５人以上,R91 職業紹介・労働者派遣業,平成29,2017,年平均,320653,400351,264514,286694,347661,243748,272025,14669,33959,52690,20766
５人以上,R91 職業紹介・労働者派遣業,平成29,2017,1月,308814,419006,240009,275947,351484,228781,260540,15407,32867,67522,11228
５人以上,R91 職業紹介・労働者派遣業,平成29,2017,2月,293164,372567,242435,284121,357232,237412,268007,16114,9043,15335,5023
５人以上,R91 職業紹介・労働者派遣業,平成29,2017,3月,297731,374382,250390,288659,358994,245219,273132,15527,9072,15388,5171
５人以上,R91 職業紹介・労働者派遣業,平成29,2017,4月,280950,336120,239261,271920,324722,232020,256647,15273,9030,11398,7241
５人以上,R91 職業紹介・労働者派遣業,平成29,2017,5月,288552,355329,244078,287719,354285,243386,272606,15113,833,1044,692
５人以上,R91 職業紹介・労働者派遣業,平成29,2017,6月,355230,456007,282378,272644,327966,232651,259441,13203,82586,128041,49727
５人以上,R91 職業紹介・労働者派遣業,平成29,2017,7月,391181,505725,307465,299074,358917,255336,283699,15375,92107,146808,52129
５人以上,R91 職業紹介・労働者派遣業,平成29,2017,8月,298832,354361,257305,290899,341897,252761,277481,13418,7933,12464,4544
５人以上,R91 職業紹介・労働者派遣業,平成29,2017,9月,298607,357258,254736,293131,348597,251642,278766,14365,5476,8661,3094
５人以上,R91 職業紹介・労働者派遣業,平成29,2017,10月,309416,367544,266967,295985,358712,250178,281367,14618,13431,8832,16789
５人以上,R91 職業紹介・労働者派遣業,平成29,2017,11月,289281,346907,246903,288627,345904,246506,274354,14273,654,1003,397
５人以上,R91 職業紹介・労働者派遣業,平成29,2017,12月,432016,551029,343310,291067,346713,249590,277590,13477,140949,204316,93720
５人以上,R92 その他の事業サービス業,平成24,2012,年平均,283916,350932,191342,244404,297348,171269,222664,21740,39512,53584,20073
５人以上,R92 その他の事業サービス業,平成25,2013,年平均,287011,356025,194897,243878,298155,171435,222440,21438,43133,57870,23462
５人以上,R92 その他の事業サービス業,平成26,2014,年平均,286049,359123,192039,244325,302502,169480,221446,22879,41724,56621,22559
５人以上,R92 その他の事業サービス業,平成27,2015,年平均,282231,317532,227765,248736,279425,201385,227441,21295,33495,38107,26380
５人以上,R92 その他の事業サービス業,平成28,2016,年平均,268944,308405,206583,240508,274650,186552,220889,19619,28436,33755,20031
５人以上,R92 その他の事業サービス業,平成29,2017,年平均,249684,289859,192253,223105,257727,173613,205425,17680,26579,32132,18640
５人以上,R92 その他の事業サービス業,平成29,2017,1月,228052,267292,167127,220677,256613,164881,203017,17660,7375,10679,2246
５人以上,R92 その他の事業サービス業,平成29,2017,2月,217158,255820,161136,215695,254070,160090,199357,16338,1463,1750,1046
５人以上,R92 その他の事業サービス業,平成29,2017,3月,229809,269669,170289,221566,258584,166291,205042,16524,8243,11085,3998
５人以上,R92 その他の事業サービス業,平成29,2017,4月,228781,263666,175774,221638,254500,171705,204047,17591,7143,9166,4069
５人以上,R92 その他の事業サービス業,平成29,2017,5月,233477,269162,178976,224657,256873,175455,206703,17954,8820,12289,3521
５人以上,R92 その他の事業サービス業,平成29,2017,6月,315776,362208,247126,221557,254019,173562,204295,17262,94219,108189,73564
５人以上,R92 その他の事業サービス業,平成29,2017,7月,272714,325273,198694,224980,259749,176014,206194,18786,47734,65524,22680
５人以上,R92 その他の事業サービス業,平成29,2017,8月,228767,260244,184189,225323,256285,181474,207448,17875,3444,3959,2715
５人以上,R92 その他の事業サービス業,平成29,2017,9月,223463,258386,176267,222400,257475,174999,205154,17246,1063,911,1268
５人以上,R92 その他の事業サービス業,平成29,2017,10月,224214,257866,180076,221003,254999,176414,204529,16474,3211,2867,3662
５人以上,R92 その他の事業サービス業,平成29,2017,11月,238283,274247,190400,231212,267119,183405,211674,19538,7071,7128,6995
５人以上,R92 その他の事業サービス業,平成29,2017,12月,353588,414206,271498,226258,262672,176945,207405,18853,127330,151534,94553
５人以上,RS Ｒ一括分,平成24,2012,年平均,421354,463876,295276,344371,376924,247849,308908,35463,76983,86952,47427
５人以上,RS Ｒ一括分,平成25,2013,年平均,433452,470936,327067,348581,377132,267550,312880,35701,84871,93804,59517
５人以上,RS Ｒ一括分,平成26,2014,年平均,440526,476086,334560,347733,375556,264823,309878,37855,92793,100530,69737
５人以上,RS Ｒ一括分,平成27,2015,年平均,483569,533849,345263,373586,411956,268040,343523,30063,109983,121893,77223
５人以上,RS Ｒ一括分,平成28,2016,年平均,482620,547114,349198,374604,422629,275251,349878,24726,108016,124485,73947
５人以上,RS Ｒ一括分,平成29,2017,年平均,496475,562548,366007,383255,433529,283985,359065,24190,113220,129019,82022
５人以上,RS Ｒ一括分,平成29,2017,1月,406603,456118,302390,375093,421025,278422,350223,24870,31510,35093,23968
５人以上,RS Ｒ一括分,平成29,2017,2月,397005,447780,298383,386023,435044,290807,360068,25955,10982,12736,7576
５人以上,RS Ｒ一括分,平成29,2017,3月,406882,455670,318647,382645,435086,287804,357932,24713,24237,20584,30843
５人以上,RS Ｒ一括分,平成29,2017,4月,412768,466709,310055,388616,437447,295632,364925,23691,24152,29262,14423
５人以上,RS Ｒ一括分,平成29,2017,5月,432980,504162,296060,388211,441620,285477,361057,27154,44769,62542,10583
５人以上,RS Ｒ一括分,平成29,2017,6月,816896,905537,647261,383769,431950,291564,361221,22548,433127,473587,355697
５人以上,RS Ｒ一括分,平成29,2017,7月,528851,599651,376429,377960,426901,272597,355888,22072,150891,172750,103832
５人以上,RS Ｒ一括分,平成29,2017,8月,396754,445692,284482,381462,427686,275418,358831,22631,15292,18006,9064
５人以上,RS Ｒ一括分,平成29,2017,9月,409980,465834,310037,390305,447478,288002,367950,22355,19675,18356,22035
５人以上,RS Ｒ一括分,平成29,2017,10月,404267,470613,284646,387060,447665,277790,362616,24444,17207,22948,6856
５人以上,RS Ｒ一括分,平成29,2017,11月,429574,499162,285626,376311,423093,279539,350166,26145,53263,76069,6087
５人以上,RS Ｒ一括分,平成29,2017,12月,909964,1019744,681809,381599,429345,282369,357886,23713,528365,590399,399440
５人以上,TK1 特掲産業１,平成24,2012,年平均,544421,610508,366790,423439,470589,296709,403829,19610,120982,139919,70081
５人以上,TK1 特掲産業１,平成25,2013,年平均,551530,614891,371744,417806,462952,289705,398915,18891,133724,151939,82039
５人以上,TK1 特掲産業１,平成26,2014,年平均,556524,613341,380366,421944,462783,295324,403693,18251,134580,150558,85042
５人以上,TK1 特掲産業１,平成27,2015,年平均,562414,649986,381806,424555,488413,292856,404094,20461,137859,161573,88950
５人以上,TK1 特掲産業１,平成28,2016,年平均,536107,622715,364954,408193,472967,280188,388231,19962,127914,149748,84766
５人以上,TK1 特掲産業１,平成29,2017,年平均,562263,640478,379101,438563,496734,302340,419750,18813,123700,143744,76761
５人以上,TK1 特掲産業１,平成29,2017,1月,431284,490179,291644,428954,487639,289812,406748,22206,2330,2540,1832
５人以上,TK1 特掲産業１,平成29,2017,2月,434880,493877,293331,432569,491875,290279,411865,20704,2311,2002,3052
５人以上,TK1 特掲産業１,平成29,2017,3月,484081,530410,368331,438308,492187,303694,418691,19617,45773,38223,64637
５人以上,TK1 特掲産業１,平成29,2017,4月,460717,518136,317976,443439,500006,302814,421731,21708,17278,18130,15162
５人以上,TK1 特掲産業１,平成29,2017,5月,434426,487964,302194,431420,484797,299585,416327,15093,3006,3167,2609
５人以上,TK1 特掲産業１,平成29,2017,6月,941834,1092316,567462,443870,498399,308212,426049,17821,497964,593917,259250
５人以上,TK1 特掲産業１,平成29,2017,7月,592533,678915,393283,444156,504136,305806,426774,17382,148377,174779,87477
５人以上,TK1 特掲産業１,平成29,2017,8月,443499,501475,309223,440864,498238,307982,425357,15507,2635,3237,1241
５人以上,TK1 特掲産業１,平成29,2017,9月,456462,513214,311748,448443,503270,308640,432291,16152,8019,9944,3108
５人以上,TK1 特掲産業１,平成29,2017,10月,464703,525597,327219,442672,501135,310675,425323,17349,22031,24462,16544
５人以上,TK1 特掲産業１,平成29,2017,11月,439645,506899,301943,437210,504239,299969,415100,22110,2435,2660,1974
５人以上,TK1 特掲産業１,平成29,2017,12月,1135774,1342416,717152,429293,493723,298769,408610,20683,706481,848693,418383
５人以上,TK2 特掲産業２,平成24,2012,年平均,527537,588862,388856,429256,477472,320220,393790,35466,98281,111390,68636
５人以上,TK2 特掲産業２,平成25,2013,年平均,494971,546382,374196,405241,444659,312640,369334,35907,89730,101723,61556
５人以上,TK2 特掲産業２,平成26,2014,年平均,482901,536072,366750,395894,438430,302976,360946,34948,87007,97642,63774
５人以上,TK2 特掲産業２,平成27,2015,年平均,510655,582678,354991,414230,470642,292307,389100,25130,96425,112036,62684
５人以上,TK2 特掲産業２,平成28,2016,年平均,533445,609270,366443,419828,477511,292784,394275,25553,113617,131759,73659
５人以上,TK2 特掲産業２,平成29,2017,年平均,518077,594557,354550,404670,461987,282116,377446,27224,113407,132570,72434
５人以上,TK2 特掲産業２,平成29,2017,1月,420943,475885,293986,408416,461385,286018,384471,23945,12527,14500,7968
５人以上,TK2 特掲産業２,平成29,2017,2月,435177,496883,294011,403383,457686,279151,375928,27455,31794,39197,14860
５人以上,TK2 特掲産業２,平成29,2017,3月,442826,508014,301069,412157,469794,286819,383676,28481,30669,38220,14250
５人以上,TK2 特掲産業２,平成29,2017,4月,452958,521281,308890,415212,473815,291640,386828,28384,37746,47466,17250
５人以上,TK2 特掲産業２,平成29,2017,5月,417392,477640,292820,401736,460383,280476,372164,29572,15656,17257,12344
５人以上,TK2 特掲産業２,平成29,2017,6月,794208,918698,544875,412699,474095,289733,384088,28611,381509,444603,255142
５人以上,TK2 特掲産業２,平成29,2017,7月,547311,621659,388567,407040,463281,286957,379331,27709,140271,158378,101610
５人以上,TK2 特掲産業２,平成29,2017,8月,462123,536616,308841,402094,464167,274369,374763,27331,60029,72449,34472
５人以上,TK2 特掲産業２,平成29,2017,9月,409457,467505,284089,398941,455412,276980,374254,24687,10516,12093,7109
５人以上,TK2 特掲産業２,平成29,2017,10月,458953,530888,309915,399338,457946,277912,372177,27161,59615,72942,32003
５人以上,TK2 特掲産業２,平成29,2017,11月,405302,462937,282474,392827,448411,274370,365567,27260,12475,14526,8104
５人以上,TK2 特掲産業２,平成29,2017,12月,968744,1120984,636318,402072,457608,280805,376071,26001,566672,663376,355513
５人以上,TK3 特掲産業３,平成24,2012,年平均,534465,610477,411809,457516,516082,363011,413300,44216,76949,94395,48798
５人以上,TK3 特掲産業３,平成25,2013,年平均,528425,602098,410098,448371,503472,359872,403284,45087,80054,98626,50226
５人以上,TK3 特掲産業３,平成26,2014,年平均,550964,635634,425399,453258,511757,366504,404765,48493,97706,123877,58895
５人以上,TK3 特掲産業３,平成27,2015,年平均,480461,551419,359602,369525,412685,296013,353535,15990,110936,138734,63589
５人以上,TK3 特掲産業３,平成28,2016,年平均,495937,596040,332480,412441,488265,288629,399238,13203,83496,107775,43851
５人以上,TK3 特掲産業３,平成29,2017,年平均,462233,506733,368340,398990,434702,323639,388155,10835,63243,72031,44701
５人以上,TK3 特掲産業３,平成29,2017,1月,415922,518785,277420,402545,502585,267845,390146,12399,13377,16200,9575
５人以上,TK3 特掲産業３,平成29,2017,2月,442451,482446,342709,437025,477146,336968,425530,11495,5426,5300,5741
５人以上,TK3 特掲産業３,平成29,2017,3月,464820,485311,419127,416608,440399,363554,400747,15861,48212,44912,55573
５人以上,TK3 特掲産業３,平成29,2017,4月,508480,574329,387259,389825,431107,313830,380911,8914,118655,143222,73429
５人以上,TK3 特掲産業３,平成29,2017,5月,394976,428268,325923,384193,414652,321017,375186,9007,10783,13616,4906
５人以上,TK3 特掲産業３,平成29,2017,6月,688387,798498,465807,401665,440410,323346,391380,10285,286722,358088,142461
５人以上,TK3 特掲産業３,平成29,2017,7月,459651,490856,388741,389815,417779,326270,378301,11514,69836,73077,62471
５人以上,TK3 特掲産業３,平成29,2017,8月,393845,415881,342785,382524,407291,325138,371997,10527,11321,8590,17647
５人以上,TK3 特掲産業３,平成29,2017,9月,414353,441253,353420,394416,422857,329992,385544,8872,19937,18396,23428
５人以上,TK3 特掲産業３,平成29,2017,10月,501634,542697,409867,401230,431730,333069,389068,12162,100404,110967,76798
５人以上,TK3 特掲産業３,平成29,2017,11月,408899,437465,342667,401178,428088,338786,391221,9957,7721,9377,3881
５人以上,TK3 特掲産業３,平成29,2017,12月,531026,580325,421073,390032,418446,326658,381007,9025,140994,161879,94415
５人以上,TK4 特掲産業４,平成24,2012,年平均,257160,331590,202436,236518,298483,190959,228491,8027,20642,33107,11477
５人以上,TK4 特掲産業４,平成25,2013,年平均,288675,398617,229799,253155,337004,208252,241849,11306,35520,61613,21547
５人以上,TK4 特掲産業４,平成26,2014,年平均,264260,369473,215568,234726,317081,196612,223698,11028,29534,52392,18956
５人以上,TK4 特掲産業４,平成27,2015,年平均,189535,235583,169667,184446,230068,164762,176688,7758,5089,5515,4905
５人以上,TK4 特掲産業４,平成28,2016,年平均,204558,235089,190419,198926,226239,186277,194236,4690,5632,8850,4142
５人以上,TK4 特掲産業４,平成29,2017,年平均,218340,266293,194984,209721,247506,191318,205733,3988,8619,18787,3666
５人以上,TK4 特掲産業４,平成29,2017,1月,228143,266999,208715,216945,245041,202897,212305,4640,11198,21958,5818
５人以上,TK4 特掲産業４,平成29,2017,2月,215712,254783,196963,211963,246933,195181,207604,4359,3749,7850,1782
５人以上,TK4 特掲産業４,平成29,2017,3月,220491,259312,202451,217374,250311,202069,212486,4888,3117,9001,382
５人以上,TK4 特掲産業４,平成29,2017,4月,230532,279024,206598,222595,262259,203018,218056,4539,7937,16765,3580
５人以上,TK4 特掲産業４,平成29,2017,5月,210358,250129,189626,206213,239415,188905,201860,4353,4145,10714,721
５人以上,TK4 特掲産業４,平成29,2017,6月,212460,249186,193923,206836,239860,190168,202467,4369,5624,9326,3755
５人以上,TK4 特掲産業４,平成29,2017,7月,223233,287731,189828,201849,240366,181901,199049,2800,21384,47365,7927
５人以上,TK4 特掲産業４,平成29,2017,8月,202146,247048,180196,201026,246045,179019,198570,2456,1120,1003,1177
５人以上,TK4 特掲産業４,平成29,2017,9月,202083,252454,177667,196919,242999,174583,194226,2693,5164,9455,3084
５人以上,TK4 特掲産業４,平成29,2017,10月,219095,272584,196078,216859,266797,195370,213272,3587,2236,5787,708
５人以上,TK4 特掲産業４,平成29,2017,11月,210494,254217,189767,204626,240746,187504,200329,4297,5868,13471,2263
５人以上,TK4 特掲産業４,平成29,2017,12月,257123,350286,214929,218865,260474,200020,213331,5534,38258,89812,14909
５人以上,TK5 特掲産業５,平成24,2012,年平均,462016,483563,307483,368018,383269,258643,317461,50557,93998,100294,48840
５人以上,TK5 特掲産業５,平成25,2013,年平均,464644,486699,310873,368127,384090,256827,314037,54090,96517,102609,54046
５人以上,TK5 特掲産業５,平成26,2014,年平均,473749,495719,287747,366871,382710,232777,306076,60795,106878,113009,54970
５人以上,TK5 特掲産業５,平成27,2015,年平均,465577,484587,319320,370948,384867,263860,323012,47936,94629,99720,55460
５人以上,TK5 特掲産業５,平成28,2016,年平均,459331,483268,323136,365280,382984,264551,324559,40721,94051,100284,58585
５人以上,TK5 特掲産業５,平成29,2017,年平均,493694,525810,331517,393241,417309,271707,355955,37286,100453,108501,59810
５人以上,TK5 特掲産業５,平成29,2017,1月,378769,393044,292655,375287,389328,290581,336976,38311,3482,3716,2074
５人以上,TK5 特掲産業５,平成29,2017,2月,394959,418613,278998,392952,416664,276703,356454,36498,2007,1949,2295
５人以上,TK5 特掲産業５,平成29,2017,3月,394293,415988,290489,384092,404569,286115,343645,40447,10201,11419,4374
５人以上,TK5 特掲産業５,平成29,2017,4月,404766,425556,305374,387856,407523,293832,344340,43516,16910,18033,11542
５人以上,TK5 特掲産業５,平成29,2017,5月,407952,436057,266574,405239,433434,263413,362693,42546,2713,2623,3161
５人以上,TK5 特掲産業５,平成29,2017,6月,826132,891185,501273,399543,427964,257613,360104,39439,426589,463221,243660
５人以上,TK5 特掲産業５,平成29,2017,7月,543036,588632,308163,391312,416133,263453,357995,33317,151724,172499,44710
５人以上,TK5 特掲産業５,平成29,2017,8月,406442,434551,270723,397177,424915,263251,364343,32834,9265,9636,7472
５人以上,TK5 特掲産業５,平成29,2017,9月,397046,424388,264297,395240,422652,262154,361199,34041,1806,1736,2143
５人以上,TK5 特掲産業５,平成29,2017,10月,409602,436286,266513,398209,423686,261592,363011,35198,11393,12600,4921
５人以上,TK5 特掲産業５,平成29,2017,11月,397988,424407,268679,396889,423364,267308,359420,37469,1099,1043,1371
５人以上,TK5 特掲産業５,平成29,2017,12月,1012326,1085315,662951,403292,431439,268562,369939,33353,609034,653876,394389
５人以上,TT1 特掲積上げ産業１,平成24,2012,年平均,536362,571661,368125,419449,446949,288383,390754,28695,116913,124712,79742
５人以上,TT1 特掲積上げ産業１,平成25,2013,年平均,551101,588326,376565,425371,453966,291300,396824,28547,125730,134360,85265
５人以上,TT1 特掲積上げ産業１,平成26,2014,年平均,579294,621662,392594,439857,472427,296332,411495,28362,139437,149235,96262
５人以上,TT1 特掲積上げ産業１,平成27,2015,年平均,580561,632086,385611,427264,464322,287051,394003,33261,153297,167764,98560
５人以上,TT1 特掲積上げ産業１,平成28,2016,年平均,573976,631529,374155,429465,471443,283718,397188,32277,144511,160086,90437
５人以上,TT1 特掲積上げ産業１,平成29,2017,年平均,589471,639975,406026,439614,476919,304111,409031,30583,149857,163056,101915
５人以上,TT1 特掲積上げ産業１,平成29,2017,1月,448241,488223,302344,439397,478612,296300,410276,29121,8844,9611,6044
５人以上,TT1 特掲積上げ産業１,平成29,2017,2月,455738,494585,308630,446782,484336,304570,415293,31489,8956,10249,4060
５人以上,TT1 特掲積上げ産業１,平成29,2017,3月,502529,543831,357470,445395,483256,312422,413158,32237,57134,60575,45048
５人以上,TT1 特掲積上げ産業１,平成29,2017,4月,461547,500590,323249,449464,487300,315443,417345,32119,12083,13290,7806
５人以上,TT1 特掲積上げ産業１,平成29,2017,5月,444479,478697,318449,439198,473181,314036,407772,31426,5281,5516,4413
５人以上,TT1 特掲積上げ産業１,平成29,2017,6月,839790,900749,601102,443691,477300,312093,413591,30100,396099,423449,289009
５人以上,TT1 特掲積上げ産業１,平成29,2017,7月,797578,869526,533121,430187,465381,300828,400177,30010,367391,404145,232293
５人以上,TT1 特掲積上げ産業１,平成29,2017,8月,441999,479441,303804,432050,468463,297655,405269,26781,9949,10978,6149
５人以上,TT1 特掲積上げ産業１,平成29,2017,9月,509418,557902,332572,438460,476858,298401,407430,31030,70958,81044,34171
５人以上,TT1 特掲積上げ産業１,平成29,2017,10月,441281,480717,300909,437857,477162,297950,407392,30465,3424,3555,2959
５人以上,TT1 特掲積上げ産業１,平成29,2017,11月,561357,613124,382395,439129,478984,301347,407039,32090,122228,134140,81048
５人以上,TT1 特掲積上げ産業１,平成29,2017,12月,1141826,1243768,787199,434390,473500,298338,404070,30320,707436,770268,488861
,,,,,,,,,,,,,,,
東京都の賃金、労働時間及び雇用の動き（毎月勤労統計調査）平成29年年報,,,,,,,,,,,,,,,
第１－１表　産業、性別常用労働者の１人平均月間現金給与額　（事業所規模５人以上）,,,,,,,,,,,,,,,
