町丁目,世帯数[世帯],男[人],女[人],合計[人]
両国一丁目,147,82,104,186
両国二丁目,122,81,98,179
両国三丁目,54,41,46,87
両国四丁目,130,64,99,163
千歳一丁目,36,25,26,51
千歳二丁目,38,25,24,49
千歳三丁目,48,37,48,85
緑一丁目,86,60,58,118
緑二丁目,72,58,62,120
緑三丁目,102,82,90,172
緑四丁目,255,178,200,378
立川一丁目,31,19,21,40
立川二丁目,34,27,22,49
立川三丁目,15,12,15,27
立川四丁目,35,30,31,61
菊川一丁目,35,24,34,58
菊川二丁目,46,33,37,70
菊川三丁目,93,73,73,146
江東橋一丁目,108,65,133,198
江東橋二丁目,186,140,169,309
江東橋三丁目,112,79,94,173
江東橋四丁目,349,217,375,592
江東橋五丁目,61,50,77,127
横網一丁目,12,14,4,18
横網二丁目,58,39,34,73
亀沢一丁目,51,34,49,83
亀沢二丁目,66,38,61,99
亀沢三丁目,53,45,50,95
亀沢四丁目,93,53,95,148
石原一丁目,85,70,66,136
石原二丁目,51,37,37,74
石原三丁目,62,51,40,91
石原四丁目,60,47,63,110
本所一丁目,60,45,57,102
本所二丁目,17,14,27,41
本所三丁目,66,34,63,97
本所四丁目,42,30,44,74
東駒形一丁目,50,32,34,66
東駒形二丁目,32,27,21,48
東駒形三丁目,32,19,23,42
東駒形四丁目,25,29,35,64
吾妻橋一丁目,54,45,46,91
吾妻橋二丁目,27,14,26,40
吾妻橋三丁目,25,17,32,49
錦糸一丁目,147,93,136,229
錦糸二丁目,98,72,78,150
錦糸三丁目,78,52,82,134
錦糸四丁目,106,77,123,200
太平一丁目,162,125,151,276
太平二丁目,93,56,96,152
太平三丁目,79,66,76,142
太平四丁目,165,128,197,325
横川一丁目,27,33,33,66
横川二丁目,46,35,33,68
横川三丁目,47,34,49,83
横川四丁目,81,50,64,114
横川五丁目,49,65,103,168
業平一丁目,39,35,30,65
業平二丁目,27,24,27,51
業平三丁目,20,15,18,33
業平四丁目,44,37,57,94
業平五丁目,24,20,24,44
向島一丁目,45,36,36,72
向島二丁目,37,31,31,62
向島三丁目,78,39,78,117
向島四丁目,25,30,30,60
向島五丁目,61,55,59,114
東向島一丁目,34,32,32,64
東向島二丁目,48,39,67,106
東向島三丁目,60,44,57,101
東向島四丁目,56,41,58,99
東向島五丁目,39,33,51,84
東向島六丁目,47,42,49,91
堤通一丁目,44,50,42,92
堤通二丁目,73,90,151,241
墨田一丁目,41,46,74,120
墨田二丁目,32,37,45,82
墨田三丁目,45,34,61,95
墨田四丁目,53,50,67,117
墨田五丁目,29,15,40,55
押上一丁目,36,33,31,64
押上二丁目,52,37,54,91
押上三丁目,65,64,84,148
京島一丁目,62,67,100,167
京島二丁目,17,18,18,36
京島三丁目,31,32,47,79
文花一丁目,70,86,153,239
文花二丁目,63,38,67,105
文花三丁目,21,21,31,52
八広一丁目,31,31,45,76
八広二丁目,43,47,58,105
八広三丁目,39,44,49,93
八広四丁目,41,33,64,97
八広五丁目,46,38,52,90
八広六丁目,40,37,56,93
立花一丁目,343,316,342,658
立花二丁目,77,49,53,102
立花三丁目,94,67,99,166
立花四丁目,70,60,116,176
立花五丁目,111,123,122,245
立花六丁目,60,42,66,108
東墨田一丁目,22,23,2,25
東墨田二丁目,31,41,26,67
東墨田三丁目,29,26,17,43
39.73268946620169, 35.590170305542308 ], [ 139.73274388403422, 35.59015899351941 ], [ 139.73278615973376, 35.590150375498268 ] ] } },
{ "type": "Feature", "properties": { "SAUID": 77898, "SAUPDATE": "2017-05-11 04:55:51", "SAFIELD000": 77898, "SAFIELD001": 77939, "SAFIELD002": 9, "SAFIELD003": "邱大喧菴吝鴨辟｡縺�", "SAFIELD004": 21.0, "SAFIELD005": "螟ｧ莠募慍蛹ｺ", "SAFIELD006": "蜊怜､ｧ莠募�荳∫岼", "SAFIELD007": 9, "SAFIELD008": "蝠�･ｭ蝨ｰ蝓�", "SAFIELD009": 142, "SAFIELD010": 0 }, "geometry": { "type": "LineString", "coordinates": [ [ 139.72961810586639, 35.59019762769703 ], [ 139.72962019755951, 35.590201505452441 ], [ 139.72964419948357, 35.590244071475531 ], [ 139.72973009419749, 35.590212596865491 ], [ 139.72978772475662, 35.590191914535332 ], [ 139.72979523218802, 35.590189216829806 ] ] } },
{ "type": "Feature", "properties": { "SAUID": 77899, "SAUPDATE": "2017-05-11 04:55:51", "SAFIELD000": 77899, "SAFIELD001": 77940, "SAFIELD002": 9, "SAFIELD003": "邱大喧菴吝鴨辟｡縺�", "SAFIELD004": 7.0, "SAFIELD005": "螟ｧ莠募慍蛹ｺ", "SAFIELD006": "蜊怜､ｧ莠募�荳∫岼", "SAFIELD007": 9, "SAFIELD008": "蝠�･ｭ蝨ｰ蝓�", "SAFIELD009": 132, "SAFIELD010": 0 }, "geometry": { "type": "LineString", "coordinates": [ [ 139.72979523218802, 35.590189216829806 ], [ 139.72982815161839, 35.590248195683564 ] ] } },
{ "type": "Feature", "properties": { "SAUID": 77900, "SAUPDATE": "2017-05-11 04:55:51", "SAFIELD000": 77900, "SAFIELD001": 77941, "SAFIELD002": 8, "SAFIELD003": "蝪�", "SAFIELD004": 10.0, "SAFIELD005": "螟ｧ莠募慍蛹ｺ", "SAFIELD006": "蜊怜､ｧ莠募�荳∫岼", "SAFIELD007": 9, "SAFIELD008": "蝠�･ｭ蝨ｰ蝓�", "SAFIELD009": 210, "SAFIELD010": 0 }, "geometry": { "type": "LineString", "coordinates": [ [ 139.73201605809902, 35.590551117333746 ], [ 139.7320673927845, 35.590622369888187 ], [ 139.73207190975788, 35.590628322823989 ] ] } },
{ "type": "Feature", "properties": { "SAUID": 77901, "SAUPDATE": "2017-05-11 04:55:51", "SAFIELD000": 77901, "SAFIELD001": 77942, "SAFIELD002": 9, "SAFIELD003": "邱大喧菴吝鴨辟｡縺�", "SAFIELD004": 9.0, "SAFIELD005": "螟ｧ莠募慍蛹ｺ", "SAFIELD006": "蜊怜､ｧ莠募�荳∫岼", "SAFIELD007": 9, "SAFIELD008": "蝠�･ｭ蝨ｰ蝓�", "SAFIELD009": 123, "SAFIELD010": 0 }, "geometry": { "type": "LineString", "coordinates": [ [ 139.73044058486553, 35.59069706895243 ], [ 139.73042010640816, 35.590660184824429 ], [ 139.73040039905456, 35.590624383013214 ] ] } },
{ "type": "Feature", "properties": { "SAUID": 77902, "SAUPDATE": "2017-05-11 04:55:51", "SAFIELD000": 77902, "SAFIELD001": 77943, "SAFIELD002": 9, "SAFIELD003": "邱大喧菴吝鴨辟｡縺�", "SAFIELD004": 8.0, "SAFIELD005": "螟ｧ莠募慍蛹ｺ", "SAFIELD006": "蜊怜､ｧ莠募�荳∫岼", "SAFIELD007": 9, "SAFIELD008": "蝠�･ｭ蝨ｰ蝓�", "SAFIELD009": 132, "SAFIELD010": 0 }, "geometry": { "type": "LineString", "coordinates": [ [ 139.73047945054824, 35.590766598903635 ], [ 139.73047603744558, 35.590760466573457 ], [ 139.73046513729139, 35.590741077494833 ], [ 139.73044058486553, 35.59069706895243 ] ] } },
{ "type": "Feature", "properties": { "SAUID": 77903, "SAUPDATE": "2017-05-11 04:55:51", "SAFIELD000": 77903, "SAFIELD001": 77944, "SAFIELD002": 9, "SAFIELD003": "邱大喧菴吝鴨辟｡縺�", "SAFIELD004": 15.0, "SAFIELD005": "螟ｧ莠募慍蛹ｺ", "SAFIELD006": "蜊怜､ｧ莠募�荳∫岼", "SAFIELD007": 9, "SAFIELD008": "蝠�･ｭ蝨ｰ蝓�", "SAFIELD009": 121, "SAFIELD010": 0 }, "geometry": { "type": "LineString", "coordinates": [ [ 139.73054748993027, 35.590890867788744 ], [ 139.73053658997168, 35.590871298440163 ], [ 139.73048759799389, 35.590781208291929 ], [ 139.73047945054824, 35.590766598903635 ] ] } },
{ "type": "Feature", "properties": { "SAUID": 77904, "SAUPDATE": "2017-05-11 04:55:51", "SAFIELD000": 77904, "SAFIELD001": 77945, "SAFIELD002": 2, "SAFIELD003": "讀崎ｾｼ縺ｿ", "SAFIELD004": 197.0, "SAFIELD005": "螟ｧ莠募慍蛹ｺ", "SAFIELD006": "蜊怜､ｧ莠募�荳∫岼", "SAFIELD007": 9, "SAFIELD008": "蝠�･ｭ蝨ｰ蝓�", "SAFIELD009": 132, "SAFIELD010": 0 }, "geometry": { "type": "LineString", "coordinates": [ [ 139.73168200633475, 35.590911209756435 ], [ 139.73176316397982, 35.590873239734179 ], [ 139.73179927119614, 35.590856053705366 ], [ 139.73187004064278, 35.590829883001476 ], [ 139.73193142457842, 35.590808031007583 ], [ 139.73197503334976, 35.59079274414529 ], [ 139.73202670264394, 35.590773678225901 ], [ 139.73203788769794, 35.590742409569529 ], [ 139.73204320292007, 35.590727901739037 ], [ 139.73198161968875, 35.590645283107399 ], [ 139.73190527274036, 35.590544083489512 ], [ 139.73184831447523, 35.590469491005813 ], [ 139.73182661495207, 35.590437834119655 ], [ 139.73178849955769, 35.590385070991225 ], [ 139.73171789073689, 35.590284416915964 ], [ 139.73167217496857, 35.590220740582765 ], [ 139.73162185047585, 35.590136508763855 ], [ 139.73152097368455, 35.589973903870103 ], [ 139.73146965405454, 35.589891473913951 ], [ 139.73145908152156, 35.589874699215898 ], [ 139.73144367019032, 35.589844760204421 ], [ 139.73141351218541, 35.589782899690022 ], [ 139.73137609102321, 35.589705258784541 ], [ 139.73132932883922, 35.589684036668437 ], [ 139.73128650170128, 35.58969247343542 ], [ 139.73114157361377, 35.589721104826182 ], [ 139.7310793194022, 35.58973358127907 ] ] } },
{ "type": "Feature", "properties": { "SAUID": 77905, "SAUPDATE": "2017-05-11 04:55:51", "SAFIELD000": 77905, "SAFIELD001": 77946, "SAFIELD002": 9, "SAFIELD003": "邱大喧菴吝鴨辟｡縺�", "SAFIELD004": 7.0, "SAFIELD005": "螟ｧ莠募慍蛹ｺ", "SAFIELD006": "蜊怜､ｧ莠募�荳∫岼", "SAFIELD007": 9, "SAFIELD008": "蝠�･ｭ蝨ｰ蝓�", "SAFIELD009": 123, "SAFIELD010": 0 bIL卜\益択Fw$[ﾈ� E� B縋ﾒ_N}Eｫ�