区分,BS-1／耐火造構成比(%),BS-2／準耐火造構成比(%),BS-3／防火造構成比(%),BS-4／木造構成比(%)
BP-1／官公庁施設,91.8,5.9,2.1,0.2
BP-2／教育文化施設,82,5.6,7.2,5.1
BP-3／厚生医療施設,89.7,6.9,3.2,0.2
BP-4／供給処理施設,83.8,14.9,1.2,0.1
BC-1／事務所建築物,92.1,5.4,2.3,0.2
BC-2／専用商業施設,76.2,16.1,7.1,0.6
BC-3／住商併用施設,49.8,13,34.8,2.4
BC-4／宿泊・遊興施設,87.9,5.2,6.4,0.6
BC-5／スポーツ・興行施設,86.4,8.2,5,0.5
BR-1／独立住宅,7.4,23.5,62.4,6.7
BR-2／集合住宅,69.6,12.2,17.4,0.7
BI-1／専用工場,39.8,47.1,10.7,2.4
BI-2／住居併用工場,28,24,43.5,4.5
BI-3／倉庫運輸関係施設,56.2,37.3,5.2,1.3
BA／農林漁業施設,3.5,54.1,23.1,19.4
