区分,BS-1／耐火造構成比(%),BS-2／準耐火造構成比(%),BS-3／防火造構成比(%),BS-4／木造構成比(%)
BP-1／官公庁施設,97.4,1.9,0.6,0.1
BP-2／教育文化施設,91.6,3,3.5,1.9
BP-3／厚生医療施設,94.9,3.6,1.4,0.1
BP-4／供給処理施設,90.1,9.4,0.5,0
BC-1／事務所建築物,97.9,1.5,0.6,0
BC-2／専用商業施設,89.1,7.4,3.2,0.2
BC-3／住商併用施設,67.1,10.2,21.4,1.3
BC-4／宿泊・遊興施設,96.9,1.5,1.5,0.1
BC-5／スポーツ・興行施設,93.6,3.9,2.3,0.2
BR-1／独立住宅,9.1,26.5,59.3,5.2
BR-2／集合住宅,86.9,5.8,7.1,0.3
BI-1／専用工場,55.6,35.1,7.8,1.4
BI-2／住居併用工場,36.1,24,36.5,3.4
BI-3／倉庫運輸関係施設,76.7,20.1,2.7,0.5
BA／農林漁業施設,5.7,21,25.2,18
