開票区名,選挙当日有権者数男,選挙当日有権者数女,選挙当日有権者数計,投票者数男,投票者数女,投票者数計,棄権者数男,棄権者数女,棄権者数計,投票率男,投票率女,投票率平均,投票率順位,前回投票率男,前回投票率女,前回投票率平均
★都計,5473698,5684293,11157991,3141541,3272411,6413952,2332157,2411882,4744039,57.39,57.57,57.48,-,54.07,52.96,53.50
☆区部計,3747599,3906098,7653697,2130102,2232667,4362769,1617497,1673431,3290928,56.84,57.16,57.00,-,53.68,52.73,53.20
千代田区,23884,24344,48228,14920,15139,30059,8964,9205,18169,62.47,62.19,62.33,10,58.89,57.05,57.95
中央区,56246,63416,119662,33412,36958,70370,22834,26458,49292,59.40,58.28,58.81,32,55.86,53.75,54.74
港区,89587,105658,195245,48046,54627,102673,41541,51031,92572,53.63,51.70,52.59,59,52.79,49.67,51.11
新宿区,132290,133165,265455,73092,75801,148893,59198,57364,116562,55.25,56.92,56.09,52,52.57,53.07,52.82
文京区,82051,92163,174214,53337,59171,112508,28714,32992,61706,65.00,64.20,64.58,5,60.97,58.49,59.66
台東区,81366,76961,158327,45931,44704,90635,35435,32257,67692,56.45,58.09,57.25,39,54.10,54.21,54.15
墨田区,109710,109984,219694,61792,62215,124007,47918,47769,95687,56.32,56.57,56.45,48,53.32,52.34,52.83
江東区,200777,205788,406565,118220,121730,239950,82557,84058,166615,58.88,59.15,59.02,30,55.50,54.82,55.16
品川区,156305,164062,320367,89996,94553,184549,66309,69509,135818,57.58,57.63,57.61,37,54.00,52.71,53.34
目黒区,107684,123803,231487,62452,69756,132208,45232,54047,99279,58.00,56.34,57.11,41,55.14,52.20,53.57
大田区,299353,300935,600288,168661,170657,339318,130692,130278,260970,56.34,56.71,56.53,46,53.20,52.54,52.87
世田谷区,350616,398420,749036,211953,235706,447659,138663,162714,301377,60.45,59.16,59.76,22,56.32,53.49,54.82
渋谷区,88714,99011,187725,50405,56420,106825,38309,42591,80900,56.82,56.98,56.91,43,52.35,50.64,51.45
中野区,138853,137254,276107,77423,78636,156059,61430,58618,120048,55.76,57.29,56.52,47,52.79,53.32,53.06
杉並区,226247,249625,475872,134949,148010,282959,91298,101615,192913,59.65,59.29,59.46,25,55.86,54.17,54.98
豊島区,115266,113829,229095,63624,65298,128922,51642,48531,100173,55.20,57.36,56.27,50,51.89,52.25,52.07
北区,140948,143837,284785,83803,86641,170444,57145,57196,114341,59.46,60.24,59.85,20,56.74,56.86,56.80
荒川区,83228,84031,167259,47437,48111,95548,35791,35920,71711,57.00,57.25,57.13,40,53.37,52.61,52.99
板橋区,226683,233451,460134,127376,132882,260258,99307,100569,199876,56.19,56.92,56.56,45,52.81,52.33,52.57
練馬区,291495,308921,600416,170478,179398,349876,121017,129523,250540,58.48,58.07,58.27,36,55.27,53.80,54.52
足立区,280878,278379,559257,145233,147409,292642,135645,130970,266615,51.71,52.95,52.33,61,49.92,50.00,49.96
葛飾区,186437,186926,373363,101791,102809,204600,84646,84117,168763,54.60,55.00,54.80,56,51.63,51.08,51.35
江戸川区,278981,272135,551116,145771,146036,291807,133210,126099,259309,52.25,53.66,52.95,58,49.24,48.94,49.09
☆市部計,1690131,1742595,3432726,990927,1019574,2010501,699204,723021,1422225,58.63,58.51,58.57,-,54.92,53.45,54.17
八王子市,233590,234285,467875,131479,131540,263019,102111,102745,204856,56.29,56.15,56.22,51,53.73,52.50,53.11
立川市,74497,75357,149854,41815,42241,84056,32682,33116,65798,56.13,56.05,56.09,52,53.05,51.52,52.28
武蔵野市,57597,64025,121622,36399,39983,76382,21198,24042,45240,63.20,62.45,62.80,7,58.52,56.07,57.23
三鷹市,74428,78844,153272,45503,47816,93319,28925,31028,59953,61.14,60.65,60.88,14,56.22,54.15,55.16
青梅市,57759,57551,115310,32006,31399,63405,25753,26152,51905,55.41,54.56,54.99,55,52.03,49.70,50.87
府中市,106520,104712,211232,61035,60537,121572,45485,44175,89660,57.30,57.81,57.55,38,54.11,52.91,53.52
昭島市,46551,46893,93444,26422,26592,53014,20129,20301,40430,56.76,56.71,56.73,44,51.82,50.54,51.18
調布市,92340,97189,189529,54762,57702,112464,37578,39487,77065,59.30,59.37,59.34,27,55.07,53.44,54.24
町田市,172336,181626,353962,101615,106357,207972,70721,75269,145990,58.96,58.56,58.76,33,56.11,54.37,55.22
小金井市,48862,50469,99331,29483,30410,59893,19379,20059,39438,60.34,60.25,60.30,18,54.94,53.21,54.06
小平市,75893,79136,155029,45587,47930,93517,30306,31206,61512,60.07,60.57,60.32,17,55.62,55.09,55.35
日野市,76141,75586,151727,45643,44925,90568,30498,30661,61159,59.95,59.44,59.69,24,55.59,53.60,54.60
東村山市,61244,64685,125929,35979,38183,74162,25265,26502,51767,58.75,59.03,58.89,31,55.35,54.45,54.89
国分寺市,49503,51317,100820,30917,32039,62956,18586,19278,37864,62.45,62.43,62.44,9,58.17,56.25,57.20
国立市,30566,32391,62957,19234,20242,39476,11332,12149,23481,62.93,62.49,62.70,8,58.69,56.67,57.66
福生市,24011,23936,47947,13132,12855,25987,10879,11081,21960,54.69,53.71,54.20,57,52.53,50.42,51.48
狛江市,32876,35321,68197,19379,20554,39933,13497,14767,28264,58.95,58.19,58.56,34,56.33,54.68,55.48
東大和市,35022,36032,71054,20435,21119,41554,14587,14913,29500,58.35,58.61,58.48,35,54.90,54.45,54.67
清瀬市,29653,32299,61952,17819,19227,37046,11834,13072,24906,60.09,59.53,59.80,21,56.59,55.11,55.82
東久留米市,47553,50267,97820,28061,29836,57897,19492,20431,39923,59.01,59.36,59.19,28,55.55,54.60,55.07
武蔵村山市,29180,29142,58322,15115,15416,30531,14065,13726,27791,51.80,52.90,52.35,60,48.62,49.81,49.21
多摩市,60978,64027,125005,37146,38755,75901,23832,25272,49104,60.92,60.53,60.72,15,57.30,55.80,56.54
稲城市,35580,35157,70737,21523,21227,42750,14057,13930,27987,60.49,60.38,60.44,16,56.01,54.56,55.29
羽村市,23587,22747,46334,13324,12796,26120,10263,9951,20214,56.49,56.25,56.37,49,52.02,49.40,50.74
あきる野市,33538,34012,67550,18741,18628,37369,14797,15384,30181,55.88,54.77,55.32,54,51.11,48.93,50.01
西東京市,80326,85589,165915,48373,51265,99638,31953,34324,66277,60.22,59.90,60.05,19,55.09,53.42,54.23
☆西多摩郡計,24578,24609,49187,13524,13397,26921,11054,11212,22266,55.02,54.44,54.73,-,51.54,50.09,50.81
瑞穂町,14252,13789,28041,7162,7021,14183,7090,6768,13858,50.25,50.92,50.58,62,46.56,45.56,46.07
日の出町,6869,7269,14138,4160,4231,8391,2709,3038,5747,60.56,58.21,59.35,26,56.71,53.76,55.21
檜原村,1059,1061,2120,753,705,1458,306,356,662,71.10,66.45,68.77,4,63.60,62.66,63.13
奥多摩町,2398,2490,4888,1449,1440,2889,949,1050,1999,60.43,57.83,59.10,29,59.56,57.80,58.66
☆島部計,11390,10991,22381,6988,6773,13761,4402,4218,8620,61.35,61.62,61.49,-,60.75,60.89,60.82
大島支庁小計,5466,5515,10981,3385,3401,6786,2081,2114,4195,61.93,61.67,61.80,-,61.58,60.68,61.13
大島町,3390,3395,6785,2052,2080,4132,1338,1315,2653,60.53,61.27,60.90,13,60.39,60.62,60.51
利島村,138,120,258,120,92,212,18,28,46,86.96,76.67,82.17,1,89.78,83.19,86.72
新島村,1173,1262,2435,741,745,1486,432,517,949,63.17,59.03,61.03,12,60.25,57.72,58.92
神津島村,765,738,1503,472,484,956,293,254,547,61.70,65.58,63.61,6,63.94,62.58,63.28
三宅支庁小計,1378,1173,2551,830,678,1508,548,495,1043,60.23,57.80,59.11,-,59.36,58.68,59.05
三宅村,1243,1056,2299,724,588,1312,519,468,987,58.25,55.68,57.07,42,57.48,55.41,56.53
御蔵島村,135,117,252,106,90,196,29,27,56,78.52,76.92,77.78,2,78.46,89.17,83.60
八丈支庁小計,3380,3387,6767,2087,2137,4224,1293,1250,2543,61.75,63.09,62.42,-,61.32,63.47,62.39
八丈町,3296,3331,6627,2024,2097,4121,1272,1234,2506,61.41,62.95,62.19,11,61.14,63.30,62.22
青ヶ島村,84,56,140,63,40,103,21,16,37,75.00,71.43,73.57,3,68.13,73.33,70.20
小笠原支庁小計,1166,916,2082,686,557,1243,480,359,839,58.83,60.81,59.70,-,56.81,55.20,56.12
小笠原村,1166,916,2082,686,557,1243,480,359,839,58.83,60.81,59.70,23,56.81,55.20,56.12
?2忠広Ldb!叮ﾇﾄ<&ﾖ11脂mLLc"
Q�ﾂD&｢0�(LDa"
Q�ﾂD&｢0�)Q�ｸx｢ｨwﾃﾍEｽｮ�(�pQ�邑ｷ&
.d$劍ﾈﾄB&2ｱ初yLｬcbﾛ�ﾆD&｢0�(LDa"
Q�ﾂD&｢0�(LDa"
S｢(鄧(�pQ��'額7\=Qﾔｻ碚欧ﾞ-/ｯ(oM�\ﾈH&621痩�dbXﾇﾄ8&ｶ11拷(LDa"
Q�ﾂD&｢0�(LDa"
Q�ﾂDｦDQ6ﾜ;Qﾔｻ矮欧ﾞ7Oｸz｢ｨwﾃﾝEｽ[^^Q莎ﾞ�(�髄Lldb"�ﾈﾄ>&�1ｱ脂qLlcbQ�ﾂD&｢0�(LDa"
Q�ﾂD&｢0�(L欧lｸw｢ｨwﾃﾅEｽn�(�pQ�ｻ'額ｷｼｼ｢ﾈgｽ5Q!#叮ﾈﾄD&21翠}Lﾌcb纔ﾘﾆﾄ4&｢0�(LDa"
Q�ﾂD&｢0�(LDa"
Q�Eﾙp�Q��'額7ﾜ<Qﾔｻ碎欧ﾞwOyyE耐zk｢BF2ｱ痩鵜,db 葈佗ﾄ:&ﾆ1ｱ拷iLDa"
Q�ﾂD&｢0�(LDa"
Q�ﾂD&｢0%幹矗欧ﾞOｸy｢ｨwﾃﾕEｽ釚(��"滸ﾖD睹�db#儿ﾈﾄ@&�11初uL慶bﾓ�ﾂD&｢0�(LDa"
Q�ﾂD&｢0�(LDaJeﾃｽEｽ.�(�pQ�ｫ'額7ﾜ=Qﾔｻ裹猷|ｷ鐱悊ｽ悊ﾛMw奚幟6ﾝkｺﾟ饌ﾓAﾓ｣ｦﾇMO圉6=kzﾞ馥ﾓｫｦﾗMo壜6ｽkzﾟDuHｾhｷ鈬]ｿNﾎﾇｻ~7搶w�n8;�ﾝpx>ﾞ]~ｧ(oﾅ/ﾅw�\ﾈH&621痩�dbXﾇﾄ8&ｶ11拷(LDa"
Q�ﾂD&｢0�(LDa"
Q�ﾂDｦDQ6ﾜ媽樫7\彑樫7ﾜ彑樫7\拈樫7ﾜ拈樫ｷｼｼ｢ﾈｧﾈ5Q%#叮ﾈﾄD&21翠}Lﾌcb纔ﾘﾆﾄ4&｢0�(LDa"
Q�ﾂD&｢0�(LDa"
Q�Eﾙp�Q��'額7ﾜ<Qﾔｻ碎欧ﾞwOyyE前}k｢AF2ｱ痩鵜,db 葈佗ﾄ:&ﾆ1ｱ拷iLDa"
Q�ﾂD&｢0�(LDa"
Q�ﾂD&｢0%幹矗欧ﾞOｸy｢ｨwﾃﾕEｽ釚(��"滯ﾖD甍レdb#儿ﾈﾄ@&�11初uL慶bﾓ�ﾂD&｢0�(LDa"
Q�ﾂD&｢0�(LDaJeﾃｽEｽ.�(�pQ�ｫ'額7ﾜ=Qﾔｻ裹E>可�ﾉﾄF&&2ｱ翠´�b�ﾇﾄ6&ｦ1�(LDa"
Q�ﾂD&｢0�(LDa"
Q�ﾂ�(ﾊ�'額7\<Qﾔｻ礦欧ﾞWOｸ{｢ｨwﾋﾋ+掛鷦�?2忠広Ldb!叮ﾇﾄ<&ﾖ11脂mLLc"
Q�ﾂD&｢0�(LDa"
Q�ﾂD&｢0�)Q�ｸx｢ｨwﾃﾍEｽｮ�(�pQ�邑ｷ&
d$劍ﾈﾄB&2ｱ初yLｬcbﾛ�ﾆD&｢0�(LDa"
Q�ﾂD&｢0�(LDa"
S｢(鄧(�pQ��'額7\=Qﾔｻ碚欧ﾞ-/ｯ(oM�4ﾈH&621痩�dbXﾇﾄ8&ｶ11拷(LDa"
Q�ﾂD&｢0�(LDa"
Q�ﾂDｦDQ6ﾜ;Qﾔｻ矮欧ﾞ7Oｸz｢ｨwﾃﾝEｽ[^^Q膣ﾟ�(�髄Lldb"�ﾈﾄ>&�1ｱ脂qLlcbQ�ﾂD&｢0�(LDa"
Q�ﾂD&｢0�(L欧lｸw｢ｨwﾃﾅEｽn�(�pQ�ｻ'額ｷｼ�2奇W~ﾑｾxｿ�]ｴｷ]tｻ餒ﾓ~ﾓﾝｦ{M4=l:hzﾔ飆ﾓﾓｦgMﾏ嫂4ｽlzﾕ餉ﾓﾛｦwM�阿ﾉ昮矜|ﾑ荢ﾃﾉﾝ�｣ｻﾟg迢vｿﾏ棏�E>Yｮ�8ﾉﾄF&&2ｱ翠´�b�ﾇﾄ6&ｦ1�(LDa"
Q�ﾂD&｢0�(LDa"
Q�ﾂ�(ﾊ�ﾑ�空Kﾑ�并Kﾑ�ｫﾑ�ｻﾑ�邑ｷ&
d$劍ﾈﾄB&2ｱ初yLｬcbﾛ�ﾆD&｢0�(LDa"
Q�ﾂD&｢0�(LDa"
S｢(鄧(�pQ��'額7\=Qﾔｻ碚欧ﾞ-/ｯ(oM�4ﾈH&621痩�dbXﾇﾄ8&ｶ11拷(LDa"
Q�ﾂD&｢0�(LDa"
Q�ﾂDｦDQ6ﾜ;Qﾔｻ矮欧ﾞ7Oｸz｢ｨwﾃﾝEｽ[^^Q膣ﾟ�(�髄Lldb"�ﾈﾄ>&�1ｱ脂qLlcbQ�ﾂD&｢0�(LDa"
Q�ﾂD&｢0�(L欧lｸw｢ｨwﾃﾅEｽn�(�pQ�ｻ'額ｷｼｼ｢ﾈｧｾ5Q #叮ﾈﾄD&21翠}Lﾌcb纔ﾘﾆﾄ4&｢0�(LDa"
Q�ﾂD&｢0�(LDa"
Q�Eﾙp�Q��'額7ﾜ<Qﾔｻ碎欧ﾞwOyyE前}k｢AF2ｱ痩鵜,db 葈佗ﾄ:&ﾆ1ｱ拷iLDa"
Q�ﾂD&｢0�(LDa"
Q�ﾂD&｢0%幹矗欧ﾞOｸy｢ｨwﾃﾕEｽ釚(��"滯ﾖD甍レdb#儿ﾈﾄ@&�11初uL慶bﾓ�ﾂD&｢0�(LDa"
Q�ﾂD&｢0�(LDaJeﾃｽEｽ.�(�pQ�ｫ'額7ﾜ=Qﾔｻ裹E>可�ﾉﾄF&&2ｱ翠´�b�ﾇﾄ6&ｦ1�(LDa"
Q�ﾂD&｢0�(LDa"
Q�ﾂ�(ﾊ�'額7\<Qﾔｻ礦欧ﾞWOｸ{｢ｨwﾋﾋ+掛鷦�?2忠広Ldb!叮ﾇﾄ<&ﾖ11脂mLLc"
Q�ﾂD&｢0�(LDa"
Q�ﾂD&｢0�)Q�ｸx｢ｨwﾃﾍEｽｮ�(�pQ�誉Fﾊ/ﾚ�_ｴ遇ｶ杵7ﾝiﾚoｺﾛtｯ驃ﾓΘ⑭M恕7=izﾚ騫ﾓ協柚ｯ喊7ｽizﾛ驀Qﾔ!ﾝ6�/ﾚ�n89_ｴ錝ptｾh碆|ﾑ荢ﾃ碼｢}｢ﾈ'ﾋｿ?�'#叮ﾈﾄD&21翠}Lﾌcb纔ﾘﾆﾄ4&｢0�(LDa"
Q�ﾂD&｢0�(LDa"
Q�Eﾙpo~)暿pq~)暿ps~)暿pu~)暿pw~)暿�"滯ﾖD甍レdb#儿ﾈﾄ@&�11初uL慶bﾓ�ﾂD&｢0�(LDa"
Q�ﾂD&｢0�(LDaJeﾃｽEｽ.�(�pQ�ｫ'額7ﾜ=Qﾔｻ裹E>可�ﾉﾄF&&2ｱ翠´�b�ﾇﾄ6&ｦ1�(LDa"
Q�ﾂD&｢0�(LDa"
Q�ﾂ�(ﾊ�'額7\<Qﾔｻ礦欧ﾞWOｸ{｢ｨwﾋﾋ+掛鷦�?2忠広Ldb!叮ﾇﾄ<&ﾖ11脂mLLc"
Q�ﾂD&｢0�(LDa"
Q�ﾂD&｢0�)Q�ｸx｢ｨwﾃﾍEｽｮ�(�pQ�邑ｷ&
d$劍ﾈﾄB&2ｱ初yLｬcbﾛ�ﾆD&｢0�(LDa"
Q�ﾂD&｢0�(LDa"
S｢(鄧(�pQ��'額7\=Qﾔｻ碚欧ﾞ-/ｯ(oM�4ﾈH&621痩�dbXﾇﾄ8&ｶ11拷(LDa"
Q�ﾂD&｢0�(LDa"
Q�ﾂDｦDQ6ﾜ;Qﾔｻ矮欧ﾞ7Oｸz｢ｨwﾃﾝEｽ[^^Q膣ﾟ�(�髄Lldb"�ﾈﾄ>&�1ｱ脂qLlcbQ�ﾂD&｢0�(LDa"
Q�ﾂD&｢0�(L欧lｸw｢ｨwﾃﾅEｽn�(�pQ�ｻ'額ｷｼｼ｢ﾈｧｾ5Q #叮ﾈﾄD&21翠}Lﾌcb纔ﾘﾆﾄ4&｢0�(LDa"
Q�ﾂD&｢0�(LDa"
Q�Eﾙp�Q��'額7ﾜ<Qﾔｻ碎欧ﾞwOyyE前}k｢AF2ｱ痩鵜,db 葈佗ﾄ:&ﾆ1ｱ拷iLDa"
Q�ﾂD&｢0�(LDa"
Q�ﾂD&｢0%幹矗欧ﾞOｸy｢ｨwﾃﾕEｽ釚(�ﾋ(vV~ﾑｾxｿ�]ｴｷ]tｻ餒ﾓ~ﾓﾝｦ{M4=l:hzﾔ飆ﾓﾓｦgMﾏ嫂4ｽlzﾕ餉ﾓﾛｦwM�阿ﾉ昮矜|ﾑ荢ﾃﾉﾝ�｣ｻﾟg迢vｿﾏ棏�E>Yｮﾘ�'NF2ｱ痩鵜,db 葈佗ﾄ:&ﾆ1ｱ拷iLDa"
Q�ﾂD&｢0�(LDa"
Q�ﾂD&｢0%幹矗�矮�礦�碎�碚�裹E>可�ﾉﾄF&&2ｱ翠´�b�ﾇﾄ6&ｦ1�(LDa"
Q�ﾂD&｢0�(LDa"
Q�ﾂ�(ﾊ�'額7\<Qﾔｻ礦欧ﾞWOｸ{｢ｨwﾋﾋ+掛鷦�?2忠広Ldb!叮ﾇﾄ<&ﾖ11脂mLLc"
Q�ﾂD&｢0�(LDa"
Q�ﾂD&｢0�)Q�ｸx｢ｨwﾃﾍEｽｮ�(�pQ�邑ｷ&
d$劍ﾈﾄB&2ｱ初yLｬcbﾛ�ﾆD&｢0�(LDa"
Q�ﾂD&｢0�(LDa"
S｢(鄧(�pQ��'額7\=Qﾔｻ碚欧ﾞ-/ｯ(oM�4ﾈH&621痩�dbXﾇﾄ8&ｶ11拷(LDa"
Q�ﾂD&｢0�(LDa"
Q�ﾂDｦDQ6ﾜ;Qﾔｻ矮欧ﾞ7Oｸz｢ｨwﾃﾝEｽ[^^Q膣ﾟ�(�髄Lldb"�ﾈﾄ>&�1ｱ脂qLlcbQ�ﾂD&｢0�(LDa"
Q�ﾂD&｢0�(L欧lｸw｢ｨwﾃﾅEｽn�(�pQ�ｻ'額ｷｼｼ｢ﾈｧｾ5Q #叮ﾈﾄD&21翠}Lﾌcb纔ﾘﾆﾄ4&｢0�(LDa"
Q�ﾂD&｢0�(LDa"
Q�Eﾙp�Q��'額7ﾜ<Qﾔｻ碎欧ﾞwOyyE前}k｢AF2ｱ痩鵜,db 葈佗ﾄ:&ﾆ1ｱ拷iLDa"
Q�ﾂD&｢0�(LDa"
Q�ﾂD&｢0%幹矗欧ﾞOｸy｢ｨwﾃﾕEｽ釚(��"滯ﾖD甍レdb#儿ﾈﾄ@&�11初uL慶bﾓ�ﾂD&｢0�(LDa"
Q�ﾂD&｢0�(LDaJeﾃｽEｽ.�(�pQ�ｫ'額7ﾜ=Qﾔｻ裹猷\_鏆�vﾑﾞvﾑ惲;M濵w幟5ﾝozﾐ鬆餡ﾓ罔'MO屓5=ozﾑ餠ﾓ�7Mo巫5ｽo"�:$_ｴﾛ�ｻﾟ'迢vｿ斜﨏7悃/ﾚ�n8<_ｴ/ｿSｹ笳篌?q2忠広Ldb!叮ﾇﾄ<&ﾖ11脂mLLc"
Q�ﾂD&｢0�(LDa"
Q�ﾂD&｢0�)Q�里ﾟ逞｢ﾟ7逞｢ﾟW逞｢ﾟw逞｢ﾟ-/ｯ(oM�4ﾈH&621痩�dbXﾇﾄ8&ｶ11拷(LDa"
Q�ﾂD&｢0�(LDa"
Q�ﾂDｦDQ6ﾜ;Qﾔｻ矮欧ﾞ7Oｸz｢ｨwﾃﾝEｽ[^^Q膣ﾟ�(�髄Lldb"�ﾈﾄ>&�1ｱ脂qLlcbQ�ﾂD&｢0�(LDa"
Q�ﾂD&｢0�(L欧lｸw｢ｨwﾃﾅEｽn�(�pQ�ｻ'額ｷｼｼ｢ﾈｧｾ5Q #叮ﾈﾄD&21翠}Lﾌcb纔ﾘﾆﾄ4&｢0�(LDa"
Q�ﾂD&｢0�(LDa"
Q�Eﾙp�Q��'額7ﾜ<Qﾔｻ碎欧ﾞwOyyE前}k｢AF2ｱ痩鵜,db 葈佗ﾄ:&ﾆ1ｱ拷iLDa"
Q�ﾂD&｢0�(LDa"
Q�ﾂD&｢0%幹矗欧ﾞOｸy｢ｨwﾃﾕEｽ釚(��"滯ﾖD甍レdb#儿ﾈﾄ@&�11初uL慶bﾓ�ﾂD&｢0�(LDa"
Q�ﾂD&｢0�(LDaJeﾃｽEｽ.�(�pQ�ｫ'額7ﾜ=Qﾔｻ裹E>可�ﾉﾄF&&2ｱ翠´�b�ﾇﾄ6&ｦ1�(LDa"
Q�ﾂD&｢0�(LDa"
Q�ﾂ�(ﾊ�'額7\<Qﾔｻ礦欧ﾞWOｸ{｢ｨwﾋﾋ+掛鷦�?2忠広Ldb!叮ﾇﾄ<&ﾖ11脂mLLc"
Q�ﾂD&｢0�(LDa"
Q�ﾂD&｢0�)Q�ｸx｢ｨwﾃﾍEｽｮ�(�pQ�邑ｷ&
d$劍ﾈﾄB&2ｱ初yLｬcbﾛ�ﾆD&｢0�(LDa"
Q�ﾂD&｢0�(LDa"
S｢(鄧(�pQ��'額7\=Qﾔｻ碚欧ﾞ-/ｿ娯ﾇ廟ｴ/ﾞ/ｿh匇ﾝnｺﾓｴﾟtｷ饋ﾓ�ｦM��5=nzﾒ餾ﾓM/嫂5ｽnzﾓ饐ﾓ�&｢ｨCｻm88_ｴ錝prｾh礪|ﾑ荢ﾃﾙﾝ�ﾃ靑ｻ?｢ｸ氿ﾑ踐礦Oｿ�:ﾚ;櫢褄廟Nｿ挈nlmｿu憶�}ｼｱuｰｽﾋJ[W�ﾜｺｻｳ{�g�#ﾗwoﾝ�q�#鮏&ﾟｿｾｻ?λ_]ﾟ}5;ｻ?���;ｻｧｿﾒ�ﾝ欄ｿ箟s�{ﾗw?ﾁﾞﾎ鄧隅W�oﾕ�?掵>=9ﾚ��ﾇﾓ届�7ｶｾﾋ*ｿ悚|8ﾞ沾~ﾙ?=�ｳ9>褄_~�ﾌz}g��i*^~|�棏ﾑ箆�G7ｶ止;;?洄�ﾜﾖ�ｿ}ｼ肭ﾔﾙ鴿w鏞ﾏ�踝��ﾇ礼ﾟxｿﾍ?ﾁG�}9ｼ�ｷ�/崛�衲跣[[?]��t?ﾃM�ﾆ�ﾅｿ�OG�ﾏ?毫ｽ�#�.ｹ�龕浯�ﾃ滬簪�洫嶇魃ﾑ瘍｣ﾞﾙ�飯��羆鳬��禛�?迢｣ﾍｷｳ+g㍑G�/��ﾉｿ�C�僭'崚,wc�s~xｼﾙｺ��'�~ｹ}v|c�k�'�?斜�O碌滂ｳ����V��/n�箟簗癡絨'o�7���ﾉ_s師�Nﾏ��"李�+    �� PK     ! I~必GK  V    xl/worksheets/sheet36.xml駁Y呑Vｲnﾟoﾄ�
ｽ泱ｪ4;l檗��价餉-僚ﾇｲ|%~�MRU,f.ﾔﾆKk汯痩] v諦��鮃'�ｼ�肅ﾟzz躇湎��碯/�ﾛOO�.�ｯｷO毫���ﾞ�沾�銹��������ﾋ�|�霳昞'6ﾃ�z沆oﾟ�ﾙｳｯ�~隆�ﾗｿ|�胯w3ｿ~��7釤_��_nﾟ�r
毖ﾛｳ�ﾏ_?顗�胥Oｿﾏ�?3ﾇ軅�v泚ﾃ?>ﾝ��燾$_n{�ﾍ���?�~ｶO�ﾌt滿�_>愑ｦﾇﾟ>~鋧iﾒｧO>}ﾟ?y�ﾗﾟ��﨩襠��ｦ�ﾃ倫_?�樰/6ﾝｳ�ﾊ顥ｻg6ﾓﾏ?榻C往���'{錯x:ﾟｽ{槢�o��'_n�駟r胆ｽy~Tｧｸﾍﾇﾛ}ｽO�躇奣ﾝﾇ�屶･､ｿ~��?ﾇ睛_~z暲^ﾟ>竫ｽﾕ沾^?}ｻ�體o��ﾈo�6ｹ�ﾍ&蝋赱ｷ髭�涸}髙ｩｷｿ;米7cｿ~ｿｷｿ沁�ｷ[l�=訛識��lｺ翆汞罘ｧw3�
神,ﾇcｽ?ﾆ?琩ﾈ慾v>ﾏ?�ｿ�yz*kﾋﾞ/ｷｿｾ�ﾇoﾟ墹�ZﾜO狛�ye�ｬ�~�+T;�ｹzu<>�f豚>ﾅY｡ｽ�ｿ�熔ｷ�<�ﾋ�帋��ﾏ|W;�麩抵癘ｿS�Kﾖ]��/ﾞﾝｿ�o_椥0z~u;臠ﾟ錠tBｦ�ｽ�/��.W;ｶｯ萌ｻ~8ﾁ_[}?瑪	<ﾗV�雌萇Yl{+�ﾕ�?ｾzﾇg�<ｾ�ﾐ�ﾃ
�､ｩA�､顴6 [�ﾈ� �$苓劑皛^�WﾝﾝK璽蓜ﾛl��嶹?ﾏﾉ穗尻ﾆﾛ� ﾇ"埼ｿzwｬ�?S v9ﾜﾘq";ｰ7ｧﾒ>&珊!>ﾔﾄｬ難Πｭnｽ|�M�]溽槹�g釣ｽ圈閻殄~t_��%ﾈ
$ﾉ��Uxk� %HR�4 -Hﾒﾎ6ﾛゎ@� �$!ｺ/囓酘&w%ru�
�ﾝUﾄ%z(拐l'pｹN磅痃ｱ*胞ﾂｺH
羣_^�<[@G^wﾇi�;�e>-ｪ7ﾟﾉF絅&wc�]\蚊ﾚ�Eﾍｾφｭﾌi嗾p啀.�跳�ﾁ*ゎ;x}ｮ－_�?/q�"�2�*�:�&�6�.l?xｰ｡ﾆ6q嗄ｻ�"H製bｸｼ�0�.�c甁A繒�崇�.ﾑ�犂ｨﾂ滌ﾙO���
珞*瑶橫*ｲ;��zgoQ�=F�?Vw茖ﾚ'w蓊-O�ﾝ点\FWOﾉ��纃F顋;_ｩ)ｦ�'v顥u�z,�\佑cﾂ湎ﾕﾐ于dCcﾂ服緇ｬ�ﾂUZ�	G94&TV54&茲rﾑ源gｾﾎ|70&貎ﾇﾛ|'yｿ�	�	�	ﾙ9拷藤Aｿ癶pV峠+�ﾍｿﾇ憔]s��4'Cﾗﾜuﾈsrwﾑｹ冀ｒｻ�鹵攴ｻ�ﾜ串V鈹;?(THrw碼A!ﾙﾉﾝ慕�'w璃�y|yΡﾆ肛沾^ｮ�/_ｾ	Iｹｹt哿ｪ脛ﾄ�4ﾃQﾆ砡畴ﾂ･�.ﾞo虻�;ﾐｰR^ｺp~WbﾎLｸ\ｸｵp�･p頻ｵp膏ｭp挾�･錻ﾄm�]ｺｰR俉ﾜAｸ$ｹ非u･索JM;Uﾒw|MWﾝQﾎ/ｧ豪｣ｫo,I黨ｪ
OT�'ｮﾆｮｷ�=��%�8KNﾈ��罨�*悧ﾉ･桑姿3甞�)ｈ[\ｺｰｬ,/]ｼ)sfﾂ蘆ﾎｵ�+�+�┃���ﾄ隝ﾝｹ7 1鴕ﾒ�ﾚｹﾜﾒパI｢､+n,:*r*ﾎN簗;\O沖�{1ｿ�溯ﾄﾉK\峨�GEｪ"O\�?r殱eﾋFｬ:ｧ畊vBｾoﾎ｣N�xt馘\w莫)�*9Wr｡膤ﾉ葡剪ｹ談%%K%+%k%%[%;%{'ﾃﾕｴQ措%wN�iｯ"JﾚVﾄ9ﾖ�ﾀ=z稾ﾋ糟扣+ﾋ>?裳W~ｴｲ�Y精,~ﾛﾎ>軟n雕W3fa悊Q>ｅU4驀
胚渇ｳX咒_` �3�:刺ｮ"N�ﾘ･二｣�6S2Wrｭd｡dｩd･dｭd｣dｫdｧd�x$ｲQ措%wNﾆ�$yPﾒV&Q峺2)+�>厂XY2]ｾ.n万ﾅG4�?ｮｵ+yﾌｲeｺ<諛ｿ~eｲﾝｦ1+ﾓq8n卍g�嫩ﾀﾋU|:�,Vｦﾋﾐ g*2u2ｬ�sｹP銭ｹR2S2Wrｭd｡dｩd･dｭd｣dｫdｧd�n咼)l]h|禔|ｮ手�､-M竏liRv"侊Z_Qｼ/���ﾇ|飄+kﾟn墻荿ﾕoKﾓpｬ_堡uﾅ\}�	7M碌ﾝﾍyﾔ鮹u(怏ｳa哄P�Apｦd鹽�q2ⅸｩﾈ･浬)�)勠ｷｲV槽徴瀦跳:�FEｶJvJ�''ｹUr�$Vｦ�
ｸ+?ｨime｡ｶ2)�>ｮｾ凜ｭｯ{<ﾖvGﾅ峻齪e鰥ﾊ､beﾊt皂T~eｲｳ17Mﾇ碵ｦ駑8[7ﾖｶﾓкｦK閲&!gnﾚ�:4W�ｹT�+%3%s%ﾗJJ褒VJﾖJ6JｶJvJﾆ>=ｹU)ﾛ9.ﾆｽ�<ｨﾗｴ�ﾔｦ-LﾊN､扣+ﾋﾞ>ﾍｩﾗﾏ[&+Kﾟ&+近ｦﾋﾘﾇ>ﾍｻ��ﾛｱq�Sxﾇ7躄ｧ[ｦo�,Vｦ�|ﾎ$d鸚4lｾｩﾗ\ｨﾈ･浬)�)�+ｹVｲPｲTｲRｲVｲQｲUｲSｲ�'>ｬ!ｺU9ﾛ9�M｢��5mi｡ｶ4)+ｫﾞ4ｩﾘ凛ｳｶ4]ﾆﾆGIsg繙�/}>WG%近↓X_��4X?ﾕｨ･驅喬�4�6ｼｧ嶮､ﾀｯbO�ｳX夭_`pi2�/�&ｹPｴTﾓｮTdｦdｮｦ