開票区名,選挙当日有権者数男,選挙当日有権者数女,選挙当日有権者数計,投票者数男,投票者数女,投票者数計,棄権者数男,棄権者数女,棄権者数計,投票率男,投票率女,投票率平均,投票率順位,前回投票率男,前回投票率女,前回投票率平均
★都計,5473698,5684293,11157991,3142378,3273176,6415554,2331320,2411117,4742437,57.41,57.58,57.50,-,54.08,52.96,53.51
☆区部計,3747599,3906098,7653697,2130731,2233216,4363947,1616868,1672882,3289750,56.86,57.17,57.02,-,53.69,52.74,53.20
千代田区,23884,24344,48228,14922,15141,30063,8962,9203,18165,62.48,62.20,62.34,10,58.90,57.04,57.96
中央区,56246,63416,119662,33417,36960,70377,22829,26456,49285,59.41,58.28,58.81,32,55.86,53.75,54.74
港区,89587,105658,195245,48057,54629,102686,41530,51029,92559,53.64,51.70,52.59,59,52.79,49.68,51.11
新宿区,132290,133165,265455,73099,75807,148906,59191,57358,116549,55.26,56.93,56.09,53,52.57,53.07,52.82
文京区,82051,92163,174214,53351,59180,112531,28700,32983,61683,65.02,64.21,64.59,5,60.98,58.50,59.67
台東区,81366,76961,158327,45952,44708,90660,35414,32253,67667,56.48,58.09,57.26,39,54.11,54.21,54.16
墨田区,109710,109984,219694,61805,62229,124034,47905,47755,95660,56.33,56.58,56.46,48,53.33,52.34,52.84
江東区,200777,205788,406565,118267,121759,240026,82510,84029,166539,58.90,59.17,59.04,30,55.51,54.83,55.17
品川区,156305,164062,320367,90027,94586,184613,66278,69476,135754,57.60,57.65,57.63,37,54.01,52.72,53.35
目黒区,107684,123803,231487,62490,69789,132279,45194,54014,99208,58.03,56.37,57.14,40,55.15,52.22,53.58
大田区,299353,300935,600288,168709,170714,339423,130644,130221,260865,56.36,56.73,56.54,47,53.21,52.54,52.88
世田谷区,350616,398420,749036,211977,235728,447705,138639,162692,301331,60.46,59.17,59.77,22,56.32,53.49,54.82
渋谷区,88714,99011,187725,50413,56436,106849,38301,42575,80876,56.83,57.00,56.92,43,52.35,50.65,51.45
中野区,138853,137254,276107,77459,78680,156139,61394,58574,119968,55.78,57.32,56.55,46,52.81,53.34,53.07
杉並区,226247,249625,475872,134957,148012,282969,91290,101613,192903,59.65,59.29,59.46,25,55.87,54.18,54.98
豊島区,115266,113829,229095,63628,65301,128929,51638,48528,100166,55.20,57.37,56.28,50,51.89,52.25,52.07
北区,140948,143837,284785,83821,86652,170473,57127,57185,114312,59.47,60.24,59.86,20,56.75,56.87,56.81
荒川区,83228,84031,167259,47455,48116,95571,35773,35915,71688,57.02,57.26,57.14,40,53.38,52.61,52.99
板橋区,226683,233451,460134,127397,132915,260312,99286,100536,199822,56.20,56.93,56.57,45,52.82,52.33,52.58
練馬区,291495,308921,600416,170493,179415,349908,121002,129506,250508,58.49,58.08,58.28,36,55.27,53.80,54.52
足立区,280878,278379,559257,145264,147444,292708,135614,130935,266549,51.72,52.97,52.34,61,49.93,50.02,49.97
葛飾区,186437,186926,373363,101852,102819,204671,84585,84107,168692,54.63,55.01,54.82,56,51.63,51.08,51.36
江戸川区,278981,272135,551116,145919,146196,292115,133062,125939,259001,52.30,53.72,53.00,58,49.26,48.96,49.11
☆市部計,1690131,1742595,3432726,991131,1019785,2010916,699000,722810,1421810,58.64,58.52,58.58,-,54.92,53.45,54.18
八王子市,233590,234285,467875,131498,131557,263055,102092,102728,204820,56.29,56.15,56.22,51,53.74,52.50,53.12
立川市,74497,75357,149854,41822,42247,84069,32675,33110,65785,56.14,56.06,56.10,52,53.06,51.53,52.29
武蔵野市,57597,64025,121622,36415,39991,76406,21182,24034,45216,63.22,62.46,62.82,7,58.53,56.08,57.24
三鷹市,74428,78844,153272,45519,47826,93345,28909,31018,59927,61.16,60.66,60.90,13,56.23,54.16,55.17
青梅市,57759,57551,115310,32012,31400,63412,25747,26151,51898,55.42,54.56,54.99,55,52.04,49.71,50.87
府中市,106520,104712,211232,61046,60563,121609,45474,44149,89623,57.31,57.84,57.57,38,54.13,52.92,53.53
昭島市,46551,46893,93444,26432,26596,53028,20119,20297,40416,56.78,56.72,56.75,44,51.82,50.55,51.18
調布市,92340,97189,189529,54811,57736,112547,37529,39453,76982,59.36,59.41,59.38,26,55.09,53.46,54.26
町田市,172336,181626,353962,101625,106379,208004,70711,75247,145958,58.97,58.57,58.76,33,56.12,54.38,55.23
小金井市,48862,50469,99331,29488,30414,59902,19374,20055,39429,60.35,60.26,60.31,18,54.95,53.21,54.07
小平市,75893,79136,155029,45594,47949,93543,30299,31187,61486,60.08,60.59,60.34,17,55.63,55.09,55.36
日野市,76141,75586,151727,45650,44926,90576,30491,30660,61151,59.95,59.44,59.70,23,55.59,53.60,54.60
東村山市,61244,64685,125929,35982,38192,74174,25262,26493,51755,58.75,59.04,58.90,31,55.36,54.45,54.89
国分寺市,49503,51317,100820,30927,32055,62982,18576,19262,37838,62.48,62.46,62.47,9,58.18,56.26,57.20
国立市,30566,32391,62957,19235,20245,39480,11331,12146,23477,62.93,62.50,62.71,8,58.70,56.67,57.67
福生市,24011,23936,47947,13134,12856,25990,10877,11080,21957,54.70,53.71,54.21,57,52.53,50.42,51.48
狛江市,32876,35321,68197,19386,20556,39942,13490,14765,28255,58.97,58.20,58.57,34,56.34,54.69,55.49
東大和市,35022,36032,71054,20434,21118,41552,14588,14914,29502,58.35,58.61,58.48,35,54.91,54.45,54.67
清瀬市,29653,32299,61952,17819,19231,37050,11834,13068,24902,60.09,59.54,59.80,21,56.59,55.12,55.82
東久留米市,47553,50267,97820,28063,29839,57902,19490,20428,39918,59.01,59.36,59.19,28,55.57,54.61,55.07
武蔵村山市,29180,29142,58322,15115,15419,30534,14065,13723,27788,51.80,52.91,52.35,60,48.61,49.81,49.21
多摩市,60978,64027,125005,37156,38768,75924,23822,25259,49081,60.93,60.55,60.74,15,57.30,55.81,56.54
稲城市,35580,35157,70737,21525,21229,42754,14055,13928,27983,60.50,60.38,60.44,16,56.02,54.56,55.30
羽村市,23587,22747,46334,13324,12796,26120,10263,9951,20214,56.49,56.25,56.37,49,52.03,49.40,50.74
あきる野市,33538,34012,67550,18740,18627,37367,14798,15385,30183,55.88,54.77,55.32,54,51.11,48.93,50.02
西東京市,80326,85589,165915,48379,51270,99649,31947,34319,66266,60.23,59.90,60.06,19,55.10,53.43,54.24
☆西多摩郡計,24578,24609,49187,13528,13402,26930,11050,11207,22257,55.04,54.46,54.75,-,51.56,50.09,50.82
瑞穂町,14252,13789,28041,7164,7025,14189,7088,6764,13852,50.27,50.95,50.60,62,46.56,45.56,46.07
日の出町,6869,7269,14138,4162,4231,8393,2707,3038,5745,60.59,58.21,59.36,27,56.77,53.76,55.24
檜原村,1059,1061,2120,753,705,1458,306,356,662,71.10,66.45,68.77,4,63.60,62.66,63.13
奥多摩町,2398,2490,4888,1449,1441,2890,949,1049,1998,60.43,57.87,59.12,29,59.56,57.80,58.66
☆島部計,11390,10991,22381,6988,6773,13761,4402,4218,8620,61.35,61.62,61.49,-,60.77,60.90,60.84
大島支庁小計,5466,5515,10981,3385,3401,6786,2081,2114,4195,61.93,61.67,61.80,-,61.58,60.70,61.13
大島町,3390,3395,6785,2052,2080,4132,1338,1315,2653,60.53,61.27,60.90,13,60.39,60.65,60.52
利島村,138,120,258,120,92,212,18,28,46,86.96,76.67,82.17,1,89.78,83.19,86.72
新島村,1173,1262,2435,741,745,1486,432,517,949,63.17,59.03,61.03,12,60.25,57.72,58.92
神津島村,765,738,1503,472,484,956,293,254,547,61.70,65.58,63.61,6,63.94,62.58,63.28
三宅支庁小計,1378,1173,2551,830,678,1508,548,495,1043,60.23,57.80,59.11,-,59.36,58.68,59.05
三宅村,1243,1056,2299,724,588,1312,519,468,987,58.25,55.68,57.07,42,57.48,55.41,56.53
御蔵島村,135,117,252,106,90,196,29,27,56,78.52,76.92,77.78,2,78.46,89.17,83.60
八丈支庁小計,3380,3387,6767,2087,2137,4224,1293,1250,2543,61.75,63.09,62.42,-,61.38,63.47,62.42
八丈町,3296,3331,6627,2024,2097,4121,1272,1234,2506,61.41,62.95,62.19,11,61.20,63.30,62.25
青ヶ島村,84,56,140,63,40,103,21,16,37,75.00,71.43,73.57,3,68.13,73.33,70.20
小笠原支庁小計,1166,916,2082,686,557,1243,480,359,839,58.83,60.81,59.70,-,56.81,55.20,56.12
小笠原村,1166,916,2082,686,557,1243,480,359,839,58.83,60.81,59.70,23,56.81,55.20,56.12
ｺｧｨG皷ﾇﾗ��'7GWg萩鴫sｽw�tｽsｺｼ�ｩ#jEｭｩcjC抉ｧﾔ�:｣ﾎｩ齟ｺ｢ｮｩuCﾝRwﾔ==ROﾔ8楮�8涅�8�ｸ�8｡ｸ｡8｢ｸ｢8｣\t��=ﾏx�ｦ�ﾓ�uHQ+jMS黻:･ｶﾔuN]P琳uM愷齧ｺ｣鉀齣z｢ﾆ�ﾄﾅﾅ	ﾅﾅﾅﾅ蠅#�M�ﾎﾝp遐齔:｢Vﾔ�:ｦ6ﾔ	uJmｩ3龕ｺ�.ｩ+齲ﾚQ7ﾔ-uGﾝSﾔ#阪雅壊拐�����#�+�3ﾊEGﾘｹﾞc譲oｺﾞ9掉P�ｵ｢ﾖﾔ1ｵ｡NｨSjK找釀uI]Qﾗﾔ室｡nｩ;龠z�ｩ'jO\O廾ﾜOP\P弃ﾜPQ\Q弉.:ﾂﾎ┥ﾓ�*�:､耳ｵｦ自uB抒[鼬:ｧ.ｨK鼕ｺｦvﾔuKﾝQ=Q繆窘窩窰窶竄邃竊竏竓竚rﾑvｮ��岼wNﾇ#ﾔ!uDｭｨ5uLmｨ齡ﾚRgﾔ9uA]RWﾔ5ｵ｣nｨ[齊ｺｧｨG皷ﾇﾗ��'7GWg萩鴫sｽ&�tｽsｺ1｡ｩ#jEｭｩcjC抉ｧﾔ�:｣ﾎｩ齟ｺ｢ｮｩuCﾝRwﾔ==ROﾔ8楮�8涅�8�ｸ�8｡ｸ｡8｢ｸ｢8｣\ttｽs橆P�E:�ｩ#jEｭｩcjC抉ｧﾔ�:｣ﾎｩ齟ｺ｢ｮｩuCﾝRwﾔ==ROﾔ8楮�8涅�8�ｸ�8｡ｸ｡8｢ｸ｢8｣\t��Cyﾀ;騾:､耳ｵｦ自uB抒[鼬:ｧ.ｨK鼕ｺｦvﾔuKﾝQ=Q繆窘窩窰窶竄邃竊竏竓竚rﾑvｮ���､齔:｢Vﾔ�:ｦ6ﾔ	uJmｩ3龕ｺ�.ｩ+齲ﾚQ7ﾔ-uGﾝSﾔ#阪雅壊拐�����#�+�3ﾊEGﾘｹ�;�ｼC�ｨC鼈ZQk齪ﾚP'ﾔ)ｵ･ﾎｨs黷ｺ､ｮｨkjGﾝPｷﾔuO=P蕉5�'ｮ'ﾎ'�'(.(N(n(�(ｮ(ﾎ(a鋺��E:�ｩ#jEｭｩcjC抉ｧﾔ�:｣ﾎｩ齟ｺ｢ｮｩuCﾝRwﾔ==ROﾔ8楮�8涅�8�ｸ�8｡ｸ｡8｢ｸ｢8｣\t�ｻ鱇ｹ�t@RGﾔ鎧Sﾇﾔ�:｡Nｩ-uF抓ﾔ%uE]S;黽ｺ･鈺{黶z､棹q<q=q>q?q@qAqBqCqDqEqFｹ�;ﾗ��w(ﾒuHQ+jMS黻:･ｶﾔuN]P琳uM愷齧ｺ｣鉀齣z｢ﾆ�ﾄﾅﾅ	ﾅﾅﾅﾅ蠅#��ﾊﾞ｡Hﾔ!uDｭｨ5uLmｨ齡ﾚRgﾔ9uA]RWﾔ5ｵ｣nｨ[齊ｺｧｨG皷ﾇﾗ��'7GWg萩鴫s�w(x�"P�ｵ｢ﾖﾔ1ｵ｡NｨSjK找釀uI]Qﾗﾔ室｡nｩ;龠z�ｩ'jO\O廾ﾜOP\P弃ﾜPQ\Q弉.:ﾂﾎ｡<�閣@RGﾔ鎧Sﾇﾔ�:｡Nｩ-uF抓ﾔ%uE]S;黽ｺ･鈺{黶z､棹q<q=q>q?q@qAqBqCqDqEqFｹ韋z�｡<�閣@RGﾔ鎧Sﾇﾔ�:｡Nｩ-uF抓ﾔ%uE]S;黽ｺ･鈺{黶z､棹q<q=q>q?q@qAqBqCqDqEqFｹ�;ﾗ�陣(ﾒuHQ+jMS黻:･ｶﾔuN]P琳uM愷齧ｺ｣鉀齣z｢ﾆ�ﾄﾅﾅ	ﾅﾅﾅﾅ蠅#��ﾊCﾞ｡Hﾔ!uDｭｨ5uLmｨ齡ﾚRgﾔ9uA]RWﾔ5ｵ｣nｨ[齊ｺｧｨG皷ﾇﾗ��'7GWg萩鴫s�w(y�"P�ｵ｢ﾖﾔ1ｵ｡NｨSjK找釀uI]Qﾗﾔ室｡nｩ;龠z�ｩ'jO\O廾ﾜOP\P弃ﾜPQ\Q弉.:ﾂﾎ｡<�閣@RGﾔ鎧Sﾇﾔ�:｡Nｩ-uF抓ﾔ%uE]S;黽ｺ･鈺{黶z､棹q<q=q>q?q@qAqBqCqDqEqFｹ�;wﾓｿs7ﾜ9閠:､耳ｵｦ自uB抒[鼬:ｧ.ｨK鼕ｺｦvﾔuKﾝQ=Q繆窘窩窰窶竄邃竊竏竓竚rﾑvｮ��!�､齔:｢Vﾔ�:ｦ6ﾔ	uJmｩ3龕ｺ�.ｩ+齲ﾚQ7ﾔ-uGﾝSﾔ#阪雅壊拐�����#�+�3ﾊEGﾘｹ�;這ｼC�ｨC鼈ZQk齪ﾚP'ﾔ)ｵ･ﾎｨs黷ｺ､ｮｨkjGﾝPｷﾔuO=P蕉5�'ｮ'ﾎ'�'(.(N(n(�(ｮ(ﾎ(a鋺��E:�ｩ#jEｭｩcjC抉ｧﾔ�:｣ﾎｩ齟ｺ｢ｮｩuCﾝRwﾔ==ROﾔ8楮�8涅�8�ｸ�8｡ｸ｡8｢ｸ｢8｣\t��Cyﾈ;騾:､耳ｵｦ自uB抒[鼬:ｧ.ｨK鼕ｺｦvﾔuKﾝQ=Q繆窘窩窰窶竄邃竊竏竓竚rﾑﾑ=�Cyﾄ;騾:､耳ｵｦ自uB抒[鼬:ｧ.ｨK鼕ｺｦvﾔuKﾝQ=Q繆窘窩窰窶竄邃竊竏竓竚rﾑvｮ���､齔:｢Vﾔ�:ｦ6ﾔ	uJmｩ3龕ｺ�.ｩ+齲ﾚQ7ﾔ-uGﾝSﾔ#阪雅壊拐�����#�+�3ﾊEGﾘｹ�;濡ｼC�ｨC鼈ZQk齪ﾚP'ﾔ)ｵ･ﾎｨs黷ｺ､ｮｨkjGﾝPｷﾔuO=P蕉5�'ｮ'ﾎ'�'(.(N(n(�(ｮ(ﾎ(a鋺��E:�ｩ#jEｭｩcjC抉ｧﾔ�:｣ﾎｩ齟ｺ｢ｮｩuCﾝRwﾔ==ROﾔ8楮�8涅�8�ｸ�8｡ｸ｡8｢ｸ｢8｣\t��Cyﾄ;騾:､耳ｵｦ自uB抒[鼬:ｧ.ｨK鼕ｺｦvﾔuKﾝQ=Q繆窘窩窰窶竄邃竊竏竓竚rﾑv鈐輜ｸsﾐuHQ+jMS黻:･ｶﾔuN]P琳uM愷齧ｺ｣鉀齣z｢ﾆ�ﾄﾅﾅ	ﾅﾅﾅﾅ蠅#��ﾊ#ﾞ｡Hﾔ!uDｭｨ5uLmｨ齡ﾚRgﾔ9uA]RWﾔ5ｵ｣nｨ[齊ｺｧｨG皷ﾇﾗ��'7GWg萩鴫s�w(駿�"P�ｵ｢ﾖﾔ1ｵ｡NｨSjK找釀uI]Qﾗﾔ室｡nｩ;龠z�ｩ'jO\O廾ﾜOP\P弃ﾜPQ\Q弉.:ﾂﾎ｡<�閣@RGﾔ鎧Sﾇﾔ�:｡Nｩ-uF抓ﾔ%uE]S;黽ｺ･鈺{黶z､棹q<q=q>q?q@qAqBqCqDqEqFｹ�;ﾗ��(ﾒuHQ+jMS黻:･ｶﾔuN]P琳uM愷齧ｺ｣鉀齣z｢ﾆ�ﾄﾅﾅ	ﾅﾅﾅﾅ蠅｣�{ﾜ��(ﾒuHQ+jMS黻:･ｶﾔuN]P琳uM愷齧ｺ｣鉀齣z｢ﾆ�ﾄﾅﾅ	ﾅﾅﾅﾅ蠅#��ﾊcﾞ｡Hﾔ!uDｭｨ5uLmｨ齡ﾚRgﾔ9uA]RWﾔ5ｵ｣nｨ[齊ｺｧｨG皷ﾇﾗ��'7GWg萩鴫s�w(准�"P�ｵ｢ﾖﾔ1ｵ｡NｨSjK找釀uI]Qﾗﾔ室｡nｩ;龠z�ｩ'jO\O廾ﾜOP\P弃ﾜPQ\Q弉.:ﾂﾎ｡<�閣@RGﾔ鎧Sﾇﾔ�:｡Nｩ-uF抓ﾔ%uE]S;黽ｺ･鈺{黶z､棹q<q=q>q?q@qAqBqCqDqEqFｹ�;ﾗ��(ﾒuHQ+jMS黻:･ｶﾔuN]P琳uM愷齧ｺ｣鉀齣z｢ﾆ�ﾄﾅﾅ	ﾅﾅﾅﾅ蠅#�M�ﾎﾝp遐齔:｢Vﾔ�:ｦ6ﾔ	uJmｩ3龕ｺ�.ｩ+齲ﾚQ7ﾔ-uGﾝSﾔ#阪雅壊拐�����#�+�3ﾊEGﾘｹ�;班ｼC�ｨC鼈ZQk齪ﾚP'ﾔ)ｵ･ﾎｨs黷ｺ､ｮｨkjGﾝPｷﾔuO=P蕉5�'ｮ'ﾎ'�'(.(N(n(�(ｮ(ﾎ(a鋺��E:�ｩ#jEｭｩcjC抉ｧﾔ�:｣ﾎｩ齟ｺ｢ｮｩuCﾝRwﾔ==ROﾔ8楮�8涅�8�ｸ�8｡ｸ｡8｢ｸ｢8｣\t��Cyﾌ;騾:､耳ｵｦ自uB抒[鼬:ｧ.ｨK鼕ｺｦvﾔuKﾝQ=Q繆窘窩窰窶竄邃竊竏竓竚rﾑvｮ��1�､齔:｢Vﾔ�:ｦ6ﾔ	uJmｩ3龕ｺ�.ｩ+齲ﾚQ7ﾔ-uGﾝSﾔ#阪雅壊拐�����#�+�3ﾊEGﾗ;wﾓ㎎ﾃ;騾:､耳ｵｦ自uB抒[鼬:ｧ.ｨK鼕ｺｦvﾔuKﾝQ=Q繆窘窩窰窶竄邃竊竏竓竚rﾑvｮ�蜀w(ﾒuHQ+jMS黻:･ｶﾔuN]P琳uM愷齧ｺ｣鉀齣z｢ﾆ�ﾄﾅﾅ	ﾅﾅﾅﾅ蠅#��ﾊ�､齔:｢Vﾔ�:ｦ6ﾔ	uJmｩ3龕ｺ�.ｩ+齲ﾚQ7ﾔ-uGﾝSﾔ#阪雅壊拐�����#�+�3ﾊEGﾘｹ�;�ﾞ｡Hﾔ!uDｭｨ5uLmｨ齡ﾚRgﾔ9uA]RWﾔ5ｵ｣nｨ[齊ｺｧｨG皷ﾇﾗ��'7GWg萩鴫s�w(7ｼC�ｨC鼈ZQk齪ﾚP'ﾔ)ｵ･ﾎｨs黷ｺ､ｮｨkjGﾝPｷﾔuO=P蕉5�'ｮ'ﾎ'�'(.(N(n(�(ｮ(ﾎ(a輜倞裵;P�ｵ｢ﾖﾔ1ｵ｡NｨSjK找釀uI]Qﾗﾔ室｡nｩ;龠z�ｩ'jO\O廾ﾜOP\P弃ﾜPQ\Q弉.:ﾂﾎ｡ﾜ�E:�ｩ#jEｭｩcjC抉ｧﾔ�:｣ﾎｩ齟ｺ｢ｮｩuCﾝRwﾔ==ROﾔ8楮�8涅�8�ｸ�8｡ｸ｡8｢ｸ｢8｣\t��Cｹ�閣@RGﾔ鎧Sﾇﾔ�:｡Nｩ-uF抓ﾔ%uE]S;黽ｺ･鈺{黶z､棹q<q=q>q?q@qAqBqCqDqEqFｹ�;ﾗ㎎ﾃ;騾:､耳ｵｦ自uB抒[鼬:ｧ.ｨK鼕ｺｦvﾔuKﾝQ=Q繆窘窩窰窶竄邃竊竏竓竚rﾑvｮ�蜀w(ﾒuHQ+jMS黻:･ｶﾔuN]P琳uM愷齧ｺ｣鉀齣z｢ﾆ�ﾄﾅﾅ	ﾅﾅﾅﾅ蠅｣�ｻ暠Cｹ�閣@RGﾔ鎧Sﾇﾔ�:｡Nｩ-uF抓ﾔ%uE]S;黽ｺ･鈺{黶z､棹q<q=q>q?q@qAqBqCqDqEqFｹ�;ﾗ㎎ﾋ;騾:､耳ｵｦ自uB抒[鼬:ｧ.ｨK鼕ｺｦvﾔuKﾝQ=Q繆窘窩窰窶竄邃竊竏竓竚rﾑvｮ�蝟w(ﾒuHQ+jMS黻:･ｶﾔuN]P琳uM愷齧ｺ｣鉀齣z｢ﾆ�ﾄﾅﾅ	ﾅﾅﾅﾅ蠅#��ﾊ-�､齔:｢Vﾔ�:ｦ6ﾔ	uJmｩ3龕ｺ�.ｩ+齲ﾚQ7ﾔ-uGﾝSﾔ#阪雅壊拐�����#�+�3ﾊEGﾘｹ�;納ﾞ｡Hﾔ!uDｭｨ5uLmｨ齡ﾚRgﾔ9uA]RWﾔ5ｵ｣nｨ[齊ｺｧｨG皷ﾇﾗ��'7GWg萩鴫s7�;wﾃ揀ｨC鼈ZQk齪ﾚP'ﾔ)ｵ･ﾎｨs黷ｺ､ｮｨkjGﾝPｷﾔuO=P蕉5�'ｮ'ﾎ'�'(.(N(n(�(ｮ(ﾎ(a鋺�ny�"P�ｵ｢ﾖﾔ1ｵ｡NｨSjK找釀uI]Qﾗﾔ室｡nｩ;龠z�ｩ'jO\O廾ﾜOP\P弃ﾜPQ\Q弉.:ﾂﾎ｡ﾜ�E:�ｩ#jEｭｩcjC抉ｧﾔ�:｣ﾎｩ齟ｺ｢ｮｩuCﾝRwﾔ==ROﾔ8楮�8涅�8�ｸ�8｡ｸ｡8｢ｸ｢8｣\t��Cｹ�閣@RGﾔ鎧Sﾇﾔ�:｡Nｩ-uF抓ﾔ%uE]S;黽ｺ･鈺{黶z､棹q<q=q>q?q@qAqBqCqDqEqFｹ�;ﾗ㎎ﾋ;騾:､耳ｵｦ自uB抒[鼬:ｧ.ｨK鼕ｺｦvﾔuKﾝQ=Q繆窘窩窰窶竄邃竊竏竓竚rﾑﾑ=鯀Cyﾂ;騾:､耳ｵｦ自uB抒[鼬:ｧ.ｨK鼕ｺｦvﾔuKﾝQ=Q繆窘窩窰窶竄邃竊竏竓竚rﾑﾑow�ｿﾟ|ﾅﾛ碯ｷﾏﾟ�糢//ｾ﨔ﾍｽO_�ｷ��城釗ｽ矗�涸ﾋｻｯ銷�穃ｩo>J{ﾓﾛ蹴?騫聨o�Su炅ﾕ｣ｶ蹼ﾛﾛ掌=o柀譽O曺ﾗﾍGﾓ�ｿｽﾓ泚_mp鋙�逹n>��=��ﾝ莵_ｾ桄ﾅﾛ痢._ﾟ髙ﾕ7o嶂>ｾ�ﾟﾔWﾟ|棏Wﾟ<�ｪz�oﾟｾ�宮o�ﾉ�/耨ｻｯ�楨ﾍ｣ﾛ悄ｯ宮o�ﾟo_ｿx荢ﾞｿｯ?wa|馞雖ﾗ/ﾟ�鰡ｯ�*y﨩ﾛ跿ﾍ�ｾxw醸�}�ｫ�裨?�?�_ｼ���祥靖w���ｼ�K}xﾟ}Jﾏｿx1{�匤令ｼｹ均�橳O�>�ﾗ/ｿ㍉ﾜｽ靃>�?z戓ｯｿ鉧/_<���7~�ﾜｽWｯﾞﾟｾﾛ鎤ﾛ_~{�釶ｾxﾝｽ�ｻO濵�w灌黍ﾞ>~|�ﾛWｯﾟｾ~�ﾝ{ｻ�?ｻ絈?�jﾋ擾?�+�'/^ﾟ}+ｾ僚_ｿ�韃ﾝﾗ羽oﾟﾇ�ｱ橫cｹｫ誉|ｳﾋ�?ﾙ�ﾋ靃^ｽ�胥v��PK   LS'Nﾄo9  銑    xl/worksheets/sheet54.xml鋪Kｯ#夂遽辿ｳ�/�2x�.[JI丑eﾊ勦ｮ鷽ﾍｸax0ﾃ�/ｳp/ﾃ�g羝aﾆ3ｶ��W�|2SR我U1ｽ鏗>|島<銷R陽���ﾗ��ｾ{y�/楞y鏆ﾏ�鋠ｧw�<�^ｼ桄?ｼ馞O權ｽﾝｳW_={ﾕ��褫ｷw��｣ﾟ|ﾗo��ｷﾏ涸ｻs�ｯﾞ~ﾟｾ{��g毫ﾋo�撝^��兤_ｿ~ｳwｷｿ|'ｯｿ�愰倫ﾇｯｿ�ｻ遽ﾞ}r�ﾓO}g�ｿ暠o_|�粧佑樶ｻgo����萢ﾗﾟ}�蜍wIz壤ﾜ{埈ｾ{嶼o_�皛ｷｿﾗﾛ�<�ﾋ透�<靑鄧��桄ﾕ�7ﾏ��燾�??��y熟_Wwﾟ?顫ﾍ旱o蟲�涸y/=ｾ{逑�_ｽｸ�Fｽ�ﾙﾜy��ﾞgｩ�=�G?��狗ｿ~{;ﾍ倫^>_ｾ/oｮ滿�薮?ｱ?{�昕ﾟ週_}~ｳ|ﾂｧ)>ｼ⊥W��ﾝｯｧﾏ_|ｻﾛ轉�ｿ�留_ｾ��?�}?ｷﾟｮgｿ涸~ｻo?ｿ{�ﾓ_=ｺ｡ｿ|�晙}猴ﾞｾ{�]痣ｿｦ粧p�ﾇgx遘x�����"=x軾y撝gｾz�ﾞﾙｻg���0琦ｯﾞﾞ�ﾑg�ﾋ劯~�_鑈��笳�C��wﾜﾊ�ｸ}瑙��祕�柀�W匤柔�眷�?�猟頻-ﾜｷﾂFｸｶﾂｽｰЖ瓷��'~8ｿ�=8����=ﾛ鄧�(槲ﾗO"ﾓ�?ﾎｾ{�ｫ�襃�譟���?ｽw�ﾝｹw躇餧ｻ�ﾛ�=ﾋﾕkｺA7ｾﾟ俥rr<�蛔�礙|z怠Sｽ禾ﾇ磊ﾏ�ｲｽﾃgﾟ�醸燉X�.樢覺=m矚?ﾃTX	gﾂｹｰ菇U^4=ﾃRｸｮ�畄ﾘwﾂﾖo�=ｽｩｽ棕Ж瓷榔ｿ�耳c黻ZPﾋ柞ﾍCｯ3气ﾉ��･>ﾓｫｵ､ｵｿ�⊥�ﾑﾇ轆rｶ���ｧｿﾄﾑ藷7鉐�ｷp��'渧ﾙj�<){+?殪6ｬは`lｫ{^?ｴxﾒ%l[ﾃ6ｰ-ｬ�ﾚ�7ﾛ�'僴ﾘv�%ﾂ/�#畊8､�~ｰ杆mEqe.ｬｮｶ�1ｶ｣_,��橾ﾏ��ﾅｲ����#~zo'�_ﾌ>ﾒl｡ｯV~ﾄ'OO0�,�TZy�A2冐}~dﾍ=ﾋO｢Zox�'�'ﾇﾒｳ\ﾌ蛭汜ｳ�	o<ﾋ溟ﾖｳ�6槫s�&_Cｫo墲呀ggｰ�gYﾃﾑｳ��<ﾋ|秣\}ﾁ瘍y�d�畭n<澎4ﾅﾀ⑬J��3c勦<ﾌ43�0ﾓﾊﾜﾟPｶ鞭ﾃ輌]�ﾙ瓷ﾟﾟf>l7鋩ｻ��暿��ｯ��ｿ�?�������ﾍ?���綷ｾ)~|)�ｻ��eﾟ�卷�冀ﾀL9`f:`ｦ03030S郎郎郎郎俛俛亙ﾌ�ﾌｴf�fｺ3�3ﾇ3ｧ3ﾉ寸/�YﾕﾙﾕYﾖﾙﾖ�>b2d_3da3dc3deS�｡~�!�ｴ�楨�����ｳ���ﾃｿ瀏?��=�縊d<`f2`ｦ0S�乘ﾌﾌﾌﾌﾌﾔff�fVfﾖf6fｶf�3ｻ3塚V�椥0s0s0s0�炻ﾈﾐ振ﾍ疹ﾍ親M1�'�!�!蕓!�!�!+�?ｸｳW渭��ﾁ�?�?<���ｿ蕙ｿ���}｣�!D�*�匹�C�!Cｳ!C�!C｡ﾅ寸蜷｡ﾕ寸｡ﾍ寸岦｡fﾈﾐnﾈP{1��!ﾏﾔ:::JM]綠ﾏgｩA[廣k慷=￢�4uｹﾉ�ｴﾊｴﾋｴﾌﾛ|�)~qOC�Aﾈ���ｿ�ﾗｿ�ｧ靃�ﾍ?ｳ燐~�ｿｳ｡ﾉ寸bﾈP9dh:dｨ24242T/�<ﾓrﾈﾐjﾈﾐzﾈﾐfﾈﾐvﾈｻk�<ﾓnﾈP;dh?dｨ2t2t2t2�埃ﾜ眄状!SΩ8ω8�8�9�69シ9プ9ヶ9塁�>ﾎ�~憑�蟾溯�ｷｷ溯�[｢ﾟ?{E�G(C=溯�&C�!C蜷｡髏｡jﾈﾐlﾈﾐ|ﾈP=�;ｾﾋ!Cｫ!C�!C�!Cﾛ!�ｻ!C岦｡�寸nﾈﾐaﾈﾐqﾈﾐiﾈP2h靡�>ﾑ⑬ﾚ�Z�ﾚ�Z�ﾚ�Z�ﾚ�Z觸n�淲���'侒�惞_��'��+~ｦ?�熄ｿｹ｡ﾉ寸bﾈP9dh:dｨ24242TZZZZﾚﾚj�奝ｵC�C�!C�!Cﾇ!Cｧ!Cﾉ�ｩﾋ＇D25h�3h�3h峻ｹﾈ}�ﾈeﾈsZ�ﾚ�Z觸n��/5ﾟ_｢?�溯�����xy�3ｺ��042T*�M�UC�C�C��!�-�<ﾓrﾈﾐjﾈﾐzﾈﾐfﾈﾐvﾈｻk�<ﾓnﾈP{1ﾄ､ｳﾝ寸ﾃ寸辮｡ﾓ寸dﾐﾔ�~�ｴﾅｴﾆｹﾜc��雷�ﾌﾋM＇G襪^ﾗ�]ﾎ�eﾎ�6涸ﾇ���渝7?}~�笄\8糸a!,�a%�	酊Zｸ.�+畛ｸn�p'l�a'<渉�0L$l$�$ｬ$ﾌ$�$%,%L%l%�%邨\/ﾓﾅｿcez､e私c瓮XK甬X	gﾂｹｰ.К甄ｸnЪa#ﾜ	[畤ﾘ	ﾂ｣�$		#	+	3	;	C	K	S	[	cﾉy-ﾗﾋt<�b�k凰#畊8ﾂR8Vﾂ冪.ｬ�甞ｸｮ�畄ﾘwﾂVｸvﾂ�(<	ﾃDﾂFﾂHﾂJﾂLﾂNﾂPﾂRﾂTﾂVﾂXr^ﾋ�2��"\?ﾛﾂ叢,�a)�
+甅8ﾖﾂ�)\	ﾗﾂ膏+l�;a+ﾜ;瓣x桷a"a#a$a%a&a'a(a)a*a+a,9ｯ蚫凛/=ｽ~ｶ/�#畊8ﾂR8Vﾂ冪.ｬ�甞ｸｮ�畄ﾘwﾂVｸvﾂ�(<	ﾃDﾂFﾂHﾂJﾂLﾂNﾂPﾂRﾂTﾂVﾂXr^ﾋﾕ2ﾝ�ｼｾ�鵄ｳ}!	ﾇﾂ臆鳴ｩｰﾎгa-\猟頻-ﾜｷﾂFｸｶﾂｽｰЖ瓷&6FVfv��ｦｶﾆ汀Zｮ掠� ��ｽ�淏8糸a!,�a%�	酊Zｸ.�+畛ｸn�p'l�a'<渉�0L$l$�$ｬ$ﾌ$�$%,%L%l%�%邨\/S���錥ﾏp$'ﾂBX
ｧﾂJ8ﾎ�p!\
Wﾂｵp#ﾜ
甎ﾘ
Nx�'a路ﾘHIXI露ﾘIJXJ労ﾘJKﾎkｹ^ｦﾞﾋｯ�ｮ溏瓸8NуｰN�p&�k瓧ｸｮ�瓰ｸ6ﾂ擴蠇晰 <
Oﾂ0族�0腸�0堂�0伐�0焚�0万ﾗrｽLｽG7�^?ﾛﾂ叢,�a)�
+甅8ﾖﾂ�)\	ﾗﾂ膏+l�;a+ﾜ;瓣x桷a"a#a$a%a&a'a(a)a*a+a,9ｯ蚫冢z鈴Fﾋ	ﾇﾂ臆鳴ｩｰﾎгa-\猟頻-ﾜｷﾂFｸｶﾂｽｰЖ瓷&6FVfv��ｦ