開票区名,按分の際切捨てた票数,いずれの名簿登載者又は政党等にも属さない票数,有効投票数,無効投票数,投票総数,持ち帰りと思われる票数,不受理と決定した票数,投票者数,無効投票率
★都計,0.608,2,6211539,201871,6413410,534,8,6413952,3.15
☆区部計,0.348,0,4221489,140863,4362352,414,3,4362769,3.23
千代田区,0.004,0,29296,762,30058,1,0,30059,2.54
中央区,0.005,0,68423,1940,70363,7,0,70370,2.76
港区,0.006,0,100037,2614,102651,22,0,102673,2.55
新宿区,0.009,0,143542,5343,148885,8,0,148893,3.59
文京区,0.006,0,109444,3063,112507,1,0,112508,2.72
台東区,0.015,0,87066,3557,90623,12,0,90635,3.93
墨田区,0.015,0,119775,4219,123994,13,0,124007,3.40
江東区,0.023,0,231848,8078,239926,24,0,239950,3.37
品川区,0.016,0,179251,5265,184516,33,0,184549,2.85
目黒区,0.009,0,127953,4242,132195,13,0,132208,3.21
大田区,0.022,0,327885,11392,339277,40,1,339318,3.36
世田谷区,0.021,0,431405,16236,447641,18,0,447659,3.63
渋谷区,0.006,0,102898,3907,106805,20,0,106825,3.66
中野区,0.008,0,151383,4668,156051,8,0,156059,2.99
杉並区,0.015,0,275305,7648,282953,6,0,282959,2.70
豊島区,0.014,0,125092,3807,128899,23,0,128922,2.95
北区,0.020,0,164762,5659,170421,23,0,170444,3.32
荒川区,0.018,0,92259,3288,95547,1,0,95548,3.44
板橋区,0.021,0,252344,7906,260250,8,0,260258,3.04
練馬区,0.023,0,339005,10780,349785,91,0,349876,3.08
足立区,0.027,0,282445,10170,292615,27,0,292642,3.48
葛飾区,0.019,0,197836,6754,204590,10,0,204600,3.30
江戸川区,0.026,0,282235,9565,291800,5,2,291807,3.28
☆市部計,0.246,0,1951191,59188,2010379,120,2,2010501,2.94
八王子市,0.023,0,255310,7683,262993,26,0,263019,2.92
立川市,0.014,0,81512,2516,84028,28,0,84056,2.99
武蔵野市,0.007,0,74078,2304,76382,0,0,76382,3.02
三鷹市,0.008,0,90344,2966,93310,9,0,93319,3.18
青梅市,0.011,0,61105,2297,63402,3,0,63405,3.62
府中市,0.014,0,117789,3778,121567,5,0,121572,3.11
昭島市,0.008,0,51368,1640,53008,6,0,53014,3.09
調布市,0.012,0,109175,3285,112460,4,0,112464,2.92
町田市,0.020,0,202062,5900,207962,9,1,207972,2.84
小金井市,0.006,0,58189,1698,59887,6,0,59893,2.84
小平市,0.012,0,91051,2460,93511,6,0,93517,2.63
日野市,0.009,0,87869,2697,90566,2,0,90568,2.98
東村山市,0.007,0,72119,2038,74157,5,0,74162,2.75
国分寺市,0.007,0,61365,1591,62956,0,0,62956,2.53
国立市,0.005,0,38336,1140,39476,0,0,39476,2.89
福生市,0.007,0,25033,954,25987,0,0,25987,3.67
狛江市,0.011,0,38694,1238,39932,1,0,39933,3.10
東大和市,0.006,0,40467,1084,41551,3,0,41554,2.61
清瀬市,0.004,0,35987,1059,37046,0,0,37046,2.86
東久留米市,0.013,0,56069,1823,57892,5,0,57897,3.15
武蔵村山市,0.012,0,29384,1147,30531,0,0,30531,3.76
多摩市,0.009,0,73925,1976,75901,0,0,75901,2.60
稲城市,0.004,0,41639,1111,42750,0,0,42750,2.60
羽村市,0.005,0,25257,862,26119,1,0,26120,3.30
あきる野市,0.004,0,36203,1164,37367,1,1,37369,3.12
西東京市,0.008,0,96861,2777,99638,0,0,99638,2.79
☆西多摩郡計,0.011,2,25730,1191,26921,0,0,26921,4.42
瑞穂町,0.006,0,13563,620,14183,0,0,14183,4.37
日の出町,0.003,0,8068,323,8391,0,0,8391,3.85
檜原村,0.001,1,1388,70,1458,0,0,1458,4.80
奥多摩町,0.001,1,2711,178,2889,0,0,2889,6.16
☆島部計,0.003,0,13129,629,13758,0,3,13761,4.57
大島支庁小計,0.000,0,6475,310,6785,0,1,6786,4.57
大島町,0.000,0,3907,225,4132,0,0,4132,5.45
利島村,0.000,0,202,10,212,0,0,212,4.72
新島村,0.000,0,1426,60,1486,0,0,1486,4.04
神津島村,0.000,0,940,15,955,0,1,956,1.57
三宅支庁小計,0.000,0,1434,74,1508,0,0,1508,4.91
三宅村,0.000,0,1247,65,1312,0,0,1312,4.95
御蔵島村,0.000,0,187,9,196,0,0,196,4.59
八丈支庁小計,0.003,0,4037,187,4224,0,0,4224,4.43
八丈町,0.003,0,3944,177,4121,0,0,4121,4.30
青ヶ島村,0.000,0,93,10,103,0,0,103,9.71
小笠原支庁小計,0.000,0,1183,58,1241,0,2,1243,4.67
小笠原村,0.000,0,1183,58,1241,0,2,1243,4.67
�-秀ｶ:ﾙ窗dk繿-宏ｶ)<ｲM瘻m
粛S�ﾊ絈7ｯ｢D妥HｴM9`,2%jG煆:c%J"*�*�+ｵs�哲[ｮ1ﾟｬ･樵ﾘﾎ|3�]j"
Q�ﾂD&｢0�(LDa"
Q�EQ�O8y｢ｨwﾃﾑEｽﾎ�(�pq髱｢Xx輕}7nb#ｿb"�ﾈﾄ>&�1ｱ脂qLlcbQ�ﾂD&｢0�(LDa"
Q�ﾂD&｢0�(L欧�(ﾊ�'額7�<Qﾔｻ礪欧ﾞgO8|｢ｸQｬ釚ｼsｵ>/7ｱ狙1痩�dbXﾇﾄ8&ｶ11拷(LDa"
Q�ﾂD&｢0�(LDa"
Q�ﾂDｦDQFeﾃﾁEｽN�(�pQ�ｳ'額7>Q\zｧ(ﾖ}�ｹZ_｡巉ﾈｯ佇ﾄB&2ｱ初yLｬcbﾛ�ﾆD&｢0�(LDa"
Q�ﾂD&｢0�(LDa"
S｢(#幹矜欧ﾞ'O8z｢ｨwﾃﾙEｽ�(.ｽS�U�ｭ衝Ml膰Ldb!叮ﾇﾄ<&ﾖ11脂mLLc"
Q�ﾂD&｢0�(LDa"
Q�ﾂD&｢0�)Q�EﾙpQ��'額7=Qﾔｻ碆欧ﾞ⑯類-｣ﾘY鏆�vﾑ�NﾑｭｦﾛMMw夭6ﾝkｺﾟ魏饌ﾓ｣ｦﾇMO圉6=kzﾞ馥ﾓｫｦﾗMo壜6ｽk"�:莽_N�ﾏNN�n8:Q碆Dﾑ�ﾃﾅ蚰�"滸ｾ捫ｻｾｽｳ�#?(ｿ�t�ｷ質ｽ?>ﾝ\ﾟｾ晙昊�ｿｼﾟ:ｿｾﾍJ�\ﾈH&621痩�dbXﾇﾄ8&ｶ11拷(LDa"
Q�6��(LDa"
Q�ﾂD&｢0%幹矗7㏍'期�'O8z｢ｨwﾃﾙEｽ�(.ｽSｷ&
.d$劍ﾈﾄB&2ｱ初yLｬcbﾛ�ﾆD&｢0�(LO寤ﾂｯ按D&｢0�(LDa"
Q�Eﾙp�Q�空ﾟ}黔ﾃﾍ>碎�滯ﾝpw�ｻO�nyyE耐zk｢BF2ｱ痩鵜,db 葈佗ﾄ:&ﾆ1ｱ拷iLDa"
Q�ﾂD&｢0�(LDa"
Q�ﾂD&｢0%幹矗欧ﾞOｸy｢ｨwﾃﾕEｽ釚(��"滸ﾖD睹�db#儿ﾈﾄ@&�11初uL慶bﾓ�ﾂD&｢0�(LDa"
Q�ﾂD&｢0�(LDaJeﾃｽEｽ.�(�pQ�ｫ'額7ﾜ=Qﾔｻ裹E>�可�ﾉﾄF&&2ｱ翠´�b�ﾇﾄ6&ｦ1�(LDa"
Q�ﾂD&｢0�(LDa"
Q�ﾂ�(ﾊ�'額7\<Qﾔｻ礦欧ﾞWOｸ{｢ｨwﾋﾋ+掛ﾖ[�?2忠広Ldb!叮ﾇﾄ<&ﾖ11脂mLLc"
Q�ﾂD&｢0�(LDa"
Q�ﾂD&｢0�)Q�ｸx｢ｨwﾃﾍEｽｮ�(�pQ�邑ｷ&
.d$劍ﾈﾄB&2ｱ初yLｬcbﾛ�ﾆD&｢0�(LDa"
Q�ﾂD&｢0�(LDa"
S｢(鄧(�pQ��'額7\=Qﾔｻ碚欧ﾞ-/ｯ(oM�\ﾈH&621痩�dbXﾇﾄ8&ｶ11拷(LDa"
Q�ﾂD&｢0�(LDa"
Q�ﾂDｦDQ6ﾜ;Qﾔｻ矮欧ﾞ7Oｸz｢ｨwﾃﾝEｽ[^^Q莎ﾞ�(�髄Lldb"�ﾈﾄ>&�1ｱ脂qLlcbQ�ﾂD&｢0�(LDa"
Q�ﾂD&｢0�(L欧lｸw｢ｨwﾃﾅEｽn�(�pQ�ｻ'額ｷｼ�2�V~ﾑｾxｿ�]ｴｿStｫ騅ﾓAﾓ擱ｻM�7=h:lzﾘ駲ﾓ逃ｧMﾏ圉7ｽhzﾙ騏ﾓ屹ｷM�阿ﾉ昮矜|ｼ�ﾃﾉﾗ�｣ｮﾟg鈬]ｿﾏﾇｻﾋ�E>��ﾉﾄF&&2ｱ翠´�b�ﾇﾄ6&ｦ1�(LDa"
Q�ﾂD&｢0�(LDa"
Q�ﾂ�(ﾊ�ﾑ�空Kﾑ�并Kﾑ�ｫﾑ�ｻﾑ�邑�ｹ&
ｺd$劍ﾈﾄB&2ｱ初yLｬcbﾛ�ﾆD&｢0�(LDa"
Q�ﾂD&｢0�(LDa"
S｢(鄧(�pQ��'額7\=Qﾔｻ碚欧ﾞ-/ｯ(oM�4ﾈH&621痩�dbXﾇﾄ8&ｶ11拷(LDa"
Q�ﾂD&｢0�(LDa"
Q�ﾂDｦDQ6ﾜ;Qﾔｻ矮欧ﾞ7Oｸz｢ｨwﾃﾝEｽ[^^Q膣ﾟ�(�髄Lldb"�ﾈﾄ>&�1ｱ脂qLlcbQ�ﾂD&｢0�(LDa"
Q�ﾂD&｢0�(L欧lｸw｢ｨwﾃﾅEｽn�(�pQ�ｻ'額ｷｼｼ｢ﾈｧｾ5Q #叮ﾈﾄD&21翠}Lﾌcb纔ﾘﾆﾄ4&｢0�(LDa"
Q�ﾂD&｢0�(LDa"
Q�Eﾙp�Q��'額7ﾜ<Qﾔｻ碎欧ﾞwOyyE前}k｢AF2ｱ痩鵜,db 葈佗ﾄ:&ﾆ1ｱ拷iLDa"
Q�ﾂD&｢0�(LDa"
Q�ﾂD&｢0%幹矗欧ﾞOｸy｢ｨwﾃﾕEｽ釚(��"滯ﾖD甍レdb#儿ﾈﾄ@&�11初uL慶bﾓ�ﾂD&｢0�(LDa"
Q�ﾂD&｢0�(LDaJeﾃｽEｽ.�(�pQ�ｫ'額7ﾜ=Qﾔｻ裹E>可�ﾉﾄF&&2ｱ翠´�b�ﾇﾄ6&ｦ1�(LDa"
Q�ﾂD&｢0�(LDa"
Q�ﾂ�(ﾊ�'額7\<Qﾔｻ礦欧ﾞWOｸ{｢ｨwﾋﾋ+掛鷦�?2忠広Ldb!叮ﾇﾄ<&ﾖ11脂mLLc"
Q�ﾂD&｢0�(LDa"
Q�ﾂD&｢0�)Q�ｸx｢ｨwﾃﾍEｽｮ�(�pQ�誉Fﾊ/ﾚ�_ｴ遇w穫5ﾝn:hｺﾓtｷ饋ﾓ�ｦM⑭�5=nzﾒ餾ﾓM/嫂5ｽnzﾓ饐Qﾔ!ﾝ6�/ﾚ�n89_ｴ錝ptｾh碆|ﾑ荢ﾃ碼｢}｢ﾈ'ﾋｿ?�'#叮ﾈﾄD&21翠}Lﾌcb纔ﾘﾆﾄ4&｢0�(LDa"
Q�ﾂD&｢0�(LDa"
Q�Eﾙpo~)暿pq~)暿ps~)暿pu~)暿pw~)暿�"滯ﾖD甍レdb#儿ﾈﾄ@&�11初uL慶bﾓ�ﾂD&｢0�(LDa"
Q�ﾂD&｢0�(LDaJeﾃｽEｽ.�(�pQ�ｫ'額7ﾜ=Qﾔｻ裹E>可�ﾉﾄF&&2ｱ翠´�b�ﾇﾄ6&ｦ1�(LDa"
Q�ﾂD&｢0�(LDa"
Q�ﾂ�(ﾊ�'額7\<Qﾔｻ礦欧ﾞWOｸ{｢ｨwﾋﾋ+掛鷦�?2忠広Ldb!叮ﾇﾄ<&ﾖ11脂mLLc"
Q�ﾂD&｢0�(LDa"
Q�ﾂD&｢0�)Q�ｸx｢ｨwﾃﾍEｽｮ�(�pQ�邑ｷ&
d$劍ﾈﾄB&2ｱ初yLｬcbﾛ�ﾆD&｢0�(LDa"
Q�ﾂD&｢0�(LDa"
S｢(鄧(�pQ��'額7\=Qﾔｻ碚欧ﾞ-/ｯ(oM�4ﾈH&621痩�dbXﾇﾄ8&ｶ11拷(LDa"
Q�ﾂD&｢0�(LDa"
Q�ﾂDｦDQ6ﾜ;Qﾔｻ矮欧ﾞ7Oｸz｢ｨwﾃﾝEｽ[^^Q膣ﾟ�(�髄Lldb"�ﾈﾄ>&�1ｱ脂qLlcbQ�ﾂD&｢0�(LDa"
Q�ﾂD&｢0�(L欧lｸw｢ｨwﾃﾅEｽn�(�pQ�ｻ'額ｷｼｼ｢ﾈｧｾ5Q #叮ﾈﾄD&21翠}Lﾌcb纔ﾘﾆﾄ4&｢0�(LDa"
Q�ﾂD&｢0�(LDa"
Q�Eﾙp�Q��'額7ﾜ<Qﾔｻ碎欧ﾞwOyyE前}k｢AF2ｱ痩鵜,db 葈佗ﾄ:&ﾆ1ｱ拷iLDa"
Q�ﾂD&｢0�(LDa"
Q�ﾂD&｢0%幹矗欧ﾞOｸy｢ｨwﾃﾕEｽ釚(�ﾋ(~Z鏆�vﾑ�NﾑｭｦﾛMMw夭6ﾝkｺﾟ魏饌ﾓ｣ｦﾇMO圉6=kzﾞ馥ﾓｫｦﾗMo壜6ｽk"�:$_ｴﾛ�ｻﾟ'迢vｿ斜﨏7悃/ﾚ�n8<_ｴ/ｿSｹ笳�'稘$劍ﾈﾄB&2ｱ初yLｬcbﾛ�ﾆD&｢0�(LDa"
Q�ﾂD&｢0�(LDa"
S｢(隆/Eｿ.ﾎ/Eｿnﾎ/Eｿｮﾎ/Eｿ﨩/Eｿ[^^Q膣ﾟ�(�髄Lldb"�ﾈﾄ>&�1ｱ脂qLlcbQ�ﾂD&｢0�(LDa"
Q�ﾂD&｢0�(L欧lｸw｢ｨwﾃﾅEｽn�(�pQ�ｻ'額ｷｼｼ｢ﾈｧｾ5Q #叮ﾈﾄD&21翠}Lﾌcb纔ﾘﾆﾄ4&｢0�(LDa"
Q�ﾂD&｢0�(LDa"
Q�Eﾙp�Q��'額7ﾜ<Qﾔｻ碎欧ﾞwOyyE前}k｢AF2ｱ痩鵜,db 葈佗ﾄ:&ﾆ1ｱ拷iLDa"
Q�ﾂD&｢0�(LDa"
Q�ﾂD&｢0%幹矗欧ﾞOｸy｢ｨwﾃﾕEｽ釚(��"滯ﾖD甍レdb#儿ﾈﾄ@&�11初uL慶bﾓ�ﾂD&｢0�(LDa"
Q�ﾂD&｢0�(LDaJeﾃｽEｽ.�(�pQ�ｫ'額7ﾜ=Qﾔｻ裹E>可�ﾉﾄF&&2ｱ翠´�b�ﾇﾄ6&ｦ1�(LDa"
Q�ﾂD&｢0�(LDa"
Q�ﾂ�(ﾊ�'額7\<Qﾔｻ礦欧ﾞWOｸ{｢ｨwﾋﾋ+掛鷦�?2忠広Ldb!叮ﾇﾄ<&ﾖ11脂mLLc"
Q�ﾂD&｢0�(LDa"
Q�ﾂD&｢0�)Q�ｸx｢ｨwﾃﾍEｽｮ�(�pQ�邑ｷ&
d$劍ﾈﾄB&2ｱ初yLｬcbﾛ�ﾆD&｢0�(LDa"
Q�ﾂD&｢0�(LDa"
S｢(鄧(�pQ��'額7\=Qﾔｻ碚欧ﾞ-/ｯ(oM�4ﾈH&621痩�dbXﾇﾄ8&ｶ11拷(LDa"
Q�ﾂD&｢0�(LDa"
Q�ﾂDｦDQ6ﾜ;Qﾔｻ矮欧ﾞ7Oｸz｢ｨwﾃﾝEｽ[^~ﾅ鑅/ﾚ�_ｴ遇w穫5ﾝn:hｺﾓtｷ饋ﾓ�ｦM⑭�5=nzﾒ餾ﾓM/嫂5ｽnzﾓ饐Qﾔ!ﾝ6�/ﾚ�n89_ｴ錝ptｾh碆|ﾑ荢ﾃ碼｢}｢ﾈ'ﾋｿｻ�ﾄﾉH&621痩�dbXﾇﾄ8&ｶ11拷(LDa"
Q�ﾂD&｢0�(LDa"
Q�ﾂDｦDQ6ﾜ媽樫7\彑樫7ﾜ彑樫7\拈樫7ﾜ拈樫ｷｼｼ｢ﾈｧｾ5Q #叮ﾈﾄD&21翠}Lﾌcb纔ﾘﾆﾄ4&｢0�(LDa"
Q�ﾂD&｢0�(LDa"
Q�Eﾙp�Q��'額7ﾜ<Qﾔｻ碎欧ﾞwOyyE前}k｢AF2ｱ痩鵜,db 葈佗ﾄ:&ﾆ1ｱ拷iLDa"
Q�ﾂD&｢0�(LDa"
Q�ﾂD&｢0%幹矗欧ﾞOｸy｢ｨwﾃﾕEｽ釚(��"滯ﾖD甍レdb#儿ﾈﾄ@&�11初uL慶bﾓ�ﾂD&｢0�(LDa"
Q�ﾂD&｢0�(LDaJeﾃｽEｽ.�(�pQ�ｫ'額7ﾜ=Qﾔｻ裹E>可�ﾉﾄF&&2ｱ翠´�b�ﾇﾄ6&ｦ1�(LDa"
Q�ﾂD&｢0�(LDa"
Q�ﾂ�(ﾊ�'額7\<Qﾔｻ礦欧ﾞWOｸ{｢ｨwﾋﾋ+掛鷦�?2忠広Ldb!叮ﾇﾄ<&ﾖ11脂mLLc"
Q�ﾂD&｢0�(LDa"
Q�ﾂD&｢0�)Q�ｸx｢ｨwﾃﾍEｽｮ�(�pQ�邑ｷ&
d$劍ﾈﾄB&2ｱ初yLｬcbﾛ�ﾆD&｢0�(LDa"
Q�ﾂD&｢0�(LDa"
S｢(鄧(�pQ��'額7\=Qﾔｻ碚欧ﾞ-/ｯ(oM�4ﾈH&621痩�dbXﾇﾄ8&ｶ11拷(LDa"
Q�ﾂD&｢0�(LDa"
Q�ﾂDｦDQ6ﾜ;Qﾔｻ矮欧ﾞ7Oｸz｢ｨwﾃﾝEｽ[^^Q膣ﾟ�(�髄Lldb"�ﾈﾄ>&�1ｱ脂qLlcbQ�ﾂD&｢0�(LDa"
Q�ﾂD&｢0�(L欧lｸw｢ｨwﾃﾅEｽn�(�pQ�ｻ'額ｷｼ�2殻+ｿh_ｼ_~ﾑ.ﾚﾟ)ｺﾕtｻ鬆餒ﾓﾝｦ{M46=lzﾔ飆ﾓﾓｦgMﾏ嫂4ｽlzﾕ餉ﾓﾛｦwMDQ�久ﾛppｾh砌|ﾑ荢ﾃﾑﾝ�ｳｻﾟ�遇蚰�"�,W�\�'NF2ｱ痩鵜,db 葈佗ﾄ:&ﾆ1ｱ拷iLDa"
Q�ﾂD&｢0�(LDa"
Q�ﾂD&｢0%幹矗�矮�礦�碎�碚�裹E>可�ﾉﾄF&&2ｱ翠´�b�ﾇﾄ6&ｦ1�(LDa"
Q�ﾂD&｢0�(LDa"
Q�ﾂ�(ﾊ�'額7\<Qﾔｻ礦欧ﾞWOｸ{｢ｨwﾋﾋ+掛鷦�?2忠広Ldb!叮ﾇﾄ<&ﾖ11脂mLLc"
Q�ﾂD&｢0�(LDa"
Q�ﾂD&｢0�)Q�ｸx｢ｨwﾃﾍEｽｮ�(�pQ�邑ｷ&
d$劍ﾈﾄB&2ｱ初yLｬcbﾛ�ﾆD&｢0�(LDa"
Q�ﾂD&｢0�(LDa"
S｢(鄧(�pQ��'額7\=Qﾔｻ碚欧ﾞ-/ｯ(oM�4ﾈH&621痩�dbXﾇﾄ8&ｶ11拷(LDa"
Q�ﾂD&｢0�(LDa"
Q�ﾂDｦDQ6ﾜ;Qﾔｻ矮欧ﾞ7Oｸz｢ｨwﾃﾝEｽ[^^Q膣ﾟ�(�髄Lldb"�ﾈﾄ>&�1ｱ脂qLlcbQ�ﾂD&｢0�(LDa"
Q�ﾂD&｢0�(L欧lｸw｢ｨwﾃﾅEｽn�(�pQ�ｻ'額ｷｼｼ｢ﾈｧｾ5Q #叮ﾈﾄD&21翠}Lﾌcb纔ﾘﾆﾄ4&｢0�(LDa"
Q�ﾂD&｢0�(LDa"
Q�Eﾙp�Q��'額7ﾜ<Qﾔｻ碎欧ﾞwOyyE前}k｢AF2ｱ痩鵜,db 葈佗ﾄ:&ﾆ1ｱ拷iLDa"
Q�ﾂD&｢0�(LDa"
Q�ﾂD&｢0%幹矗欧ﾞOｸy｢ｨwﾃﾕEｽ釚(��"滯ﾖD甍レdb#儿ﾈﾄ@&�11初uL慶bﾓ�ﾂD&｢0�(LDa"
Q�ﾂD&｢0�(LDaJeﾃｽEｽ.�(�pQ�ｫ'額7ﾜ=Qﾔｻ裹猷�鐱悊�擇[Mｷ�夭4ﾝmｺﾗtｿ顴ﾓaﾓﾃｦGM鋤�4=mzﾖ颱ﾓﾋｦWMｯ巫4ｽmzﾗDuHｾhｷ迢vｿNﾎ﨏7�/ﾚ�n8;_ｴ錝pxｾh_~Wｾ}>>ﾞﾜ:ﾚﾝｷ胚Oﾇ鉎_ｾ|ﾛz��ts}{酩彅ｼu~�汜睾+m_ｩ?p馞ﾍﾃﾝ\ﾛｻy鉗髀咨獺ﾞﾁ艸ﾗ�'ym�菫��:��Lｧ�{/&ﾉﾟ鄰�澵O��ﾝｽﾛ��ｪ7~s��ﾉﾇｳﾓﾍｽﾗｷﾈ*�N?徑NﾎN樟悃�vｴﾙ惧~ﾚ汜���ｳ^ﾛﾝ��5/?>��蛉kﾗ肭ﾛﾇｿ=?�ﾞ�?^����d��sﾞﾇ釶yｿﾃ游#��始�ﾍｿ�衢跣/W��ｹ_��`﨏秬ﾃﾑｧ繚G遏NNｿm}9�ﾈｿKｮ���:�'�>���ﾂ_ｯ��嶇ﾙo��ﾞﾝ��碌ﾙﾙ��禛�ｿ跿耋[_樟�??�'�j�}�e殤軸ﾜｯg逶届g��ﾖﾗ畷ﾛ?]�?��q|ﾎ���ｽﾖ?ｿ籬ﾊ�ﾍ\�l}9洄d_�2ﾎ属�ﾙ�\舐譱   �� PK     ! YьJ  断    xl/worksheets/sheet41.xml駁ﾙ紬ﾖｲmﾟoﾄ��唱jﾔ9,檗ｱHﾑ� ﾞｴ褪ｶ筧ｴｻ7IUｱ�9Q#ﾌ累ﾌｱrDﾎ�`%ｩ_�鍰�>>櫤oｾ|~顗筴躇湎~~�蟾���ﾛL��ﾓ'ﾟｾｿ髙ﾛｻ柔>ﾟｾ}夋ﾛoO�錥��~留�象ﾛ�l�ﾟﾞ>�脯�?~ﾛ�?n?ｽ飯ﾓ�?o?��ﾋﾗO�ﾛ��沆gﾟ��霻ｷCﾐｧ粧.�?ﾓｻ沺�倔遽e�/ｿ����煇ﾋ�|ｺ���ﾇ$_o?ｾ甁��尞~ｻ溏ﾓ釤2ﾝｧw_���ﾗ�/��ｴ)�繚��9L毖ﾉｧ�?g���ｿ}ｴﾏ�����>���ﾓ�_ｿ|靑飼殕ｺg?NT?go樂Lｿ�rｸ袮'vｱo仇滕��r^<ｿ~槢ﾗ_~玽殪沐'_o�4ｹ�9ﾉ/^=ﾟ｣C琥ﾃ暠ｾ暼�'�鐱ﾋｧ��ｻ捷ﾅ��ｴ\>ｷ\鋧/_�g?<霳橆轅�?ﾟ}ｾ}Ⅵ譿o歐>}ｻ�體��ﾌo�>ｺ�h�,ﾞ�ﾛﾒ"ﾞ>�ﾛ暦ﾟｿ|ｪ>��擾O|7煆ｯ_�ｬn?ﾞﾚ`;�1s|�㍼`ﾓ伀�8lo湃�<+�ｹ����糂ﾜ�C>;^軅y|z･�ﾛﾟﾟ�聽ﾋｿﾒﾛ�･ｱsﾊﾞ0?�ｷTｻ�?]ｼﾘ_¶_>ﾚ$O>}ﾘ/9sﾚｻ�獷~���蕀O//m�ﾟ�ｳw�x�出v蟾?ﾝ$?ﾂ-�+Kﾖ]�3ﾂｯﾞﾜ�袗��ｦ熟ｧ�ﾇ9.ﾈｿ�ﾋｿ槨zｵs珵yｴﾕ���ﾒ|эd\�ﾟ�'ﾉﾘ,�ﾉ��簀ｫ_��s莉Aﾋ罌�%ﾜ�｢ｬD)EY騎嘘斤惟幹e+J'ﾊN膿�$9服ﾙｵ?&�*$`ﾘuwW,ﾙ掌mｳ/搏尻ﾆ� wIc�/ﾞ��W`ﾋ��ﾄ�ﾙ何:X{湎�;ﾅ効煢逞�\G?]嗤]?ﾆw�.峻O赶ｫ｣2ｽ;圈(mvt�T猫隼(Qﾃｿ㍉JX!ﾊJ燃鳩(�(ｵ(�(浯I_ｿ族ｭ(�(;QzQ奪･{ﾓ��jDrg窓鯰ｧﾒ�#N･Kﾜg;y0ﾀi掏ﾗ償亮"Q[$鼡菽�"|ｺ硺ｭ<+�gｮｻ�4ｶ���㎎yｸﾑ8(｣ｻ1NVbﾈﾇ��5�!ｼyXbφ\絜7�1�!Yiｲ(ﾌ｣ｰ�!ｼ<9<%NSDa�2
�(TQｨ｣ﾐﾄ杜O6xlｧﾙF｡仰.
}奪�;3�.'s煉�1wｩ?Qｦ&w恩ｿ ｧｦ
�ﾉ~"餔$�ﾉ�N�轢�%ﾜ*ｲ;N��基｣�ｫ;蠱惞;蠱�;ﾅ鐱O毛ﾃﾟﾕﾃZ廏ｴｿ?ﾞ=缸:鮒g?ｻ�z絢ﾓ｡1甍64&���	ﾅ`14&ｬ>ﾅr(*ｬﾒbhLXｫ｡1ﾁY衵�寓ﾐ�桔`ﾌeｸﾐ湾蝗�11�\ｱﾍﾅ��!�!_ﾛ｡1!_ﾝﾐ�ｯﾝﾐ�捫hL����F�壘ｭｰﾓ�2徭rｷ蹊
iN�ﾜeﾈsrｷ鞋L1Aﾉﾝ:ｼxXﾝｲsqWﾜｭ;?(ﾞ戻-<?($;ｹ[y~Pﾈvrｷ�⑫�
��袞�>ﾆ�霍OOk氿ﾋﾗ!)7Oy痿�版ﾛx``S`3`)ｰﾘﾘXﾗe	qｰｰﾘXｬﾖﾀ輒!nlｬｶﾖKばﾙRｮ(rL昔攝ｻｲwB�Nﾈ�	9<!�'ﾎ�WﾈU��岌ｿ^q･邃?K7�*ﾎ)�ﾘﾘ�7�Xlﾇ[@\l	ｬ ｶV[ｫ�ﾕﾀ`-ｰｰ-ｰﾘX,I:gKﾅ｡ﾈ1A2w籤終ﾈﾟ	<q症$�'駿ﾜU�{$;｣��ﾍ	ｷｹ7ﾇQ裵鋿FﾆｪCpBpJpF0%��\ﾌ	.	WKＬ�ﾁ啻Cｰu0ｾ;･ﾈ-ﾁﾎﾁｰ｣ﾈ棧mC�ﾊﾞ�J�)G8�)ﾚ>Aﾟ'h�據��よｷｭﾜﾓ+ｭﾐ~滓慊�(<~��ﾃ､�)板t?ﾅ>ｿR� Nﾜｴ!rJpF0%��\ﾌ障K�,ｮ�ﾗ+�5ﾁ�>gK���ﾁﾁ棧&&｢#､c､h{+Lt\o�&捐�fF�a｢X���LｶﾑtNaﾚ�;ｦ�禛ｿ��^�板t焙"ｧﾆ偂貝鯉ﾑ	ﾎiﾚﾁ憫蛋ApEｰ$ｸ&Xｬ	6[Jﾙ�"ｷ;Jﾙ�"{７仟娵�｢體1ﾆ｢揵0�7ｾi榱ﾌﾞ*cﾑ煆倩j<諧_佩k��逸ﾂｻ�帙ｨ�MQ�qP
ﾓ��ｷS栢�L	f�s��ﾁﾁ亭啻Eｰ&ﾘlkjC措喜(rGｰ'h�	ｼi���)ﾚﾞ
ﾗ_晗0ｭo俊t\4ｿ=ﾊ敞>恤/LﾖYvﾎﾓ~xｼczﾊﾋ嵯+=ﾜ1�ﾞ#･0戳ﾊﾀ)M;#�ﾌﾎ	.�ﾊ｣|ﾎえ],	ｮ	Vk�}ﾎ籾�ﾝ�鵰�=EZaざXa"寒ｷ;&茅 Eﾟﾛ;ｦﾓ吶~;:ﾟ裴ｬﾐ睆ﾇDｱﾞ�g�ﾓｾ[��ｶｴ0�usｵｿ�	ｷS#･0ﾝﾏ?xﾇpJﾓﾎｦ3Ｔ��9ﾁ%ﾁも柿IpMｰ"Xlｶ嬪(rKｰs0ｼ�ﾜQdOﾐ
ﾘﾏ
Q4ｽ&茅8ﾟ｡�0ﾑﾌ閖+L謹ｷﾂDｱ昌ﾟｦ}ﾏ��G叫倍ｮﾖ嵯fﾁﾓ)板p筥風ﾟ9｣ﾈ覗FpNpA0w0ｼ�RdApEｰ$ｸv0莎r0�ｪ	6tﾌ籾�冒GpGｰ'h�	f���)ﾚﾞ裴ｸﾞ(w)Zﾟ裴ｸh~{�寿�ﾟ孵Fa昉ﾊ
SｸGｼｱo>=&yﾇt
･0愃i･0A芟"S�ﾁ9ﾁA霻�
eIｰ ｸ"X\ｬﾖ�-ﾙdC措�Mｻ｣ﾈ棧&ﾈ�&｢#､c､h{+Lt\4ｾｵP,Zﾟ
ﾅ｢ﾟ�tｿ/L�.ﾒ3
ﾓ}ﾓ鯏ｷｮ_ｾ貨ﾚ0ﾘ父ｾﾕｱ渠wL9･ﾈﾁ覗FpNpA0'ｸ$X\,	ｮ	Vk�ﾁﾖﾁkC措ﾃ滯錫示�	Zaﾂ>n､#､顫dこ閔{�;=gm�O�ｷﾂDｱh~+Lﾃg�ﾓｾﾙﾂtﾟ幀
Sl�8僴ﾝ�#蜴	z_'9u0xuF�)ﾁ呉憫�(ｧﾈ%ﾁも柿IpMｰ"Xlｶ�?n含��ﾋS�幺4ｭ&l寒ｷwLﾘ}o�	>ｮﾝ1E�a｢s渚昌ﾟ&菇�9�0\v蘆銷qﾔ｡�;t9�黒霞�ﾔﾁﾘﾈD�)Ef9'ｸ �\,ｮ�ﾗ+�5ﾁ��U,Mｺ%ﾘ��;
�	&	ﾒ､h珒験h�;?ﾜ$$31�/u8*ｯ剞｢�ｴ�}m:ｯrｨMl�>�:ﾔｦxﾗ茯ﾔ&��ｦﾈｩ�ｮ�"S�M;ｧﾈﾁ憫蛋ApEｰ$ｸ&Xｬ	6[纓�7ｺ%ﾘ9�｣ﾈ棧�&l�F:B:F:q�"�梶w~�!�]呼{_k�紵｣�ｭ6斟�O}m:ｯ�皞ｨ�濵��>�:ｴYﾆpG･6Q8EN	ﾎｦ3Ｔ�せΤ揄"�+�%ﾁ5ﾁ柿Mｰ｡ﾏﾙ:x-iﾞ-ﾁﾎ4��応豬邃-潯GHﾇH'Hｽ�$o}yﾙ�3{ﾊ�ｷ�&lﾄｾ6旛~9ﾔ�&ｶ�G勛SｰﾆﾈA)MﾔN全蜻ｦM)2｣cﾎ	.�Jiさ-hﾚﾁ亭啻Eｰ&ﾘﾐ輙午讌iｷ;嘛G�=A+Lﾘ�Mot4�ｩ|ｭ3｣�7Mt\ｴ~むｷﾂD3?諧_佩kﾟ�ｨi�|�<\鋤罟ﾃｲ9*負zﾀ)rJpF0%��\ﾌ	.	WKＬ�ﾁ啻Cｰu0�ﾛP莓`Gﾓ�(ｲ'h�	{ﾀ造鬲2a8Rｽjﾂp憖[_o呵慯�8w鉙ﾗyｿ5�ﾗﾃﾃkﾏcﾔｾ2ﾉ[phｻﾈﾘ8@p槇ｼiＤｦ4mFﾓﾎ)rA0'ｸ$X\,	ｮ	Vk�ﾁﾖAｹeｔmiﾚﾎﾁｸ?G�=A+Lﾘ師�]櫚\l,ﾞﾋtzﾎ�'2ｽ=�'Ba:暹�/ｧ\槞~.�)Gn吮/�8*ｷLﾔN全ﾐﾗ�ﾌﾎ髦肝)rI�ﾁﾁ亭啻Eg[SdCｰu0�ﾛP莓`遐ｼ�4ｭU&lG:B:F:A黨ｯo儂ﾏYｾ6�3｣a崑想�?V厥kﾟ��(�0崑哨�hﾀA)LﾔN全�3�)ﾁ呉憫ＡNpIｰ ｸ"X\ｬﾖく��慍･i;�;�=A+Lﾘ師д荊ぶ�>ﾞ紲莞Oﾐ＇于	ｩw�ﾃYL�5＼4∩z崑哨溷ｨ	ﾜEﾊｳ5⊇ﾈP)g4mJ0#8w0�Z8<怠ｴK�ﾁﾁ亭啻Eｰ&ﾘl陪&Hｦ湜ﾂ�(e=Mk�	崑綜錘鮮侵鰌ﾚKｦﾓsﾖﾂМ炬\���鯱/ｽ柾恤/L�5＼4∩z崑哨��{t�"･0A苳"gS�ﾁ9ﾁﾁ憫蛋ApEｰ$ｸ&Xｬ	6[���ﾁﾁ棧&lG:B完ｷ有t\ｦﾓXmﾀ&p<.zﾟ陷ｽ�ｹcｺ:ｯ	�0\^2ﾅ&ｨC｣eN件r'ｧgS�ﾁ9ﾁﾁ憫蛋ApEｰ$ｸ&Xｬ	6[聆�(r�ｸ�(rGｰ'�$Ho錘錘想ﾛﾋﾛo光ﾆ�;&窪�'��ﾍ毋�?V佩� ｿ� �<v�Gﾞ~ﾇﾂD?��"�ﾁ)ﾁﾁ覗FpNpA0'ｸ$X\,	ｮ	Vk�ﾁﾖﾁ�"ｷ;嘛G�=A+Lﾘ�衡д荊�}泛aｦO�ｷﾂDｱh~+Lﾃｱ璟鶴ｼﾃpｹc器ﾟﾇQC俊ﾊuS苳煬`J0#8'ｸ �\,ｮ�ﾗ+�5ﾁ��&pﾂ岬劜ﾚE�ｭ0a�7ﾒﾒ1ﾒ	R&侚pt~へｷﾂDWﾍo�|a:ｯj�U�=o璽)~eﾎA)Lﾔ濵全�3�)ﾁ呉憫ＡNpIｰ ｸ"X\ｬﾖく��7En	vﾆF&喜	Zaﾂﾞo､#､c､�<	曺
ﾓ�9ﾋ;&G･�	)zﾟ蟆�ﾓyｽﾟWCｽﾟ9�ｼc�ﾑｱ渠G9�R芟`J0#8'ｸ �\,ｮ�ﾗ+�5ﾁ��ｼcＥoiﾚ錫餐Oﾐ
ｶ~#!Eﾗ'ｫ�NﾏJﾚ閖ｻc｢ﾏ謹ｷﾂDｱ昌ﾟｦ}訐o�ｾｺoﾚ<ｦW痙ﾜGｾc｢ﾖo)�	"ｧ9#�ﾌﾎ	.���+�%ﾁ5ﾁ柿Mｰ!ﾘ:(俊ﾔⅣﾓvw{７于����ｩ&:gtｾ&l�F頑ｷGｹ癨}a:ｯ�ﾟﾓｦﾘ僘ｵ/L�濡9�ｦﾈ)ﾁﾁ覗FpNpA0w0ﾘiI�ﾁﾁ亭啻Eg[SdCｰuP逸ﾀ	[垳｣ｳﾝQdOﾐ
v~#!#� ﾗﾂD?ﾎｷﾂD�ｽowL葈礼a:ｯjｨ"v~G�S��板D旻9%8#�ﾌﾎ	.�JaｋPﾐｴ+�%ﾁ5ﾁ柿Mｰ｡ﾏﾙ:(�ｨ勺ﾜﾑ	�i�糺��!#� ﾗﾂD�ﾙ閖+L謹ｷﾂDｱﾞ�%ﾀｦ�:ｿｯ�:ｿ/b銷qﾔ�;&�v沢(G旻.2$hFﾓｦ3Ｔ�:｡�"��+�%ﾁ5ﾁ柿Mｰ!ﾘﾒﾚP莓`Gﾓ�(ｲ'h�	;ｿ綜錘鮮侵造] ;ｿ造0ﾑﾌ昌ﾟｦ�:ｿｯ�:ｿ/b銷qﾔ`�%u~ｻH)Lﾔ�3�)ﾁ呉憫ＡNpIｰ ｸ"X\ｬﾖく�(ﾉﾞﾒｴﾁﾁ棧&�F:B:F:A:･吃ｻrﾔﾛ歳ｷ;&恝閘+Lﾘ��ﾈYｹﾂt}^銷ax�ｺ�ﾟﾇQ鈐*ﾎﾁ�(GpBp鸛ｼc｢ﾈ�"3栢\ﾌ	.	WKＬ�ﾁ啻Cｰu0&含�ﾚE���ﾒﾒ1Rｴ}竈ｿ�6s3ﾋ�瀲ﾑ�	z?A�'ﾞ�g�ﾓy旻ﾗC旻�璽u~ｻﾈxﾇDp槇&8fJﾓf4弴"s��ﾁﾁ亭啻Eｰ&ﾘlwﾝ含�迎L煩棣ｵﾂ�ﾟHGHﾇH'Hｽ�gO鞳&顰ﾄ[?�<&ｺVﾞ�楯%褝ｼﾎ�pｹc茅ﾟﾇQ�｝ｵF写-ｵ~S苳煬`J0#8'ｸ 傴K菫ｵｳ､ﾈも柿IpMｰ｢ｳｭ)ｲ!ﾘ�