開票区名,選挙当日有権者数男,選挙当日有権者数女,選挙当日有権者数計,投票者数男,投票者数女,投票者数計,棄権者数男,棄権者数女,棄権者数計,投票率男,投票率女,投票率平均,投票率順位,前回投票率男,前回投票率女,前回投票率平均
★都計,5422419,5658738,11081157,2766349,2915515,5681864,2656070,2743223,5399293,51.02,51.52,51.28,-,43.13,43.86,43.50
☆区部計,3710865,3887688,7598553,1883519,2001889,3885408,1827346,1885799,3713145,50.76,51.49,51.13,-,43.07,44.13,43.61
☆市部計,1676094,1736056,3412150,863670,895088,1758758,812424,840968,1653392,51.53,51.56,51.54,-,43.18,43.19,43.18
☆郡部計,24313,24323,48636,11774,11507,23281,12539,12816,25355,48.43,47.31,47.87,-,40.41,39.76,40.09
☆島部計,11147,10671,21818,7386,7031,14417,3761,3640,7401,66.26,65.89,66.08,-,60.85,61.46,61.15
☆区部計,3710865,3887688,7598553,1883519,2001889,3885408,1827346,1885799,3713145,50.76,51.49,51.13,-,43.07,44.13,43.61
千代田区,23730,24172,47902,12718,13281,25999,11012,10891,21903,53.59,54.94,54.28,19,42.21,43.03,42.63
中央区,57481,65035,122516,29442,32722,62164,28039,32313,60352,51.22,50.31,50.74,41,40.93,40.69,40.81
港区,88924,105460,194384,40066,46135,86201,48858,59325,108183,45.06,43.75,44.35,61,33.45,31.73,32.52
新宿区,130303,131521,261824,62704,66473,129177,67599,65048,132647,48.12,50.54,49.34,49,40.92,43.53,42.23
文京区,81225,91930,173155,46104,51724,97828,35121,40206,75327,56.76,56.26,56.50,11,46.50,45.98,46.22
台東区,80789,76925,157714,40979,40177,81156,39810,36748,76558,50.72,52.23,51.46,35,41.59,43.49,42.52
墨田区,109033,110281,219314,56117,57336,113453,52916,52945,105861,51.47,51.99,51.73,33,44.42,46.22,45.32
江東区,198939,205240,404179,107458,113061,220519,91481,92179,183660,54.02,55.09,54.56,16,46.05,47.58,46.82
品川区,155091,163469,318560,79722,85918,165640,75369,77551,152920,51.40,52.56,52.00,30,42.31,43.11,42.72
目黒区,106419,122900,229319,53963,61528,115491,52456,61372,113828,50.71,50.06,50.36,45,41.70,40.45,41.03
大田区,295826,299470,595296,149402,152637,302039,146424,146833,293257,50.50,50.97,50.74,41,43.86,45.13,44.50
世田谷区,346337,395868,742205,179871,201104,380975,166466,194764,361230,51.94,50.80,51.33,37,44.32,43.62,43.95
渋谷区,87778,97947,185725,40290,45145,85435,47488,52802,100290,45.90,46.09,46.00,60,36.00,35.36,35.66
中野区,137293,136107,273400,68011,70666,138677,69282,65441,134723,49.54,51.92,50.72,43,41.62,44.60,43.10
杉並区,223982,248085,472067,115656,127073,242729,108326,121012,229338,51.64,51.22,51.42,36,43.12,42.94,43.03
豊島区,113484,112813,226297,55320,58097,113417,58164,54716,112880,48.75,51.50,50.12,46,41.19,43.47,42.32
北区,139143,142985,282128,78082,83180,161262,61061,59805,120866,56.12,58.17,57.16,10,47.62,50.12,48.89
荒川区,82436,83519,165955,42962,44887,87849,39474,38632,78106,52.12,53.74,52.94,26,44.92,47.42,46.17
板橋区,224773,232814,457587,114573,121563,236136,110200,111251,221451,50.97,52.21,51.60,34,42.98,44.61,43.80
練馬区,288298,307637,595935,149849,159959,309808,138449,147678,286127,51.98,52.00,51.99,31,44.96,45.59,45.28
足立区,277544,275933,553477,138480,143351,281831,139064,132582,271646,49.89,51.95,50.92,39,43.34,46.23,44.78
葛飾区,185269,186626,371895,91741,94060,185801,93528,92566,186094,49.52,50.40,49.96,47,43.25,45.24,44.25
江戸川区,276768,270951,547719,130009,131812,261821,146759,139139,285898,46.97,48.65,47.80,56,41.39,43.15,42.26
☆市部計,1676094,1736056,3412150,863670,895088,1758758,812424,840968,1653392,51.53,51.56,51.54,-,43.18,43.19,43.18
八王子市,231142,232755,463897,120451,123055,243506,110691,109700,220391,52.11,52.87,52.49,27,46.76,47.61,47.19
立川市,74198,75388,149586,35726,36084,71810,38472,39304,77776,48.15,47.86,48.01,54,38.24,37.21,37.72
武蔵野市,57054,63678,120732,31091,34438,65529,25963,29240,55203,54.49,54.08,54.28,19,44.24,43.75,43.98
三鷹市,74124,78701,152825,38858,40729,79587,35266,37972,73238,52.42,51.75,52.08,29,42.30,41.59,41.94
青梅市,57145,56958,114103,29077,28915,57992,28068,28043,56111,50.88,50.77,50.82,40,37.57,37.28,37.42
府中市,105287,104151,209438,53155,53079,106234,52132,51072,103204,50.49,50.96,50.72,43,40.67,40.41,40.54
昭島市,46089,46626,92715,21921,21813,43734,24168,24813,48981,47.56,46.78,47.17,57,39.60,39.50,39.55
町田市,170986,181003,351989,92567,98511,191078,78419,82492,160911,54.14,54.43,54.29,18,46.98,47.43,47.21
小金井市,48335,50292,98627,23537,24258,47795,24798,26034,50832,48.70,48.23,48.46,51,40.94,40.89,40.91
小平市,75345,78957,154302,36511,37598,74109,38834,41359,80193,48.46,47.62,48.03,53,37.71,36.84,37.27
日野市,75471,75472,150943,37662,37201,74863,37809,38271,76080,49.90,49.29,49.60,48,43.37,42.13,42.75
西東京市,79547,85243,164790,39670,41379,81049,39877,43864,83741,49.87,48.54,49.18,50,39.48,38.64,39.05
☆西多摩,104609,104410,209019,49960,48710,98670,54649,55700,110349,47.76,46.65,47.21,-,42.92,42.95,42.94
福生市,23574,23654,47228,11467,11176,22643,12107,12478,24585,48.64,47.25,47.94,55,39.00,38.07,38.54
羽村市,23301,22526,45827,10920,10617,21537,12381,11909,24290,46.86,47.13,47.00,58,33.81,32.88,33.35
あきる野市,33421,33907,67328,15799,15410,31209,17622,18497,36119,47.27,45.45,46.35,59,54.01,55.51,54.77
☆西多摩郡計,24313,24323,48636,11774,11507,23281,12539,12816,25355,48.43,47.31,47.87,-,40.41,39.76,40.09
瑞穂町,14088,13695,27783,5996,5816,11812,8092,7879,15971,42.56,42.47,42.52,62,32.95,32.75,32.85
日の出町,6831,7191,14022,3762,3775,7537,3069,3416,6485,55.07,52.50,53.75,23,47.60,45.80,46.68
檜原村,1039,1032,2071,656,614,1270,383,418,801,63.14,59.50,61.32,9,59.64,57.21,58.43
奥多摩町,2355,2405,4760,1360,1302,2662,995,1103,2098,57.75,54.14,55.92,12,53.33,51.72,52.51
☆南多摩,96037,99034,195071,52209,53519,105728,43828,45515,89343,54.36,54.04,54.20,-,46.25,46.24,46.24
多摩市,60262,63533,123795,32767,34201,66968,27495,29332,56827,54.37,53.83,54.10,21,46.08,45.55,45.81
稲城市,35775,35501,71276,19442,19318,38760,16333,16183,32516,54.35,54.42,54.38,17,46.55,47.50,47.02
☆北多摩第一,124203,129132,253335,64189,68600,132789,60014,60532,120546,51.68,53.12,52.42,-,44.97,46.86,45.93
東村山市,60492,64320,124812,32069,34703,66772,28423,29617,58040,53.01,53.95,53.50,24,46.50,47.82,47.18
東大和市,34777,35850,70627,18452,19518,37970,16325,16332,32657,53.06,54.44,53.76,22,45.86,47.53,46.71
武蔵村山市,28934,28962,57896,13668,14379,28047,15266,14583,29849,47.24,49.65,48.44,52,40.65,43.86,42.26
☆北多摩第二,79448,83609,163057,42858,44927,87785,36590,38682,75272,53.94,53.73,53.84,-,45.91,46.05,45.98
国分寺市,49099,51315,100414,26957,28296,55253,22142,23019,45161,54.90,55.14,55.03,14,47.34,47.93,47.64
国立市,30349,32294,62643,15901,16631,32532,14448,15663,30111,52.39,51.50,51.93,32,43.62,43.07,43.34
☆北多摩第三,125043,133024,258067,66489,71523,138012,58554,61501,120055,53.17,53.77,53.48,-,40.64,39.89,40.26
調布市,92383,97732,190115,48544,52214,100758,43839,45518,89357,52.55,53.43,53.00,25,39.75,39.03,39.38
狛江市,32660,35292,67952,17945,19309,37254,14715,15983,30698,54.94,54.71,54.82,15,43.16,42.32,42.73
☆北多摩第四,76344,81946,158290,39513,42256,81769,36831,39690,76521,51.76,51.57,51.66,-,42.82,42.78,42.80
清瀬市,29392,32104,61496,15477,16757,32234,13915,15347,29262,52.66,52.20,52.42,28,44.81,44.96,44.89
東久留米市,46952,49842,96794,24036,25499,49535,22916,24343,47259,51.19,51.16,51.18,38,41.58,41.36,41.47
☆島部計,11147,10671,21818,7386,7031,14417,3761,3640,7401,66.26,65.89,66.08,-,60.85,61.46,61.15
大島支庁小計,5387,5383,10770,3767,3748,7515,1620,1635,3255,69.93,69.63,69.78,-,67.87,67.43,67.65
大島町,3316,3299,6615,2321,2373,4694,995,926,1921,69.99,71.93,70.96,3,68.74,69.96,69.36
利島村,136,114,250,123,89,212,13,25,38,90.44,78.07,84.80,1,88.32,84.03,86.33
新島村,1144,1212,2356,807,796,1603,337,416,753,70.54,65.68,68.04,4,68.16,63.66,65.80
神津島村,791,758,1549,516,490,1006,275,268,543,65.23,64.64,64.95,6,60.25,59.92,60.09
三宅支庁小計,1340,1137,2477,886,724,1610,454,413,867,66.12,63.68,65.00,-,60.14,61.38,60.71
三宅村,1214,1024,2238,784,634,1418,430,390,820,64.58,61.91,63.36,8,58.51,58.87,58.68
御蔵島村,126,113,239,102,90,192,24,23,47,80.95,79.65,80.33,2,76.56,84.75,80.49
八丈支庁小計,3280,3263,6543,2087,2081,4168,1193,1182,2375,63.63,63.78,63.70,-,54.82,55.77,55.30
八丈町,3197,3205,6402,2029,2044,4073,1168,1161,2329,63.47,63.78,63.62,7,54.51,55.52,55.01
青ヶ島村,83,58,141,58,37,95,25,21,46,69.88,63.79,67.38,5,67.47,70.69,68.79
小笠原支庁小計,1140,888,2028,646,478,1124,494,410,904,56.67,53.83,55.42,-,45.81,44.46,45.23
小笠原村,1140,888,2028,646,478,1124,494,410,904,56.67,53.83,55.42,13,45.81,44.46,45.23
 wK��胆厨A��ｷｸopS我ﾅ��|ｲ�ﾑ�U�/Vｷ惞[ﾂﾄ��｣�佶ﾗC�oﾄｿ�F鞦ﾋｴｩ%o=�*ｯ�ｺﾊ~]:��JY]:���;ｿt&珵ｰｸt&ｻ飫ｾ閑･Weｷｴｾt&ｻ�gｲf5緑dYl.數ｲh/忱�=ﾒ呷ﾉo/慄sﾟ%�譓ｲｼ緑dy/數�:]:踏sｾt&�螻ｸt(ｿ.z愾ﾓ�Kｾ��;ﾝ^ｻ�eI琉ﾝ｣,�%�gTﾜ^ﾅｫ�ｾｸｽy鬧冰､ｸｽz鬘ｬ$ﾅ泚Keyｷ�/=�^ﾜﾞｾ難����ﾜ�=��ﾞﾘ����ﾗｿﾎｽ|�*$'ﾆ9Lr(s俶0ﾋ｡ﾊa榲"㌃ｫ�ﾖ949lrhs鑽ﾘ豌ﾋa淌!㌘ｧﾎ9�
!ｼ�
�+ﾈｯ ﾀ�",ﾈｰ ﾄ穗蟹冊?ﾑ5瑢'5ﾎa氾8⑩eﾓf9T9ﾌsX莢ﾌa匹敕:�&⑭m]ﾛv9�8舊ﾌ癆ﾃ9�@^!Ц真A|�X秦A�ЧﾜM1ｩ��q@出�'EFFﾈ� %2EfH��ｲDVH混�ﾙ -ﾒ![d��rDNﾈ�?�;p7ﾔ笊dｬ�[詫aｴ��蕨aｼｱkﾜﾒｶ�￢鄙k�ｰ凭ﾛFFﾈ� %2EfH��ｲDVH混�ﾙ -ﾒ![d��rDNﾈ恩遑Fﾛ!c左sﾊ`｣弴2ﾚh;ｧ7ﾚﾎ)纃ｶﾟ9文=��Hﾛ鏞鴒F�ｦ��n� %2EfH��ｲDVH混�ﾙ -ﾒ![d��rDNﾈ恩轣Eﾛ!c左sﾊ`｣弴2ﾚh;ｧ7ﾚﾎ)纃ｶﾟ9文}ﾘtu娘綿#､Dｦﾈｩ�9ｲ@綿
ｩ�5ﾒ ､E:d駆�=r@縞	9#ﾑ�<ﾔh;dｬﾑvNlｴ抓Fm逕瓰ﾛ9eｼﾑ�;ｧﾒｶﾇｴ8艝{<�ﾞ寨(ﾖｪ�{.ﾎ畔�!2GﾈY!5ｲFdΧH㌫�ｲGﾈ9!g$ﾚ槁m㈹5ﾚﾎ)ロｶsﾊh｣弴2ﾜh;ｧ�7ﾚ~躓ﾚ馴ﾝ�ｹ厚ｩ(﨟L.ﾎ畔�!2GﾈY!5ｲFdΧH㌫�ｲGﾈ9!g$ﾚ槁m㈹5ﾚﾎ)ロｶsﾊh｣弴2ﾜh;ｧ�7ﾚ~躓ﾚﾞﾐk鞏ｶ�2�!o{.ﾎ畔�!2GﾈY!5ｲFdΧH㌫�ｲGﾈ9!g$ﾚ槁m㈹5ﾚﾎ)ロｶsﾊh｣弴2ﾜh;ｧ�7ﾚ~躓ﾚ�ﾐSﾞﾝｶ�2漢�+o{.ﾎ畔�!2GH�ｷﾙgｸBjd�4ﾈi�ﾙ";d��#rBﾎHｴ=ﾑvﾈX｣弴2ﾘh;ｧ�6ﾚﾎ)ﾃ左sﾊx釤ｳ傔ｾiﾛ�l@ﾛ��UiｷGﾈ� %2EfH��ｲDVH混�ﾙ -ﾒ![d��rDNﾈ恩ｻ繰ﾆm辣m逕ﾑFﾛ9eｸﾑvNoｴ�ﾎｩｴ��T6�凞ｲ*�2F&H鵜�R!sd�,�R#k､A6H逆ﾈﾙ!{艢�rF｢�ｨ蝶Fﾛy｡ﾁFﾛ9eｴﾑvNnｴ抓ﾆmｿs*i{�ｮCﾚ~s<�3dъ�	R"Sd�ﾈY Kd�ﾈi�ﾒ"ｲEvﾈ9 G舮恆｢真IﾆZ鰐aｰ�F[藁aｸ�ﾆ[$mｶ･>bKEFﾈ� %2EfH��ｲDVH混�ﾙ -ﾒ![d��rDNﾈ恩ｻ･JﾆmwK畢6ﾚﾎﾍ6ﾚﾎ)ﾓ左s*ﾉ7m赶-5~�2靕vdъ�	R"Sd�ﾈY Kd�ﾈi�ﾒ"ｲEvﾈ9 G舮恆hｻ[ｪdｬﾑvｷTﾉd｣晴ﾐl｣弴2ﾝh;ｧ竹ﾓｶﾛRｱ･"#d鍬��"3､B貶Y"+､FﾖHネ�髏-ｲC9"'芟DﾛﾝR%c左ｻ･J&m辣fm逕颶ﾛ9穂峺}ﾘ目�xhｺ･"#d鍬��"3､B貶Y"+､FﾖHネ�髏-ｲC9"'芟DﾛﾝR%c左ｻ･J&m辣fm逕颶ﾛ9穂峺}ﾘ奔�H�*�-�3cdｔﾈ�!2GﾈY!5ｲFdΧH㌫�ｲGﾈ9!g$ﾚ軏*�$s坐J蠖L6ﾚﾎ)ｳ左sﾊt｣弴Jﾛ>lK}ﾄ槙倹12AJd肝�
�#d荻�Y#ｲAZ､Cｶﾈﾙ#艾恊3mwK阜5ｾｷｻ･J&m辣fm逕颶ﾛ9穂峺}ﾘ目�填ｲﾟﾉｰ･rf鍬��"3､B貶Y"+､FﾖHネ�髏-ｲC9"'芟DﾛﾝR･租ｮ暝2ﾙh;ｧﾌ6ﾚﾎ)ﾓ左s*ﾉ7m赶-�[*2Bﾆﾈ)�)2C*d�,�%ｲBjd�4ﾈi�ﾙ";d��#rBﾎHｴﾝ-U2ﾖ軏*冤ｴ�嗄ｴ抓ｦm躓弛ﾚ[�#ｶTdъ�	R"Sd�ﾈY Kd�ﾈi�ﾒ"ｲEvﾈ9 G舮恆hｻ[ｪdｬﾑvｷTﾉd｣晴ﾐl｣弴2ﾝh;ｧ竹童?ｶ･ﾞO�*!cdｔﾈ�!2GﾈY!5ｲFdΧH㌫�ｲGﾈ9!g､(､W蝶觧laｲ�ﾆ?ｽ��5ﾜﾂt�-竹ﾓｶﾛRｳ･"#d鍬��"3､B貶Y"+､FﾖHネ�髏-ｲC9"'芟DﾛﾝR%c左ｻ･J&mwK�7ﾚ隝･JIｾiﾛ㍊ｩ詔R�2F&H鵜�R!sd�,�R#k､A6H逆ﾈﾙ!{艢�rF｢匤ｩ蝶FﾛﾝR%桃ｶｻ･J�mR･$ﾟｴ朎ｶﾔﾇlｩﾈ#､Dｦﾈｩ�9ｲ@綿
ｩ�5ﾒ ､E:d駆�=r@縞	9#ﾑvｷTﾉX｣匤ｩ痛FﾛﾝR%ﾃ左皛ｩR弛ﾚ[鹹ｶTdъ�	R"Sd�ﾈY Kd�ﾈi�ﾒ"ｲEvﾈ9 G舮恆hｻ[ｪdｬﾑvｷTﾉd｣匤ｩ低Fﾛ�ｹT)ﾉ7m赶->\ｽBFﾈ� %2EfH��ｲDVH混�ﾙ -ﾒ![d��rDNﾈ恩ｻ･JﾆmR%桃ｶｻ･J�mR･$ﾟｴ朎ｶﾔﾇlｩﾈ#､Dｦﾈｩ�9ｲ@綿
ｩ�5ﾒ ､E:d駆�=r@縞	9#ﾑvｷTﾉX｣匤ｩ痛FﾛﾝR%ﾃ左皛ｩR弛ﾚ[鹹ｶTdъ�	R"Sd�ﾈY Kd�ﾈi�ﾒ"ｲEvﾈ9 G舮恆hｻ[ｪdｬﾑv.U2ﾙhｻ[ｪdｸﾑv.UJﾛ>lK��ｿYﾒｿs !cdｔﾈ�!2GﾈY!5ｲFdΧH㌫�ｲGﾈ9!g$ﾚ軏*kｴﾝ-U2ﾙhｻ[ｪdｸﾑv.UJﾛ>lK��O佐ｶｩ�#､Dｦﾈｩ�9ｲ@綿
ｩ�5ﾒ ､E:d駆�=r@縞	9#ﾑvｷTi$冖ｬKｼ遼FﾛﾝR%ﾃ左皛ｩR弛ﾒ�'ﾃｶﾔ帙ﾉ槙倹12AJd肝�
�#d荻�Y#ｲAZ､Cｶﾈﾙ#艾恊3Rﾒ+ﾉXs-ｶ0ﾙﾂhｳ-ｷ0ﾝﾂx�$ﾟｴ朎ｶﾔ'lｩﾈ#､Dｦﾈｩ�9ｲ@綿
ｩ�5ﾒ ､E:d駆�=r@縞	9#ﾑvｷTﾉX｣匤ｩ痛FﾛﾝR%ﾃ左ｻ･JIｾiﾛ㍊ｩOﾘR�2F&H鵜�R!sd�,�R#k､A6H逆ﾈﾙ!{艢�rF｢匤ｩ蝶FﾛﾝR%桃ｶｻ･J�mwK葡|ﾓｶﾛR涓･"#d鍬��"3､B貶Y"+､FﾖHネ�髏-ｲC9"'芟DﾛﾝR%c左ｻ･J&mwK�7ﾚ軏*%mｶ･>aKEFﾈ� %2EfH��ｲDVH混�ﾙ -ﾒ![d��rDNﾈ恩ｻ･JﾆmwK畢6ﾚ軏*nｴﾝ-UJﾛ>lK}ﾂ槙倹12AJd肝�
�#d荻�Y#ｲAZ､Cｶﾈﾙ#艾恊3mwK阜5ﾚ軏*冤ｴﾝ-U2ﾜhｻ[ｪ比峺}ﾘ愈�-!cdｔﾈ�!2GﾈY!5ｲFdΧH㌫�ｲGﾈ9!g$ﾚ軏*kｴﾝ-U2ﾙhｻ[ｪdｸﾑvｷT)ﾉ7m赶-�	[*2Bﾆﾈ)�)2C*d�,�%ｲBjd�4ﾈi�ﾙ";d��#rBﾎHｴﾝ-U2ﾖhｻ[ｪdｲﾑvｷTﾉp｣匤ｩR弛ﾚ[�ｶTdъ�	R"Sd�ﾈY Kd�ﾈi�ﾒ"ｲEvﾈ9 G舮恆hｻ[ｪdｬﾑvｷTﾉd｣匤ｩ低FﾛﾝR･$ﾟｴ朎ｶﾔ'lｩﾈ#､Dｦﾈｩ�9ｲ@綿
ｩ�5ﾒ ､E:d駆�=r@縞	9#ﾑvｷTﾉX｣��\ｪdｲﾑvｷTﾉp｣匤ｩR弛ﾒﾃｶﾔ帙ﾉ槙倹12AJd肝�
�#d荻�Y#ｲAZ､Cｶﾈﾙ#艾恊3Rﾒ+ﾉXs-ｶ0ﾙﾂhｳ-ｷ0ﾝﾂx�$ﾟｴ朎ｶﾔｧlｩﾈ#､Dｦﾈｩ�9ｲ@綿
ｩ�5ﾒ ､E:d駆�=r@縞	9#ﾑvｷTﾉX｣匤ｩ痛FﾛﾝR%ﾃ左ｻ･JIｾiﾛ㍊ｩOﾙR�2F&H鵜�R!sd�,�R#k､A6H逆ﾈﾙ!{艢�rF｢匤ｩ蝶FﾛﾝR%桃ｶｻ･J�mwK葡|ﾓｶﾛR浚･"#d鍬��"3､B貶Y"+､FﾖHネ�髏-ｲC9"'芟DﾛﾝR%c左ｻ･J&mwK�7ﾚ軏*%mｶ･>eKEFﾈ� %2EfH��ｲDVH混�ﾙ -ﾒ![d��rDNﾈ恩ｻ･JﾆmwK畢6ﾚ軏*nｴﾝ-UJﾛ>lK}ﾊ槙倹12AJd肝�
�#d荻�Y#ｲAZ､Cｶﾈﾙ#艾恊3mwK阜5ﾚ軏*冤ｴﾝ-U2ﾜhｻ[ｪ比峺}ﾘ愈�-!cdｔﾈ�!2GﾈY!5ｲFdΧH㌫�ｲGﾈ9!g$ﾚ軏*kｴﾝ-U2ﾙhｻ[ｪdｸﾑvｷT)ﾉ7m赶-�)[*2Bﾆﾈ)�)2C*d�,�%ｲBjd�4ﾈi�ﾙ";d��#rBﾎHｴﾝ-U2ﾖhｻ[ｪdｲﾑvｷTﾉp｣匤ｩR弛ﾚ[鶸ｶTdъ�	R"Sd�ﾈY Kd�ﾈi�ﾒ"ｲEvﾈ9 G舮恆hｻ[ｪdｬﾑvｷTﾉd｣匤ｩ低FﾛﾝR･$ﾟｴ朎ｶﾔｧlｩﾈ#､Dｦﾈｩ�9ｲ@綿
ｩ�5ﾒ ､E:d駆�=r@縞	9#ﾑvｷTﾉX｣匤ｩ痛FﾛﾝR%ﾃ左ｻ･JIｾIﾛ�ﾛRo�'[*2Bﾆﾈ)�)2C*d�,�%ｲBjd�4ﾈi�ﾙ";d��#rBﾎHQHｯ$c-ﾌｵ0ﾘﾂd｣-ﾌｶ0ﾜﾂt�-竹ﾓｶﾛR浤･"#d鍬��"3､B貶Y"+､FﾖHネ�髏-ｲC9"'芟DﾛﾝR%c左ｻ･J&mwK�7ﾚ軏*%mｶ･>cKEFﾈ� %2EfH��ｲDVH混�ﾙ -ﾒ![d��rDNﾈ恩ｻ･JﾆmwK畢6ﾚ軏*nｴﾝ-UJﾛ>lK}ﾆ槙倹12AJd肝�
�#d荻�Y#ｲAZ､Cｶﾈﾙ#艾恊3mwK阜5ﾚ軏*冤ｴﾝ-U2ﾜhｻ[ｪ比峺}ﾘ愈�-!cdｔﾈ�!2GﾈY!5ｲFdΧH㌫�ｲGﾈ9!g$ﾚ軏*kｴﾝ-U2ﾙhｻ[ｪdｸﾑvｷT)ﾉ7m赶-�[*2Bﾆﾈ)�)2C*d�,�%ｲBjd�4ﾈi�ﾙ";d��#rBﾎHｴﾝ-U2ﾖhｻ[ｪdｲﾑvｷTﾉp｣匤ｩR弛ﾚ[�3ｶTdъ�	R"Sd�ﾈY Kd�ﾈi�ﾒ"ｲEvﾈ9 G舮恆hｻ[ｪdｬﾑvｷTﾉd｣匤ｩ低FﾛﾝR･$ﾟｴ朎ｶﾔglｩﾈ#､Dｦﾈｩ�9ｲ@綿
ｩ�5ﾒ ､E:d駆�=r@縞	9#ﾑvｷTﾉX｣匤ｩ痛FﾛﾝR%ﾃ左ｻ･JIｾiﾛ㍊ｩﾏﾘR�2F&H鵜�R!sd�,�R#k､A6H逆ﾈﾙ!{艢�rF｢匤ｩ蝶FﾛﾝR%桃ｶｻ･J�mwK葡|ﾓｶﾛR浤･"#d鍬��"3､B貶Y"+､FﾖHネ�髏-ｲC9"'芟DﾛﾝR%c左ｻ･J&mwK�7ﾚ軏*%�&m>lKｽ9柩ｩﾈ#､Dｦﾈｩ�9ｲ@綿
ｩ�5ﾒ ､E:d駆�=r@縞	9#E!ｽ柱ｵ0ﾗﾂ`�-幻0ﾛﾂpﾓ-弦Hﾛ>lK}ﾎ槙倹12AJd肝�
�#d荻�Y#ｲAZ､Cｶﾈﾙ#艾恊3mwK阜5ﾚ軏*冤ｴﾝ-U2ﾜhｻ[ｪ比峺}ﾘ愈�-!cdｔﾈ�!2GﾈY!5ｲFdΧH㌫�ｲGﾈ9!g$ﾚ軏*kｴﾝ-U2ﾙhｻ[ｪdｸﾑvｷT)ﾉ7m赶-�9[*2Bﾆﾈ)�)2C*d�,�%ｲBjd�4ﾈi�ﾙ";d��#rBﾎHｴﾝ-U2ﾖhｻ[ｪdｲﾑvｷTﾉp｣匤ｩR弛ﾚ[黌ｶTdъ�	R"Sd�ﾈY Kd�ﾈi�ﾒ"ｲEvﾈ9 G舮恆hｻ[ｪdｬﾑvｷTﾉd｣匤ｩ低FﾛﾝR･$ﾟｴ朎ｶﾔ輙ｩﾈ#､Dｦﾈｩ�9ｲ@綿
ｩ�5ﾒ ､E:d駆�=r@縞	9#ﾑvｷTﾉX｣匤ｩ痛FﾛﾝR%ﾃ左ｻ･JIｾiﾛ㍊ｩﾏﾙR�2F&H鵜�R!sd�,�R#k､A6H逆ﾈﾙ!{艢�rF｢匤ｩ蝶FﾛﾝR%桃ｶｻ･J�mwK葡|ﾓｶﾛR浹･"#d鍬��"3､B貶Y"+､FﾖHネ�髏-ｲC9"'芟DﾛﾝR%c左ｻ･J&mwK�7ﾚ軏*%mｶ･>gKEFﾈ� %2EfH��ｲDVH混�ﾙ -ﾒ![d��rDNﾈ恩ｻ･JﾆmwK畢6ﾚ軏*nｴﾝ-UJﾛ>lK}ﾎ槙倹12AJd肝�
�#d荻�Y#ｲAZ､Cｶﾈﾙ#艾恊3mwK阜5ﾚ軏*冤ｴﾝ-U2ﾜhｻ[ｪ比峩�ﾅｰ-xｲ･"#d鍬��"3､B貶Y"+､FﾖHネ�髏-ｲC9"'芟�J2ﾖﾂ\�-Lｶ0ﾚﾂlﾃ-Lｷ0ﾞ"ﾉ7m赶-�[*2Bﾆﾈ)�)2C*d�,�%ｲBjd�4ﾈi�ﾙ";d��#rBﾎHｴﾝ-U2ﾖhｻ[ｪdｲﾑvｷTﾉp｣匤ｩR弛ﾚ[�ｶTdъ�	R"Sd�ﾈY Kd�ﾈi�ﾒ"ｲEvﾈ9 G舮恆hｻ[ｪdｬﾑvｷTﾉd｣匤ｩ低FﾛﾝR･$ﾟｴ朎ｶﾔlｩﾈ#､Dｦﾈｩ�9ｲ@綿
ｩ�5ﾒ ､E:d駆�=r@縞	9#ﾑvｷTﾉX｣匤ｩ痛FﾛﾝR%ﾃ左ｻ･JIｾiﾛ㍊ｩ/ﾘR�2F&H鵜�R!sd�,�R#k､A6H逆ﾈﾙ!{艢�rF｢匤ｩ蝶FﾛﾝR%桃ｶｻ･J�mwK葡|ﾓｶﾛR_ｰ･"#d鍬��"3､B貶Y"+､FﾖHネ�髏-ｲC9"'芟DﾛﾝR%c左ｻ･J&mwK�7ﾚ軏*%mｶ･ｾ`KEFﾈ� %2EfH��ｲDVH混�ﾙ -ﾒ![d��rDNﾈ恩ｻ･JﾆmwK畢6ﾚ軏*nｴﾝ-UJﾛ>lK}ﾁ槙倹12AJd肝�
�#d荻�Y#ｲAZ､Cｶﾈﾙ#艾恊3mwK阜5ﾚ軏*冤ｴﾝ-U2ﾜhｻ[ｪ比峺}ﾘ愈�-!cdｔﾈ�!2GﾈY!5ｲFdΧH㌫�ｲGﾈ9!g$ﾚ軏*kｴﾝ-U2ﾙhｻ[ｪdｸﾑvｷT)ﾉ7m赶-�[*2Bﾆﾈ)�)2C*d�,�%ｲBjd�4ﾈi�ﾙ";d��#rBﾎHｴﾝ-U2ﾖhｻ[ｪdｲﾑvｷTﾉp｣匤ｩR弛ﾒﾃｶﾔ帙ﾉ槙倹12AJd肝�
�#d荻�Y#ｲAZ､Cｶﾈﾙ#艾恊3Rﾒ+ﾉXs-ｶ0ﾙﾂhｳ-ｷ0ﾝﾂx�$ﾟｴ朎ｶﾔ様ｩﾈ#､Dｦﾈｩ�9ｲ@綿
ｩ�5ﾒ ､E:d駆�=r@縞	9#ﾑvｷTﾉX｣匤ｩ痛FﾛﾝR%ﾃ左ｻ･JIｾiﾛ㍊ｩ/ﾙR�2F&H鵜�R!sd�,�R#k､A6H逆ﾈﾙ!{艢�rF｢匤ｩ蝶FﾛﾝR%桃ｶｻ･J�mwK葡|ﾓｶﾛR_ｲ･"#d鍬��"3､B貶Y"+､FﾖHネ�髏-ｲC9"'芟DﾛﾝR%c左ｻ･J&mwK�7ﾚ軏*%mｶ･ｾdKEFﾈ� %2EfH��ｲDVH混�ﾙ -ﾒ![d��rDNﾈ恩ｻ･JﾆmwK畢6ﾚ軏*nｴﾝ-UJﾛ>lK}ﾉ槙倹12AJd肝�
�#d荻�Y#ｲAZ､Cｶﾈﾙ#艾恊3mwK阜5ﾚ軏*冤ｴﾝ-U2ﾜhｻ[ｪ比峺}ﾘ愈�-!cdｔﾈ�!2GﾈY!5ｲFdΧH㌫�ｲGﾈ9!g$ﾚ軏*kｴﾝ-U2ﾙhｻ[ｪdｸﾑvｷT)ﾉ7m赶-�%[*2Bﾆﾈ)�)2C*d�,�%ｲBjd�4ﾈi�ﾙ";d��#rBﾎHｴﾝ-U2ﾖhｻ[ｪdｲﾑvｷTﾉp｣匤ｩR弛ﾚ[鵺ｶTdъ�	R"Sd�ﾈY Kd�ﾈi�ﾒ"ｲEvﾈ9 G舮恆hｻ[ｪdｬﾑvｷTﾉd｣匤ｩ低FﾛﾝR･$ﾟｴ朎ｶﾔ様ｩﾈ#､Dｦﾈｩ�9ｲ@綿
ｩ�5ﾒ ､E:d駆�=r@縞	9#ﾑvｷTﾉX｣匤ｩ痛FﾛﾝR%ﾃ左ｻ･JIｾIﾛｯSｿ朧ﾖTi$婚欝JSi&Uﾒ\ZHKi%ﾕﾒZj､砦J擽夫ﾒ^:HG�$擂｢ｸ`ｯ.ﾘ���"/.d^\ｽｸ諏q!B鎤��4Rﾛ\ｯ2ｺJr�'粘<�懌�'ｧx:9ﾅﾃﾉ)朞Nr階全\栢祿��"ｧｸ9ﾅ･ﾈ).ENq)r階全\栢祿��"ｧｸ9ﾅ･ﾈｩｿX\
���･玳�澈ﾁｹ｡Ｔb�/�.ﾟ_�;邊K1l埒zﾈ6+ﾅ3ﾊOﾅ#ﾊ)霸Nr顔鉄<棡粳�'ｧx69ﾅ｣ﾉ).ENq)r階全\栢祿��"ｧｸ9ﾅ･ﾈ).ENq)r階全\栢祿��"ｧ�R`q)ｰ¶翌s"�/�.�_
ﾎ]或ｿ惱|)鄕ﾋ.ﾅｰ!ｮﾏ(?�(ｧxB9ﾅﾊ)朧Nr刊鉄<惧籐��&ｧｸ9ﾅ･ﾈ).ENq)r階全\栢祿��"ｧｸ9ﾅ･ﾈ).ENq)r階全\栢Ⅱ�･ﾀ.ﾞ_
ﾎ]鮎ｿ惱z)8w!��Rp猪��･ｸs.ｻﾃ�ｫ�,ｽR<｣�<｢懌	�(ｧx>9ﾅ翹)朦Nr拡鉄<囿祿��"ｧｸ9ﾅ･ﾈ).ENq)r階全\栢祿��"ｧｸ9ﾅ･ﾈ).ENq)r�/�ｻx)8w!��Rp猪��･玳�澈ﾁｹﾁ簧ｹ�ﾛΡ2Kr�'粘<�懌�'ｧx:9ﾅﾃﾉ)朞Nr階全\栢祿��"ｧｸ9ﾅ･ﾈ).ENq)r階全\