開票区名,鬼丸　かおる／×,鬼丸　かおる／なし,鬼丸　かおる／記載無効,鬼丸　かおる／計,木内　道祥／×,木内　道祥／なし,木内　道祥／記載無効,木内　道祥／計,池上　政幸／×,池上　政幸／なし,池上　政幸／記載無効,池上　政幸／計,山本　庸幸／×,山本　庸幸／なし,山本　庸幸／記載無効,山本　庸幸／計,山﨑　敏充／×,山﨑　敏充／なし,山﨑　敏充／記載無効,山﨑　敏充／計
★都計,667037,4946214,0,5613251,745264,4867987,0,5613251,749273,4863978,0,5613251,639542,4973709,0,5613251,748470,4864781,0,5613251
☆区部計,455898,3369513,0,3825411,505187,3320224,0,3825411,507460,3317951,0,3825411,437018,3388393,0,3825411,508235,3317176,0,3825411
千代田区,793,25607,0,26400,461,25939,0,26400,845,25555,0,26400,278,26122,0,26400,2481,23919,0,26400
中央区,7387,53102,0,60489,8061,52428,0,60489,8015,52474,0,60489,7063,53426,0,60489,8104,52385,0,60489
港区,11066,82155,0,93221,12674,80547,0,93221,12649,80572,0,93221,10812,82409,0,93221,12787,80434,0,93221
新宿区,16870,113915,0,130785,19020,111765,0,130785,19113,111672,0,130785,16414,114371,0,130785,19319,111466,0,130785
文京区,12494,86255,0,98749,14303,84446,0,98749,14515,84234,0,98749,12291,86458,0,98749,14547,84202,0,98749
台東区,9612,71772,0,81384,10329,71055,0,81384,10277,71107,0,81384,9133,72251,0,81384,10238,71146,0,81384
墨田区,11578,95355,0,106933,12404,94529,0,106933,12384,94549,0,106933,10956,95977,0,106933,12410,94523,0,106933
江東区,26214,184806,0,211020,28648,182372,0,211020,28422,182598,0,211020,25273,185747,0,211020,27912,183108,0,211020
品川区,19091,142194,0,161285,21344,139941,0,161285,21417,139868,0,161285,18484,142801,0,161285,21446,139839,0,161285
目黒区,13700,104884,0,118584,15962,102622,0,118584,16091,102493,0,118584,13545,105039,0,118584,16258,102326,0,118584
大田区計,35174,266891,0,302065,38223,263842,0,302065,38227,263838,0,302065,33425,268640,0,302065,38146,263919,0,302065
大田３区,9625,75924,0,85549,11117,74432,0,85549,11143,74406,0,85549,9373,76176,0,85549,11127,74422,0,85549
大田４区,25549,190967,0,216516,27106,189410,0,216516,27084,189432,0,216516,24052,192464,0,216516,27019,189497,0,216516
世田谷区計,47603,343200,0,390803,55517,335286,0,390803,56551,334252,0,390803,46338,344465,0,390803,56578,334225,0,390803
世田谷５区,16335,121721,0,138056,19088,118968,0,138056,19313,118743,0,138056,15846,122210,0,138056,19482,118574,0,138056
世田谷６区,31268,221479,0,252747,36429,216318,0,252747,37238,215509,0,252747,30492,222255,0,252747,37096,215651,0,252747
渋谷区,12187,81085,0,93272,13855,79417,0,93272,14027,79245,0,93272,11802,81470,0,93272,14076,79196,0,93272
中野区,17698,119314,0,137012,19496,117516,0,137012,19648,117364,0,137012,17036,119976,0,137012,19669,117343,0,137012
杉並区,30594,214653,0,245247,36352,208895,0,245247,36764,208483,0,245247,30288,214959,0,245247,36925,208322,0,245247
豊島区,14313,99480,0,113793,16007,97786,0,113793,16134,97659,0,113793,13848,99945,0,113793,16128,97665,0,113793
北区,22930,135286,0,158216,24104,134112,0,158216,24349,133867,0,158216,21306,136910,0,158216,23757,134459,0,158216
荒川区,9631,74044,0,83675,10026,73649,0,83675,10016,73659,0,83675,8951,74724,0,83675,9907,73768,0,83675
板橋区,27256,201881,0,229137,29681,199456,0,229137,29737,199400,0,229137,25974,203163,0,229137,29617,199520,0,229137
練馬区計,35319,265575,0,300894,40351,260543,0,300894,40201,260693,0,300894,34155,266739,0,300894,40491,260403,0,300894
練馬９区,27389,205740,0,233129,31394,201735,0,233129,31238,201891,0,233129,26490,206639,0,233129,31476,201653,0,233129
練馬１０区,7930,59835,0,67765,8957,58808,0,67765,8963,58802,0,67765,7665,60100,0,67765,9015,58750,0,67765
足立区計,28607,227760,0,256367,29650,226717,0,256367,29553,226814,0,256367,26453,229914,0,256367,29258,227109,0,256367
足立１２区,5981,51093,0,57074,6009,51065,0,57074,6012,51062,0,57074,5407,51667,0,57074,5914,51160,0,57074
足立１３区,22626,176667,0,199293,23641,175652,0,199293,23541,175752,0,199293,21046,178247,0,199293,23344,175949,0,199293
葛飾区,20007,156605,0,176612,21236,155376,0,176612,21236,155376,0,176612,18926,157686,0,176612,20880,155732,0,176612
江戸川区計,25774,223694,0,249468,27483,221985,0,249468,27289,222179,0,249468,24267,225201,0,249468,27301,222167,0,249468
江戸川１６区,21796,190158,0,211954,23100,188854,0,211954,22966,188988,0,211954,20484,191470,0,211954,22953,189001,0,211954
江戸川１７区,3978,33536,0,37514,4383,33131,0,37514,4323,33191,0,37514,3783,33731,0,37514,4348,33166,0,37514
☆市部計,208152,1543322,0,1751474,236925,1514549,0,1751474,238618,1512856,0,1751474,199775,1551699,0,1751474,237103,1514371,0,1751474
八王子市,28333,210765,0,239098,31647,207451,0,239098,31707,207391,0,239098,26868,212230,0,239098,31457,207641,0,239098
立川市,8584,64166,0,72750,9438,63312,0,72750,9475,63275,0,72750,8194,64556,0,72750,9438,63312,0,72750
武蔵野市,8285,59670,0,67955,10112,57843,0,67955,10321,57634,0,67955,8288,59667,0,67955,10318,57637,0,67955
三鷹市,10040,70279,0,80319,11691,68628,0,80319,11752,68567,0,80319,9808,70511,0,80319,11806,68513,0,80319
青梅市,5657,49772,0,55429,6159,49270,0,55429,6192,49237,0,55429,5324,50105,0,55429,6128,49301,0,55429
府中市,12565,95876,0,108441,14296,94145,0,108441,14192,94249,0,108441,12130,96311,0,108441,14312,94129,0,108441
昭島市,5260,40071,0,45331,5754,39577,0,45331,5785,39546,0,45331,4890,40441,0,45331,5666,39665,0,45331
調布市,11988,84432,0,96420,13749,82671,0,96420,13743,82677,0,96420,11578,84842,0,96420,13812,82608,0,96420
町田市,20848,161255,0,182103,24102,158001,0,182103,24225,157878,0,182103,20111,161992,0,182103,24170,157933,0,182103
小金井市,6696,46063,0,52759,7914,44845,0,52759,8045,44714,0,52759,6545,46214,0,52759,7987,44772,0,52759
小平市,9500,69737,0,79237,11066,68171,0,79237,11082,68155,0,79237,9152,70085,0,79237,11047,68190,0,79237
日野市,9343,67457,0,76800,10780,66020,0,76800,10787,66013,0,76800,8985,67815,0,76800,10830,65970,0,76800
東村山市,7543,56096,0,63639,8390,55249,0,63639,8339,55300,0,63639,7199,56440,0,63639,8402,55237,0,63639
国分寺市,7081,48050,0,55131,8243,46888,0,55131,8404,46727,0,55131,6863,48268,0,55131,8324,46807,0,55131
国立市,4547,29269,0,33816,4104,29712,0,33816,4814,29002,0,33816,3939,29877,0,33816,3672,30144,0,33816
福生市,2276,20110,0,22386,2510,19876,0,22386,2507,19879,0,22386,2166,20220,0,22386,2483,19903,0,22386
狛江市,4186,30976,0,35162,4780,30382,0,35162,4872,30290,0,35162,4105,31057,0,35162,4842,30320,0,35162
東大和市,3895,30644,0,34539,4405,30134,0,34539,4407,30132,0,34539,3679,30860,0,34539,4410,30129,0,34539
清瀬市,4041,28212,0,32253,4472,27781,0,32253,4548,27705,0,32253,3825,28428,0,32253,4507,27746,0,32253
東久留米市,6027,42578,0,48605,7134,41471,0,48605,7147,41458,0,48605,5907,42698,0,48605,7137,41468,0,48605
武蔵村山市,2535,23096,0,25631,2704,22927,0,25631,2694,22937,0,25631,2323,23308,0,25631,2670,22961,0,25631
多摩市,8279,58404,0,66683,9984,56699,0,66683,10135,56548,0,66683,8222,58461,0,66683,10114,56569,0,66683
稲城市,3953,32358,0,36311,4514,31797,0,36311,4552,31759,0,36311,3770,32541,0,36311,4566,31745,0,36311
羽村市,2344,19232,0,21576,2593,18983,0,21576,2560,19016,0,21576,2182,19394,0,21576,2572,19004,0,21576
あきる野市,3463,28932,0,32395,3907,28488,0,32395,3899,28496,0,32395,3305,29090,0,32395,3858,28537,0,32395
西東京市,10883,75822,0,86705,12477,74228,0,86705,12434,74271,0,86705,10417,76288,0,86705,12575,74130,0,86705
☆西多摩郡計,1957,21788,0,23745,2159,21586,0,23745,2161,21584,0,23745,1783,21962,0,23745,2113,21632,0,23745
瑞穂町,965,11367,0,12332,1051,11281,0,12332,1042,11290,0,12332,868,11464,0,12332,1007,11325,0,12332
日の出町,696,6641,0,7337,790,6547,0,7337,807,6530,0,7337,655,6682,0,7337,802,6535,0,7337
檜原村,89,1185,0,1274,99,1175,0,1274,103,1171,0,1274,81,1193,0,1274,94,1180,0,1274
奥多摩町,207,2595,0,2802,219,2583,0,2802,209,2593,0,2802,179,2623,0,2802,210,2592,0,2802
☆島部計,1030,11591,0,12621,993,11628,0,12621,1034,11587,0,12621,966,11655,0,12621,1019,11602,0,12621
大島支庁,431,5539,0,5970,397,5573,0,5970,431,5539,0,5970,430,5540,0,5970,440,5530,0,5970
大島町,315,3621,0,3936,292,3644,0,3936,313,3623,0,3936,322,3614,0,3936,322,3614,0,3936
利島村,15,165,0,180,14,166,0,180,15,165,0,180,14,166,0,180,14,166,0,180
新島村,80,1403,0,1483,70,1413,0,1483,77,1406,0,1483,67,1416,0,1483,71,1412,0,1483
神津島村,21,350,0,371,21,350,0,371,26,345,0,371,27,344,0,371,33,338,0,371
三宅支庁,117,1401,0,1518,116,1402,0,1518,116,1402,0,1518,100,1418,0,1518,105,1413,0,1518
三宅村,100,1232,0,1332,92,1240,0,1332,93,1239,0,1332,79,1253,0,1332,85,1247,0,1332
御蔵島村,17,169,0,186,24,162,0,186,23,163,0,186,21,165,0,186,20,166,0,186
八丈支庁,357,3598,0,3955,358,3597,0,3955,361,3594,0,3955,324,3631,0,3955,344,3611,0,3955
八丈町,348,3511,0,3859,350,3509,0,3859,356,3503,0,3859,317,3542,0,3859,338,3521,0,3859
青ヶ島村,9,87,0,96,8,88,0,96,5,91,0,96,7,89,0,96,6,90,0,96
小笠原支庁,125,1053,0,1178,122,1056,0,1178,126,1052,0,1178,112,1066,0,1178,130,1048,0,1178
小笠原村,125,1053,0,1178,122,1056,0,1178,126,1052,0,1178,112,1066,0,1178,130,1048,0,1178
%ﾕZｪ控[ｩn･ｺ屠'ﾕｽTR5ﾝ<ｦｻﾇt葈�ﾓdｺキｷ宣2ﾝDｦｻﾈt呱｣ｾ/Fｯｶｹ性m�:縄\ｪｩFR]Ju%ﾕXｪkｩ&RM･ｺ阻&ﾕ\ｪ�KｩVRｭ･ﾚHｵ母Vｪ;ｩvRﾝK� Uﾓﾍcｺ{Lｷ城�1ﾝ@ｦ;ﾈt咒!ﾓMdｺ記ｷ損>zgﾅﾛ�ﾍ�ﾍ沌�7ﾗ/ｿｺ枉?{ﾁ醯ｿ{mﾀ馴ﾃ{?x撝ﾗmﾞmﾁ�ﾌ鉾�-=�ｱ-/?ｼ�ﾅﾀ召Q澀鴿�4qgg�?m�qﾘ�q{ｻ瀏ｳｳﾀﾆfg�����5�ﾟ^ﾟ<�ｼxﾋ釶ﾞﾄ_|侊M}��Oo�>�ｳ顋ﾋo權ﾜ<�ｯ�ﾕﾛﾃxy{�ﾏﾎｦ輟'逞ﾕwﾏｮﾜ�ﾅｯ枻襄ｫWｷｿﾁ?�ﾍﾗAﾖ/�>詒ｷ�m涙<ﾙｼ�氿ｿｾ.�6ｾ{�3ｻ�ﾏn��?﨩譟?|��瑾?ｿﾝﾎﾛTｻ%=z藐Oｿ}ﾙo�棏ｫｯﾟ�ﾋ淼ﾟ�償ﾟﾜ<�賚?~}�芫�ｯ�橡｣��s鈊/�?ｿ	�w岶ｯoｾ{ﾅ�ﾗ/�t鋐nOMｷｯ,~橳ﾅ7/�<ｽｹﾝﾚｭ�GｷG�ｳｧ�><}tk�_ｿｼ}+赶ﾛ鳫ｱ{ow1zｳ/�<{晥ｷｻｧ7_ﾟｽﾘ7ｿ=�ﾉs��PK   8O%TA�ﾚﾅL  ,    xl/worksheets/sheet10.xml攷kｯ#轉檠W喉ｾ�-ｭﾗA�ﾜ"ｫxｨbｱX楡ｵ･%ｩaIｭtｷ�� A壷劔lﾏv2@l$3N&vｲc|ﾈ �1ｶｴ伀�ｳ甯^ﾏｺ^粍uｵﾈ神�*ﾖC���朎�ﾞﾟ�ﾉ誉<ﾍﾓg勝|ﾃ�ｾ�ﾍW?毳帷��瑕痺gﾏ}｣/桍uﾃ滿<{瀅�艫?y�ﾏ>ｿｹy�炯�栲ﾃ�?���耘oｾ|⑯ｾｾ�>y栁｣邱�毖ｳ|楨繽oFO>�賤岷楞w����=ｽﾑ｣?髙ﾏｾ^棏傷蠕|7ｾ?�%~��勝�｢o愉ﾉﾉ�+}罘O�=�o�蓁sz�ﾗOo}7櫢�欺ｿw�ﾞ｣鍾ｮt��99ｿ�ﾅﾃ��Rｧﾋｵoﾗ:�~ｱｳｿ蘆o;ｻ]�ﾟ<�菘��脯ｯ��ｷ�wW�t�鸚ﾟ�ﾏ�ﾁ�0��'O��ｷ｡x�0ﾟｮq釤ｧｷ�w苜'q釞>��巨ｽ､ｷ⊂ｩ}y{ｨ�ｹｼ=ﾂ{/~�ﾉ聟ｽ�<ｽﾃ�:衙襠ｯ櫢Oｯﾟ�ﾙ�{O桍ﾙ~�魚�i|q飼o�ﾈ機�咩'ｿ呀>�<Ρ}u'櫤ｷﾑ橳硼｣�ﾓﾗ�xﾁ�'_�7�>ﾞ|qｻﾄ'�>~�7='ﾏ�?y�醯_顋-顗體ﾟｼﾍﾉﾝ|q衿ｿ�cﾟ/ｼ�^�0ｿ~ｹq_ｯ{�|uR/N侒琦ｭｿマｾ"	ｸ}j?ｹﾑ7_<o檣xrg冐㏍ﾛｽﾈﾔ滌tt聟ｽ鬻睨瑾ｹ}�吉ｯ���/ｿﾘｷn'/���ｧ��^�^<�?}岱ﾛ|�ｳﾛ_`��'ﾟｯ�ﾗ+彎ｽ]粐ｸﾎｮﾟ愼ﾅﾙﾕUｮﾟ]瞰�踝_>｣GﾏｽｧO~�飫鰮����>xq./責ﾋ7ﾇ~�矼s�2ｱｿXｦ|ｱﾎｭw瑢ﾝ�鞁ﾋ�ﾗN.ﾎ_�Gｯﾎ箝<�^~�-ｬ.ﾖ��-ﾁ餐OpEpMpCpKpGPｺCﾟ{ｽ揣g���rgｯV;ｹ�撼ﾒ､ﾉk髙駝煇�ｿ錝坥�慇z��ﾉン?xpr坥�wVｹwｪﾙﾉﾖ91ｻ^旙蟒蕉Gｯ磆ﾝEｿﾛ|z~W>ｿ$yｾdｯ瞼ｻ0}qﾙkZv���
４�3�ﾁ佃j�称弖ｨ.ﾖ��-ﾁ餐ﾏｿﾔﾅ顗Kｭh�5ﾁﾁ-ﾁA	飄H⑨GH3､9ﾒq筍9纐�9a諢｡Sy�ﾛ.h78�[�ｯsug/xOﾟ_寃ｰA`9Gｯ�;﨔^ｱ�;咲EO0�Wﾂ��+^ｱ�;eO慴	�ｭ�-�ﾕﾀ迷`-ｰ~�>珀W+XtlllL"�ﾁ!ﾁﾁ形�寡#ﾑlZ隆%
�
ょｻｧuｯﾔ猶�凝ｾ､ｿﾏ/ﾟ�}�N㍉ﾃ;ﾋ�5|?<*3{%_w@nNGｿ８a�Z`ﾂ.ｾﾊ亟�Iﾏﾘﾅ擣@�7ｨ蓄�9/�Jﾅ.ﾁ.fｹf溂%ｻ�7�遁ｲ軌fﾇO曚O�
cz格Xｳ喫ﾘ�{�ﾘｲ軌�]�ｱﾌｻﾘG$CT5龝ﾀD�7�3|:�ｱﾃhLOｾ&|<硯ｦ,c.5cs･Ｆ褒煩�&�ﾟWG�ﾕﾋ�����?���暠ﾟ�?o�忞���ｿu颯?zｳﾄ�`陪w%ｬﾇﾈp2ﾃﾉ�:ﾘこｱﾎﾄpｦﾆｱfﾆ:�陪37慳p�ﾎﾒpﾃiｧ3��ｮﾃ嵎ﾊXhm8孅0ﾜｷﾆB;ﾃ��#Grﾊ*ｧｭr�ﾐW��%��Z�8+M捏r:+ｧｴ*�#ｷ�o���=ﾛ�vx}�Nf8ｹ瘡gb8Sﾃ�Na8･睥ｧ2怛瞞�4愴pZﾃ�ｧｿ>ﾜ�ｱﾎﾚp6ﾆｱｶﾆ:;ﾃ��#Grｪ*ｧｫrﾊ*ｧｭ
uM\\1oMﾉiｬ慳ｪﾜwｸ{{�%Gmﾞ/��ｱ{��v�kｼ嵭f$ﾞｿ)s､<H�ﾜYi$�喫�03輛�#侮4w､ﾊ�撒;ﾒﾒ�Gjｩs､ﾞy皞ﾎJkGﾚ8�:+�Iｲｬﾘ眛ﾆnYV菊ﾕXｱﾇ河ﾝyL屆ﾘﾞｭ#Z]剖f卲��->ﾞﾘqp�?�祕鄕"nｧﾃ %ｶxCﾊ)w､ｱ#Mi鶇3G*ｩt､ｹ#U雫p､ﾚ走車8R��#|WﾎJkGﾚ	_2l摯v�$YV�j仇,ｫﾅｲjｬﾘ翔ｵk-ｫﾉｲｪ,ｫﾋｲﾊｬ�mｾｿﾅ�ｻﾅ�ﾘ���棏����?暠��v燮ｹ袤ｬｕﾘ�)s､<�oJG�:∩9+撒	wｦｹｳR薊Gｪ捏Z:+5車:R踪}煽兜ｳﾔﾚ�6A稾�J;G�,+ｶ8ｵﾏ;剖cﾅ氷d~�36冩ｺR�22�9ｵﾑ;剖gﾅ>ﾟ}ﾃ��F�ｾ'gｿ�錞e^?ﾈ�0X燕ﾞ�2Gﾊi�G�:ﾒﾌ�
G*i珒�#-ｩv､･#5車:R踪}栓ｶ�ｳﾒﾚ�6AJｼ�7Vﾚ9壇Yｱﾄｩ}ﾞｱｬ+ﾖ椀ﾘ�=豁99ｪu^ｱﾊ卯ZV�ﾛ|�ﾕｷﾍ渺ﾛ�w浣ﾄ6~�79R覃y栓愴ﾎJg･ｩｳﾒﾌ�
G*i珒�#-ｩv､･#5車:R踪}|びZ9Kｭi$ｼ'n�ｴs$ﾉｲb鬼釞cY5耗cYEVlr�->lh燕ﾞ9}ｫﾎ笠ｾ錂���>ﾎﾃﾜ�ｿ�蘒憙��繿#e飼)q眸Xi=ﾞ�i�ｮp､ﾒ第撒9ﾒﾂ阻GZ:R紿ｭ#u車)qﾝﾆXi棈輛[g･�#I�K憇�ﾋjｱｬ+ｭXdｾｺ嵶ｸUeY]剖fﾅ6z=n�都~�ﾟ�.ﾎ_ﾜ}頏?z�ﾂ㌻腥Y�{ｼ!�i礬SG�9R瓸e|ﾈy�7Vｪi瓸ｵ#-ｩqRﾐ:R�ｮ�+�RkGﾚ	ﾟﾋﾚ:ﾏ9彭YｱﾅｩMﾞｱb拘崗cﾅ"'宸ﾅCCｱﾊｩﾗｲd漂V��襍||=ｸﾉ_z廏ﾞw汎�6裸ﾝ�#e飼;ﾒﾘ�&�4u､�#撒:ﾒﾜ�*GZ8R棈KGjｩu､ﾎ凧 皚ﾀ糞ﾒﾚ�6AJｼkｬｴs$ﾉｲb唄{ｼcY-剖cﾅ�d9庚NﾝK餽V容漂ｱﾍ�GUOﾌｪｾﾙ胱^婦F'ﾆ`ﾗﾈ�2GﾊO或ﾝ缸苛 %﨤7ｦ臟ﾎ�
G*i珒�#-ｩv､･#5車:R踪}栓�ﾊYi棈'兌g･�#I�K憇罸)Vﾋ�5Nｽ<Z界NLCY�ｫﾌ耗eYeVl�5ﾇﾎｳ�h��狃kﾂﾔ�淋 9R覃y<)ﾞ缸ｹVg･ｩｳﾒﾌ�
G*捏�;+U雫p､ﾚ走ﾎ�7ﾎJｭ#u車ﾇsJ\層觸i$|ﾑｹuVﾚ9壇YｱﾅｩMﾞwｵｬﾘ翔�8渦lr�k贏:{ｫﾌｲﾚｬX�廏魍sｯｧ訖ﾟl.ﾖ憊旱Jﾜ^sjﾌ��)s､<�nJ鉄c\n鶇3輛�#偏礦ﾎJ�#-ｩv､･s竝ｳR��#戉擂ﾖ雫	ﾟ^�<P;輛弾ﾅ'6yﾋｲjｬﾘcﾞrc�斈ｰoｻZ�ｻ愃ｻﾆZﾋjｳb晢�u�?v蓁_�ﾙ��漿ｿ�?縹��16r､ﾌ沢Scjn�4q､ｩsｸ匍R瓸e|ﾈy�7､ﾊ9ﾜﾂ阻GZ:R紿ｭ#u車ﾇ邇o謡忙;ﾒ&H�"v�ｴs$ﾉｲb鬼釞5�jYｱﾇ�<�?ｵ169qUﾞ:/ｫﾋｲﾊ,ｫﾍ隔ｾ都ﾔ�}�ﾘﾓ羆�_ﾏ㎞>� 婀cl腥�#蘂J�ﾎｳﾒﾔYi覃�#偏9ﾍ摯*GZ8R棈K酘g･ﾖ�:G黹ﾄ淇ｻr忙;ﾒ&>燕ﾞx､vﾎ�$ﾋ�5Nm�eﾅ"|ｯﾉｼX�黽Y%ｶz翆臨gY�l7`O��==0 鉸Vｿ�=ﾘﾓｻ�ｦ皓16r､ﾌ沢 �gｩI栓?ｵｧｧﾆ8ﾟﾌ9\瓸･#ﾍｩr､�#ﾕ雫t､ﾆ岨G�ｩ粧>ﾃ+gｩｵ#mb6yﾖYj踪弾ﾅ��fV�屆ベ^悔a｣娘|vｫﾄ^oMﾁZｿ･UhﾅF�ｪ綷蔀�マgｳﾟ7uFﾐﾗ髱1XGﾊ)w､ｱ#Mi鶇3G*ｩt､ｹ#U雫p､ﾚ走車8R��#Jlｬ#mｄ{ﾒﾖYi踪弾ﾅｧ^ﾕ[Sｰ貌ﾕXｱﾇｩ材\庚NｼkYV容漂錞|�?vﾀ�;ﾛ��貪ﾔ	ﾈｩ16r､ﾌ沢xRｼﾍ;CｰﾎJSg･�#撒:ﾒﾜ�*GZ8R棈KGjｩu､ﾎ凧 �ﾑｯ恤ﾖ雫	R�ｽｺ捏8ﾉｲb唄ﾛｼ5kYｱﾆｩwcｭ!ﾘ`･ｮﾒ翩ｲｪ,ｫﾋｲﾊｬﾘ襪�;{z`��ｬwcﾃﾜX籖Xc"l腥�#蜴4v､�#Mi覃�#侮4w､ﾊ�撒;ﾒﾒ�Gjｩs､�ﾔ丕\9+ｭisjcn摯v�$YV,qj峭ﾆ`-+ﾖ8ｵﾍ[cｰﾁ箙lc鉄ﾛｼ1�,ｫﾋｲﾊｬﾘ襪wV;{z`m~�ｱﾆﾚ�	9R覃ｹ#�i礬SG�9R瓸･#ﾍｩr､�#ﾕ雫t､ﾆ岨G�ｩ?ﾝ7�v謡aisjZn摯v�$YV�j旅a-ﾋｪｱb錠ｽﾓX蕚5kﾖ:/ｫﾋｲﾊｬﾘ�ﾟuz� �、ﾘwv��ｶﾄ･ygﾖ�2Gﾊヤ�;+MN�9ｻｩｳﾒ,H�8ﾎJ･#ﾍｩr､�#ﾕ雫t､ﾆ岨G�ｩ衆K笋�3�� %n｡7&Ewﾎ�$ﾋ�-N炫ﾖ0ｬeY=V,r�ｼ5k1v9umﾞ�ｬX扈O��}�ﾘaﾘﾓﾃｰ�ﾟ�Sf洩<ｬ#e飼)1*衫ﾃﾆ_譲yC�9�+ｩt､ｹ#U雫p､ﾚ走車8R��#ｹCk�,ｵv､ﾍｩ1ｻｹuｵs'YVlqj濤訛-+�8uﾕﾆ冲ｵ址X袂>oﾍﾃZ耗f撝}��yﾘｳ�ﾞ�=ｻ;ﾐﾅ_ ufﾌ�)s､ﾜ柁�4q､ｩ#ﾍｩp､ﾒ第撒9ﾒﾂ阻GZ:R紿ｭ#u車�ﾓ�+g･ｵ#mて;+�Iｲｬﾘ眛.oYV菊ﾕXｱﾇ堰ﾘ`%ｮﾚXkYU耗eYeVlｫ6gﾇﾄ���gｿ愰�/	<3贏�ﾆXﾘﾈ�2Gﾊﾏ栗ﾐｱｳﾒ萠��:ﾒﾌ9\瓸･#ﾍｩr､�#ﾕ雫t､ﾆ岨G�ｩ_�VZ;ﾒﾆI贍Yi踪弾ﾅｧｶxkﾖｲｬ+�8qﾁﾆｩ歟�/�-ﾋ�ｬ2+ｶ�,�ﾁYﾘW[�ﾏﾂﾔB蝎16r､ﾌ喪G;ﾒﾄ即�4s､ﾂ遷G�;R薊Gｪi飃�#ｵ車9Rｶo�ﾁ:ﾒ&H|牛ｳﾒﾎ�$ﾋ�%N瀨ﾖｬeY5V�禊�抱､yk-ｫﾊ馨豼Uｬ2+ｶ��;{v`ﾖｹ柵,ﾌｱ�6gﾆﾘﾈ�2Gﾊヴx�ﾀ�ﾃpSG�9�+ｩt~ｻｹｳR薊Gｪ捏Z:+5車:R踪}<qｾ"�,ｵv､ﾍ�1�uVﾚ9壇YｱﾅｩMﾞ�ｵｬﾘ翔ﾇﾄ&'n､結%ﾞ{ｵ砧Nm�eﾅBﾟｽr�?v��s藝Kｼ�7FﾊF飼�eｹ#�i礬SG�9R瓸･#ﾍｩr､�#ﾕ雫t､ﾆ岨G�ｩ升ﾃﾔｭ悋ﾖN~7A穉荒ｷs$ﾉｲb鬼ﾛｼ5�YV�亨z-oｿ:O獣�7ﾘXgoｵY隝|�?v�s藝a絨�?3�F飼9RO�7yg即ﾎ畴ﾎJ�#侮4w､ﾊ�撒;ﾒﾒ�Gjｩs､>>w窺ﾞ}u､M�ｯ蝮�u$ﾉｲb鬼崗5仼Yｱﾇ憶	V粽啻%F_ｭｵb祐ｯ茉ﾁ]ｫﾍ隔>p袢ｱ｣ｯgF_拏(ﾏ源ﾁ癨16r､ﾌ沢3cｨn�4q､ｩ#ﾍ徭*恤JG�;R薊Gｪi飃�#ｵ車9RfLCｮ恤ﾖ雫qｷuVﾚ9壇Yｱﾃｩ-ﾞ{ｵ,ｫﾆ�=f+�/ﾃﾄ&ｧｮﾉ;Gｴｺ,ｫﾌ確>ｴﾅ;vp�gﾖe�0ｶﾅQgﾆﾘﾈ�2Gﾊ紵�6�ｽ:+M摯f撒8R飃sGｪi瓸ｵ#-ｩq､ﾖ�:G�袴ﾊ糞ﾒﾚ�6N楔ﾎJ;G�,+�8ｵﾍ[sｯ貌ﾕXｱﾇｩﾛk鯉ﾕdYU耗eYeVlﾏ>;vⅶ�ﾜ�ｬﾋN,ｫ3H�#虍ﾆ ﾜﾘYi=ﾞ譚�uW8+偏JsGｪi瓸ｵ#-ｩq､ﾖ�:G�ｾﾝ譚ｱWGﾚ8OYi踪弾ﾅｧｶyk�ｲｬ+�8u｣|ｰR怜溝xﾅ.ｧk靏ｲb�ｽ��ﾁｹﾗ欹W貪�b毆訖)s､ﾜ柁�4q､ｩ#ﾍｩp､ﾒ第撒9ﾒﾂ阻GZ:R紿ｭ#u車ﾇ�&^ﾏ;sｯq)ﾞ陜�uｷs$ﾉｲb鬼ｽ5<�=Nﾌｽ+ue~ﾟ7ｩ~ｿﾏﾃｺ,ｫﾌｲﾚｬX�ｷﾋ�;~pⅶgﾎﾅｻs[|q�ﾜ9R覃ｹ#�i礬SG�9R瓸蟷1�7wVｪi瓸1Uｸt､ﾆ9\��#秕ﾞYi棈郢ﾛ:+�Iｲｬﾘ眛.oYV�k憙�-+9ｱﾋ[kYUV�粐ｼｵVl]�ﾘｹﾗsｯ?s>ﾝ�<系皮ﾆﾘﾈ�2Gﾊﾏ甑ｹｱｳﾒ葆篭愴ﾇ�ｷyg遷G�;R薊Gｪi飃�#ｵ車9R$�Xg･ｵ#m�<m摯v�$YV,qj峭f_-ﾋｪｱb�wﾌ祇MVｬrj峭f_-+ｶ{ｰ酩ﾎｾ�怡}ｻﾍ�ﾋ}ﾛｼ�古scl腥�#蜴4v､�#Mi覃�#報!輓ﾞu､�#ﾕ雫tNｼqVjｩs､>H<��ｴv､ﾍｹ1┿uVﾚ9壇YｱﾄｩmﾞｵｬX耿ｫyk�5Xｩmﾞ<剖eY]剖f卲��m�ﾘﾟ湜ｿ愰_�ﾏ蹊鵰_�?7ｦﾀF飼9R珒cG�8ﾒﾔ素撒8R飃sGｪi瓸ｵ#-ｩq､ﾖ�:G黹ﾄT谺ｴv､M煽nJg･�#I�;憇箝畍ﾋ�5Nﾜ0ｬﾔﾇｲ址X蠧T鳩剖f卲��-�ﾘﾑﾗﾟ�j近w章yK\ｭqｾ�2Gﾊζ�-�497ｦ��4sW8R飃sGｪi瓸ｵ#-ｩq､ﾖ�:G黹蛤Z絖ｾ:ﾒ&H<螫ｴs$ﾉｲb唄{ｼ5YV�{忝�9llrj舜,ｫﾋｲﾊｬﾘ�_u~��｡ｯ}�祇|�盻ﾟ�ﾃｯ菘ｷ)ﾋ�ﾃb｣scV,sVﾊ摯ﾆ�4q､ｩ#ﾍｩp､ﾒy賽J�#-ｩv､･#5車:A隨ﾔ髞'｣悋ﾖ雫	ｴｼｳﾒﾎ�$ﾋ�-N炫ﾖeﾝ�1_c窺N]鵡ｦ_斷ﾈ*ｳｬ6ﾋｪｳb�|\ﾙﾓｯ辯ｾ綠~��0ﾆ�<|nロ)s､<�oｬｳﾒﾔYi覃�#侮4w､ﾊ�撒;ﾒﾒ�Gjｩs､>>ﾁ�)ﾎRkGﾚ�?ﾊﾆIﾝﾎ9彭Yｱﾅｩ材�,ｫﾇ界Nｽ�ｿk%f｣ｬｵｬ.ﾋ*ｳｬ6+ﾖ|�;{~h}~ﾟ=友O�ﾆ4ﾘﾈ�2Gﾊ紵�>�ﾀ:+M摯f撒8R飃sGｪi瓸ｵ#-ｩq､ﾖ�:G黹ﾄ_ｬｴv､M�ｯ迯ﾐ弴ﾃI�K憇豁Xﾋｲjｬﾘ翔-ﾃ%ｫﾉｲｪ,ｫﾋｲﾊｬ�mｾｿﾍ;{~`���ﾝｷ�;ｰﾎWgﾏ溝ｰ�#e飼ﾇ凪mﾞ「V�:+ﾍｩp､ﾒ9ｧｹｳR薊Gｪi飃窄ﾛｵﾎJ�#Jｼ�ﾀ:ﾒ