開票区名,有効投票数,無効投票数,投票総数,持ち帰りと思われる票数,不受理と決定した票数,投票者数,無効投票率
★都計,5613251,164444,5777695,6585,9,5784289,2.85
☆区部計,3825411,107367,3932778,5089,8,3937875,2.73
千代田区,26400,397,26797,12,0,26809,1.48
中央区,60489,1222,61711,22,0,61733,1.98
港区,93221,2252,95473,39,0,95512,2.36
新宿区,130785,2605,133390,176,8,133574,1.95
文京区,98749,1976,100725,133,0,100858,1.96
台東区,81384,2335,83719,73,0,83792,2.79
墨田区,106933,3367,110300,114,0,110414,3.05
江東区,211020,7145,218165,535,0,218700,3.28
品川区,161285,3908,165193,132,0,165325,2.37
目黒区,118584,2684,121268,89,0,121357,2.21
大田区計,302065,8126,310191,431,0,310622,2.62
大田３区,85549,1791,87340,215,0,87555,2.05
大田４区,216516,6335,222851,216,0,223067,2.84
世田谷区計,390803,10199,401002,252,0,401254,2.54
世田谷５区,138056,3618,141674,81,0,141755,2.55
世田谷６区,252747,6581,259328,171,0,259499,2.54
渋谷区,93272,2113,95385,88,0,95473,2.22
中野区,137012,3196,140208,154,0,140362,2.28
杉並区,245247,5219,250466,84,0,250550,2.08
豊島区,113793,3174,116967,76,0,117043,2.71
北区,158216,262,158478,110,0,158588,0.17
荒川区,83675,2402,86077,28,0,86105,2.79
板橋区,229137,7065,236202,553,0,236755,2.99
練馬区計,300894,8893,309787,1012,0,310799,2.87
練馬９区,233129,6843,239972,845,0,240817,2.85
練馬１０区,67765,2050,69815,167,0,69982,2.94
足立区計,256367,11545,267912,80,0,267992,4.31
足立１２区,57074,2851,59925,30,0,59955,4.76
足立１３区,199293,8694,207987,50,0,208037,4.18
葛飾区,176612,7546,184158,256,0,184414,4.10
江戸川区計,249468,9736,259204,640,0,259844,3.76
江戸川１６区,211954,8353,220307,565,0,220872,3.79
江戸川１７区,37514,1383,38897,75,0,38972,3.56
☆市部計,1751474,55578,1807052,1492,1,1808545,3.08
八王子市,239098,7445,246543,317,0,246860,3.02
立川市,72750,2505,75255,59,0,75314,3.33
武蔵野市,67955,1642,69597,36,0,69633,2.36
三鷹市,80319,2247,82566,101,0,82667,2.72
青梅市,55429,2366,57795,42,0,57837,4.09
府中市,108441,2807,111248,9,0,111257,2.52
昭島市,45331,1800,47131,28,0,47159,3.82
調布市,96420,2628,99048,213,0,99261,2.65
町田市,182103,6275,188378,53,0,188431,3.33
小金井市,52759,1202,53961,74,0,54035,2.23
小平市,79237,2566,81803,60,0,81863,3.14
日野市,76800,2449,79249,75,0,79324,3.09
東村山市,63639,1993,65632,79,0,65711,3.04
国分寺市,55131,1401,56532,39,0,56571,2.48
国立市,33816,1100,34916,30,0,34946,3.15
福生市,22386,939,23325,37,0,23362,4.03
狛江市,35162,1055,36217,40,0,36257,2.91
東大和市,34539,1458,35997,31,0,36028,4.05
清瀬市,32253,844,33097,12,0,33109,2.55
東久留米市,48605,1843,50448,33,0,50481,3.65
武蔵村山市,25631,1126,26757,13,1,26771,4.21
多摩市,66683,2135,68818,58,0,68876,3.10
稲城市,36311,818,37129,19,0,37148,2.20
羽村市,21576,912,22488,22,0,22510,4.06
あきる野市,32395,1523,33918,12,0,33930,4.49
西東京市,86705,2499,89204,0,0,89204,2.80
☆西多摩郡計,23745,1061,24806,2,0,24808,4.28
瑞穂町,12332,575,12907,2,0,12909,4.45
日の出町,7337,355,7692,0,0,7692,4.62
檜原村,1274,39,1313,0,0,1313,2.97
奥多摩町,2802,92,2894,0,0,2894,3.18
☆島部計,12621,438,13059,2,0,13061,3.35
大島支庁,5970,161,6131,0,0,6131,2.63
大島町,3936,118,4054,0,0,4054,2.91
利島村,180,3,183,0,0,183,1.64
新島村,1483,30,1513,0,0,1513,1.98
神津島村,371,10,381,0,0,381,2.62
三宅支庁,1518,45,1563,2,0,1565,2.88
三宅村,1332,44,1376,2,0,1378,3.20
御蔵島村,186,1,187,0,0,187,0.53
八丈支庁,3955,187,4142,0,0,4142,4.51
八丈町,3859,181,4040,0,0,4040,4.48
青ヶ島村,96,6,102,0,0,102,5.88
小笠原支庁,1178,45,1223,0,0,1223,3.68
小笠原村,1178,45,1223,0,0,1223,3.68
菇ﾜhﾏC8ﾂｱｰVﾂ臆N�3a#�ﾂ･ｰｮ�ｰｮ�p#ﾜ
wﾂｽ� 		#	+	3	;	C	K	S	[	cﾉq-�3v德ﾇ錯<�#a!Ka%�k甬86ﾂｹp!\
[甄ﾘ	{畛87ﾂｭp'ﾜﾂ0族�0腸�0堂�0伐�0焚�0�ﾗr>cﾗ菇ﾜhﾏC8ﾂｱｰVﾂ臆N�3a#�ﾂ･ｰｮ�ｰｮ�p#ﾜ
wﾂｽ� 		#	+	3	;	C	K	S	[	cﾉq-�3v德ﾇ錯<�#a!Ka%�k甬86ﾂｹp!\
[甄ﾘ	{畛87ﾂｭp'ﾜﾂ0族�0腸�0堂�0伐�0焚�0�ﾗr>cﾗ菇ﾜhﾏC8ﾂｱｰVﾂ臆N�3a#�ﾂ･ｰｮ�ｰｮ�p#ﾜ
wﾂｽ� 		#	+	3	;	C	K	S	[	cﾉq-�3vs甯ﾝhﾆ�#a!Ka%�k甬86ﾂｹp!\
[甄ﾘ	{畛87ﾂｭp'ﾜﾂ0族�0腸�0堂�0伐�0焚�0�ﾗr>cﾗ菇ﾜhﾏC8ﾂｱｰVﾂ臆N�3a#�ﾂ･ｰｮ�ｰｮ�p#ﾜ
wﾂｽ� 		#	+	3	;	C	K	S	[	cﾉq-�3v德ﾇ錯<�#a!Ka%�k甬86ﾂｹp!\
[甄ﾘ	{畛87ﾂｭp'ﾜﾂ0族�0腸�0堂�0伐�0焚�0�ﾗr>cﾗ菇ﾜhﾏC8ﾂｱｰVﾂ臆N�3a#�ﾂ･ｰｮ�ｰｮ�p#ﾜ
wﾂｽ� 		#	+	3	;	C	K	S	[	cﾉq-�3v德ﾇ錯<�#a!Ka%�k甬86ﾂｹp!\
[甄ﾘ	{畛87ﾂｭp'ﾜﾂ0族�0腸�0堂�0伐�0焚�0�ﾗr6cOｮﾝ｢=瓸XﾇﾂRX	'ﾂZ8ﾎыp.\猟Vｸvﾂ^ｸﾂ膏+ﾜ	�0L$l$�$ｬ$ﾌ$�$%,%L%l%�%ﾇｵ慫ﾘｵ{Oｴ�!	畊X
+瓮Xｧﾂ匆ﾎ�甞ﾘ
WﾂNﾘﾗﾂAｸn�;畤x�ыя���┌├┼┓┳荳訳ｻvﾏ繪�<�#a!Ka%�k甬86ﾂｹp!\
[甄ﾘ	{畛87ﾂｭp'ﾜﾂ0族�0腸�0堂�0伐�0焚�0�ﾗr>cﾗ菇<ﾑ梏p$,�a)ｬ�a-�
gﾂF8.Кa+\	;a/\瓰ｸ﨡{瓣&6FVfv��ｦｶﾆ偵Zﾎg�=�'ﾚ�私�,,�p"ｬ�甅ﾘ酊�)l�+a'�k� ﾜｷﾂ挾/<ﾃDﾂFﾂHﾂJﾂLﾂNﾂPﾂRﾂTﾂVﾂXr\ﾋﾝ\;c7�1潯XﾇﾂRX	'ﾂZ8ﾎыp.\猟Vｸvﾂ^ｸﾂ膏+ﾜ	�0L$l$�$ｬ$ﾌ$�$%,%L%l%�%ﾇｵ慫ﾘｵ{Oｴ�!	畊X
+瓮Xｧﾂ匆ﾎ�甞ﾘ
WﾂNﾘﾗﾂAｸn�;畤x�ыя���┌├┼┓┳荳訳ｻvﾏ繪�<�#a!Ka%�k甬86ﾂｹp!\
[甄ﾘ	{畛87ﾂｭp'ﾜﾂ0族�0腸�0堂�0伐�0焚�0�ﾗr>cﾗ菇<ﾑ梏p$,�a)ｬ�a-�
gﾂF8.Кa+\	;a/\瓰ｸ﨡{瓣&6FVfv��ｦｶﾆ偵Zﾎg�=�'ﾚ�私�,,�p"ｬ�甅ﾘ酊�)l�+a'�k� ﾜｷﾂ挾/<ﾃDﾂFﾂHﾂJﾂLﾂNﾂPﾂRﾂTﾂVﾂXr\ﾋﾙ�=ｽvﾏ罠�<�#a!Ka%�k甬86ﾂｹp!\
[甄ﾘ	{畛87ﾂｭp'ﾜﾂ0族�0腸�0堂�0伐�0焚�0�ﾗr>cﾗ菇<ﾕ梏p$,�a)ｬ�a-�
gﾂF8.Кa+\	;a/\瓰ｸ﨡{瓣&6FVfv��ｦｶﾆ偵Zﾎg�=奨ﾚ�私�,,�p"ｬ�甅ﾘ酊�)l�+a'�k� ﾜｷﾂ挾/<ﾃDﾂFﾂHﾂJﾂLﾂNﾂPﾂRﾂTﾂVﾂXr\ﾋ]ｻ銖T{ﾂ族糸･ｰN┠p*�	畚ｸ.�p%�ｽp-�畄ｸ蠇a路ﾘHIXI露ﾘIJXJ労ﾘJK嗣9浤k�<柬ﾏC8ﾂｱｰVﾂ臆N�3a#�ﾂ･ｰｮ�ｰｮ�p#ﾜ
wﾂｽ� 		#	+	3	;	C	K	S	[	cﾉq-�3vs甯ﾝhﾆ�#a!Ka%�k甬86ﾂｹp!\
[甄ﾘ	{畛87ﾂｭp'ﾜﾂ0族�0腸�0堂�0伐�0焚�0�ﾗr>cﾗ菇<ﾕ梏p$,�a)ｬ�a-�
gﾂF8.Кa+\	;a/\瓰ｸ﨡{瓣&6FVfv��ｦｶﾆ偵Zﾎg�=奨ﾚ�私�,,�p"ｬ�甅ﾘ酊�)l�+a'�k� ﾜｷﾂ挾/<ﾃDﾂFﾂHﾂJﾂLﾂNﾂPﾂRﾂTﾂVﾂXr\ﾋ]ｻ銖T{ﾂ族糸･ｰN┠p*�	畚ｸ.�p%�ｽp-�畄ｸ蠇a路ﾘHIXI露ﾘIJXJ労ﾘJK嗣9浤k�<柬ﾏC8ﾂｱｰVﾂ臆N�3a#�ﾂ･ｰｮ�ｰｮ�p#ﾜ
wﾂｽ� 		#	+	3	;	C	K	S	[	cﾉq-g3ﾚ=夙ﾚ�私�,,�p"ｬ�甅ﾘ酊�)l�+a'�k� ﾜｷﾂ挾/<ﾃDﾂFﾂHﾂJﾂLﾂNﾂPﾂRﾂTﾂVﾂXr\ﾋ]ｻ銖L{ﾂ族糸･ｰN┠p*�	畚ｸ.�p%�ｽp-�畄ｸ蠇a路ﾘHIXI露ﾘIJXJ労ﾘJK嗣9浤k�<枴ﾏC8ﾂｱｰVﾂ臆N�3a#�ﾂ･ｰｮ�ｰｮ�p#ﾜ
wﾂｽ� 		#	+	3	;	C	K	S	[	cﾉq-�3v德ﾇ3坙GﾂB8鳴J8ﾖﾂｩp&lг瓧ｸｶﾂ焚ｵpnЪ甎ｸ�"a#a$a%a&a'a(a)a*a+a,9ｮ蛞ﾆｮﾝｦ=瓸XﾇﾂRX	'ﾂZ8ﾎыp.\猟Vｸvﾂ^ｸﾂ膏+ﾜ	�0L$l$�$ｬ$ﾌ$�$%,%L%l%�%ﾇｵ慫ﾘﾍｵ3v｣私�,,�p"ｬ�甅ﾘ酊�)l�+a'�k� ﾜｷﾂ挾/<ﾃDﾂFﾂHﾂJﾂLﾂNﾂPﾂRﾂTﾂVﾂXr\ﾋ]ｻ銖L{ﾂ族糸･ｰN┠p*�	畚ｸ.�p%�ｽp-�畄ｸ蠇a路ﾘHIXI露ﾘIJXJ労ﾘJK嗣9浤k�<枴ﾏC8ﾂｱｰVﾂ臆N�3a#�ﾂ･ｰｮ�ｰｮ�p#ﾜ
wﾂｽ� 		#	+	3	;	C	K	S	[	cﾉq-�3v德ﾇ3坙GﾂB8鳴J8ﾖﾂｩp&lг瓧ｸｶﾂ焚ｵpnЪ甎ｸ�"a#a$a%a&a'a(a)a*a+a,9ｮ蛞ﾆｮﾝｦ=瓸XﾇﾂRX	'ﾂZ8ﾎыp.\猟Vｸvﾂ^ｸﾂ膏+ﾜ	�0L$l$�$ｬ$ﾌ$�$%,%L%l%�%ﾇｵ慙ﾘ�<枳ﾏC8ﾂｱｰVﾂ臆N�3a#�ﾂ･ｰｮ�ｰｮ�p#ﾜ
wﾂｽ� 		#	+	3	;	C	K	S	[	cﾉq-�3v德ﾇs坙GﾂB8鳴J8ﾖﾂｩp&lг瓧ｸｶﾂ焚ｵpnЪ甎ｸ�"a#a$a%a&a'a(a)a*a+a,9ｮ蛞ﾆｮﾝｮ=瓸XﾇﾂRX	'ﾂZ8ﾎыp.\猟Vｸvﾂ^ｸﾂ膏+ﾜ	�0L$l$�$ｬ$ﾌ$�$%,%L%l%�%ﾇｵ慫ﾘｵ{ﾏｵ�!	畊X
+瓮Xｧﾂ匆ﾎ�甞ﾘ
WﾂNﾘﾗﾂAｸn�;畤x�ыя���┌├┼┓┳荳訳ｻvﾏ羯�<�#a!Ka%�k甬86ﾂｹp!\
[甄ﾘ	{畛87ﾂｭp'ﾜﾂ0族�0腸�0堂�0伐�0焚�0�ﾗr>c7ﾗﾎﾘ糠8ﾂｱｰVﾂ臆N�3a#�ﾂ･ｰｮ�ｰｮ�p#ﾜ
wﾂｽ� 		#	+	3	;	C	K	S	[	cﾉq-�3v德ﾇs坙GﾂB8鳴J8ﾖﾂｩp&lг瓧ｸｶﾂ焚ｵpnЪ甎ｸ�"a#a$a%a&a'a(a)a*a+a,9ｮ蛞ﾆｮﾝｮ=瓸XﾇﾂRX	'ﾂZ8ﾎыp.\猟Vｸvﾂ^ｸﾂ膏+ﾜ	�0L$l$�$ｬ$ﾌ$�$%,%L%l%�%ﾇｵ慫ﾘｵ{ﾏｵ�!	畊X
+瓮Xｧﾂ匆ﾎ�甞ﾘ
WﾂNﾘﾗﾂAｸn�;畤x�ыя���┌├┼┓┳荳訳ｻvﾏ羯�<�#a!Ka%�k甬86ﾂｹp!\
[甄ﾘ	{畛87ﾂｭp'ﾜﾂ0族�0腸�0堂�0伐�0焚�0�ﾗr6c>ｽvﾑ翕=Nｧ�:｢ﾔ1ｵ､Vﾔ	ｵｦNｩ3jC抓ﾔ%ｵ･ｮｨｵｧｮｩuCﾝRwﾔ=阪雅壊拐�����#�+�3ﾊIGﾅk>ﾜ縹ｵB-ｨcjIｭｨjM抒gﾔ�:ｧ.ｨKjK]Q;jO]S黽ｺ･鈺{黶ﾇﾗ��'7GWg箔�0陥ｮ鋼ｸﾇ�(jqЩPﾇﾔ短Q'ﾔ�:･ﾎｨuN]P琳娘｢vﾔ楴ｦﾔuKﾝQ5�'ｮ'ﾎ'�'(.(N(n(�(ｮ(ﾎ('aｯﾝ.状Qﾔ~	ｵ�自%ｵ｢Nｨ5uJ找龕ｺ�.ｩ-uE愷=uMｨ齧ｺ｣鉀jO\O廾ﾜOP\P弃ﾜPQ\Q弉N:ﾂ(^ｻ��逎ｨ5jASKjE抉k齡:｣6ﾔ9uA]R[鼕ﾚQ{齲:P7ﾔ-uGﾝSﾔ8楮�8涅�8�ｸ�8｡ｸ｡8｢ｸ｢8｣徼Рｼｹzo8諌ｵ�自%ｵ｢Nｨ5uJ找龕ｺ�.ｩ-uE愷=uMｨ齧ｺ｣鉀jO\O廾ﾜOP\P弃ﾜPQ\Q弉N:ﾂ(^ｻﾒ逎ｨ･jASKjE抉k齡:｣6ﾔ9uA]R[鼕ﾚQ{齲:P7ﾔ-uGﾝSﾔ8楮�8涅�8�ｸ�8｡ｸ｡8｢ｸ｢8｣徼Рｼvﾃ=ﾎGQｻ/ﾔ�:ｦ網�:｡ﾖﾔ)uFmｨs黷ｺ､ｶﾔｵ｣5u�nｨ[齊ｺｧｨq<q=q>q?q@qAqBqCqDqEqF9�｣x墲ﾌ�恟｢VdｨuL-ｩuBｭｩS鼬ﾚP釀uImｩ+jG愰k鵝ﾝPｷﾔuO=P繆窘窩窰窶竄邃竊竏竓竚rﾒF=��8EmﾒP齪ZR+黻ZSｧﾔｵ｡ﾎｩ齟ﾚRWﾔ尺Sﾗﾔ⊆｡nｩ;龠z�ﾆ�ﾄﾅﾅ	ﾅﾅﾅﾅ螟｣|pﾍnﾛHGﾔ�:ｦ網�:｡ﾖﾔ)uFmｨs黷ｺ､ｶﾔｵ｣5u�nｨ[齊ｺｧｨq<q=q>q?q@qAqBqCqDqEqF9�｣xﾍnﾛHGﾔ�:ｦ網�:｡ﾖﾔ)uFmｨs黷ｺ､ｶﾔｵ｣5u�nｨ[齊ｺｧｨq<q=q>q?q@qAqBqCqDqEqF9�｣xﾍnﾛHGﾔ�:ｦ網�:｡ﾖﾔ)uFmｨs黷ｺ､ｶﾔｵ｣5u�nｨ[齊ｺｧｨq<q=q>q?q@qAqBqCqDqEqF9�｣xﾍnﾛHGﾔ�:ｦ網�:｡ﾖﾔ)uFmｨs黷ｺ､ｶﾔｵ｣5u�nｨ[齊ｺｧｨq<q=q>q?q@qAqBqCqDqEqF9�｣xﾍnﾛHGﾔ�:ｦ網�:｡ﾖﾔ)uFmｨs黷ｺ､ｶﾔｵ｣5u�nｨ[齊ｺｧｨq<q=q>q?q@qAqBqCqDqEqF9�｣xs�(ﾞp｡#jASKjE抉k齡:｣6ﾔ9uA]R[鼕ﾚQ{齲:P7ﾔ-uGﾝSﾔ8楮�8涅�8�ｸ�8｡ｸ｡8｢ｸ｢8｣徼Рｼzﾛ�ｷm､#jASKjE抉k齡:｣6ﾔ9uA]R[鼕ﾚQ{齲:P7ﾔ-uGﾝSﾔ8楮�8涅�8�ｸ�8｡ｸ｡8｢ｸ｢8｣徼Рｼzﾛ�ｷm､#jASKjE抉k齡:｣6ﾔ9uA]R[鼕ﾚQ{齲:P7ﾔ-uGﾝSﾔ8楮�8涅�8�ｸ�8｡ｸ｡8｢ｸ｢8｣徼Рｼzﾛ�ｷm､#jASKjE抉k齡:｣6ﾔ9uA]R[鼕ﾚQ{齲:P7ﾔ-uGﾝSﾔ8楮�8涅�8�ｸ�8｡ｸ｡8｢ｸ｢8｣徼Рｼzﾛ�ｷm､#jASKjE抉k齡:｣6ﾔ9uA]R[鼕ﾚQ{齲:P7ﾔ-uGﾝSﾔ8楮�8涅�8�ｸ�8｡ｸ｡8｢ｸ｢8｣徼t>�ｯﾞｶyﾈm驤ZPﾇﾔ短Q'ﾔ�:･ﾎｨuN]P琳娘｢vﾔ楴ｦﾔuKﾝQ5�'ｮ'ﾎ'�'(.(N(n(�(ｮ(ﾎ('aｯﾞｶyﾈm驤ZPﾇﾔ短Q'ﾔ�:･ﾎｨuN]P琳娘｢vﾔ楴ｦﾔuKﾝQ5�'ｮ'ﾎ'�'(.(N(n(�(ｮ(ﾎ('aｯﾞｶyﾈm驤ZPﾇﾔ短Q'ﾔ�:･ﾎｨuN]P琳娘｢vﾔ楴ｦﾔuKﾝQ5�'ｮ'ﾎ'�'(.(N(n(�(ｮ(ﾎ('aｯﾞｶyﾈm驤ZPﾇﾔ短Q'ﾔ�:･ﾎｨuN]P琳娘｢vﾔ楴ｦﾔuKﾝQ5�'ｮ'ﾎ'�'(.(N(n(�(ｮ(ﾎ('aｯﾞｶyﾈm驤ZPﾇﾔ短Q'ﾔ�:･ﾎｨuN]P琳娘｢vﾔ楴ｦﾔuKﾝQ5�'ｮ'ﾎ'�'(.(N(n(�(ｮ(ﾎ('aoｮﾅ�"tD-ｨcjIｭｨjM抒gﾔ�:ｧ.ｨKjK]Q;jO]S黽ｺ･鈺{黶ﾇﾗ��'7GWg箔�0蓋oﾛ<荼衡D-ｨcjIｭｨjM抒gﾔ�:ｧ.ｨKjK]Q;jO]S黽ｺ･鈺{黶ﾇﾗ��'7GWg箔�0蓋oﾛ<荼衡D-ｨcjIｭｨjM抒gﾔ�:ｧ.ｨKjK]Q;jO]S黽ｺ･鈺{黶ﾇﾗ��'7GWg箔�0蓋oﾛ<荼衡D-ｨcjIｭｨjM抒gﾔ�:ｧ.ｨKjK]Q;jO]S黽ｺ･鈺{黶ﾇﾗ��'7GWg箔�0蓋oﾛ<荼衡D-ｨcjIｭｨjM抒gﾔ�:ｧ.ｨKjK]Q;jO]S黽ｺ･鈺{黶ﾇﾗ��'7GWg箔斜Gﾕﾛ6昇m#Q齪ZR+黻ZSｧﾔｵ｡ﾎｩ齟ﾚRWﾔ尺Sﾗﾔ⊆｡nｩ;龠z�ﾆ�ﾄﾅﾅ	ﾅﾅﾅﾅ螟#娯ﾕﾛ6昇m#Q齪ZR+黻ZSｧﾔｵ｡ﾎｩ齟ﾚRWﾔ尺Sﾗﾔ⊆｡nｩ;龠z�ﾆ�ﾄﾅﾅ	ﾅﾅﾅﾅ螟#娯ﾕﾛ6昇m#Q齪ZR+黻ZSｧﾔｵ｡ﾎｩ齟ﾚRWﾔ尺Sﾗﾔ⊆｡nｩ;龠z�ﾆ�ﾄﾅﾅ	ﾅﾅﾅﾅ螟#娯ﾕﾛ6昇m#Q齪ZR+黻ZSｧﾔｵ｡ﾎｩ齟ﾚRWﾔ尺Sﾗﾔ⊆｡nｩ;龠z�ﾆ�ﾄﾅﾅ	ﾅﾅﾅﾅ螟#娯ﾕﾛ6昇m#Q齪ZR+黻ZSｧﾔｵ｡ﾎｩ齟ﾚRWﾔ尺Sﾗﾔ⊆｡nｩ;龠z�ﾆ�ﾄﾅﾅ	ﾅﾅﾅﾅ螟#娯ﾍﾕ｣xﾃQьｨuL-ｩuBｭｩS鼬ﾚP釀uImｩ+jG愰k鵝ﾝPｷﾔuO=P繆窘窩窰窶竄邃竊竏竓竚rﾒFm姆ﾜｶ綜ｨuL-ｩuBｭｩS鼬ﾚP釀uImｩ+jG愰k鵝ﾝPｷﾔuO=P繆窘窩窰窶竄邃竊竏竓竚rﾒFm姆ﾜｶ綜ｨuL-ｩuBｭｩS鼬ﾚP釀uImｩ+jG愰k鵝ﾝPｷﾔuO=P繆窘窩窰窶竄邃竊竏竓竚rﾒFm姆ﾜｶ綜ｨuL-ｩuBｭｩS鼬ﾚP釀uImｩ+jG愰k鵝ﾝPｷﾔuO=P繆窘窩窰窶竄邃竊竏竓竚rﾒFm姆ﾜｶ綜ｨuL-ｩuBｭｩS鼬ﾚP釀uImｩ+jG愰k鵝ﾝPｷﾔuO=P繆窘窩窰窶竄邃竊竏竓竚rﾒﾑ�(>ｾzﾛ�1ｷm､#jASKjE抉k齡:｣6ﾔ9uA]R[鼕ﾚQ{齲:P7ﾔ-uGﾝSﾔ8楮�8涅�8�ｸ�8｡ｸ｡8｢ｸ｢8｣徼Рｼzﾛ�1ｷm､#jASKjE抉k齡:｣6ﾔ9uA]R[鼕ﾚQ{齲:P7ﾔ-uGﾝSﾔ8楮�8涅�8�ｸ�8｡ｸ｡8｢ｸ｢8｣徼Рｼzﾛ�1ｷm､#jASKjE抉k齡:｣6ﾔ9uA]R[鼕ﾚQ{齲:P7ﾔ-uGﾝSﾔ8楮�8涅�8�ｸ�8｡ｸ｡8｢ｸ｢8｣徼Рｼzﾛ�1ｷm､#jASKjE抉k齡:｣6ﾔ9uA]R[鼕ﾚQ{齲:P7ﾔ-uGﾝSﾔ8楮�8涅�8�ｸ�8｡ｸ｡8｢ｸ｢8｣徼Рｼzﾛ�1ｷm､#jASKjE抉k齡:｣6ﾔ9uA]R[鼕ﾚQ{齲:P7ﾔ-uGﾝSﾔ8楮�8涅�8�ｸ�8｡ｸ｡8｢ｸ｢8｣徼Рｼｹzo8諌ｵ�自%ｵ｢Nｨ5uJ找龕ｺ�.ｩ-uE愷=uMｨ齧ｺ｣鉀jO\O廾ﾜOP\P弃ﾜPQ\Q弉N:ﾂ(^ｽmﾛ6ﾒｵ�自%ｵ｢Nｨ5uJ找龕ｺ�.ｩ-uE愷=uMｨ齧ｺ｣鉀jO\O廾ﾜOP\P弃ﾜPQ\Q弉N:ﾂ(^ｽmﾛ6ﾒｵ�自%ｵ｢Nｨ5uJ找龕ｺ�.ｩ-uE愷=uMｨ齧ｺ｣鉀jO\O廾ﾜOP\P弃ﾜPQ\Q弉N:ﾂ(^ｽmﾛ6ﾒｵ�自%ｵ｢Nｨ5uJ找龕ｺ�.ｩ-uE愷=uMｨ齧ｺ｣鉀jO\O廾ﾜOP\P弃ﾜPQ\Q弉N:ﾂ(^ｽmﾛ6ﾒｵ�自%ｵ｢Nｨ5uJ找龕ｺ�.ｩ-uE愷=uMｨ齧ｺ｣鉀jO\O廾ﾜOP\P弃ﾜPQ\Q弉N::ﾅ岫ｷmnｸm#Q齪ZR+黻ZSｧﾔｵ｡ﾎｩ齟ﾚRWﾔ尺Sﾗﾔ⊆｡nｩ;龠z�ﾆ�ﾄﾅﾅ	ﾅﾅﾅﾅ螟#娯ﾕﾛ67ﾜｶ綜ｨuL-ｩuBｭｩS鼬ﾚP釀uImｩ+jG愰k鵝ﾝPｷﾔuO=P繆窘窩窰窶竄邃竊竏竓竚rﾒFm�nﾛHGﾔ�:ｦ網�:｡ﾖﾔ)uFmｨs黷ｺ､ｶﾔｵ｣5u�nｨ[齊ｺｧｨq<q=q>q?q@qAqBqCqDqEqF9�｣xﾍｷm､#jASKjE抉k齡:｣6ﾔ9uA]R[鼕ﾚQ{齲:P7ﾔ-uGﾝSﾔ8楮�8涅�8�ｸ�8｡ｸ｡8｢ｸ｢8｣徼Рｼzﾛ諞ﾛ6ﾒｵ�自%ｵ｢Nｨ5uJ找龕ｺ�.ｩ-uE愷=uMｨ齧ｺ｣鉀jO\O廾ﾜOP\P弃ﾜPQ\Q弉N:ﾂ(ﾞ\=�7E闊ZPﾇﾔ短Q'ﾔ�:･ﾎｨuN]P琳娘｢vﾔ楴ｦﾔuKﾝQ5�'ｮ'ﾎ'�'(.(N(n(�(ｮ(ﾎ('aｯﾞｶｹ盡衡D-ｨcjIｭｨjM抒gﾔ�:ｧ.ｨKjK]Q;jO]S黽ｺ･鈺{黶ﾇﾗ��'7GWg箔�0蓋oﾛﾜpﾛF:｢ﾔ1ｵ､Vﾔ	ｵｦNｩ3jC抓ﾔ%ｵ･ｮｨｵｧｮｩuCﾝRwﾔ=阪雅壊拐�����#�+�3ﾊIGﾅｫｷmnｸm#Q齪ZR+黻ZSｧﾔｵ｡ﾎｩ齟ﾚRWﾔ尺Sﾗﾔ⊆｡nｩ;龠z�ﾆ�ﾄﾅﾅ	ﾅﾅﾅﾅ螟#娯ﾕﾛ67ﾜｶ綜ｨuL-ｩuBｭｩS鼬ﾚP釀uImｩ+jG愰k鵝ﾝPｷﾔuO=P繆窘窩窰窶竄邃竊竏竓竚rﾒﾑ�(>ｹzﾛ�	ｷm､#jASKjE抉k齡:｣6ﾔ9uA]R[鼕ﾚQ{齲:P7ﾔ-uGﾝSﾔ8楮�8涅�8�ｸ�8｡ｸ｡8｢ｸ｢8｣徼Рｼzﾛ�	ｷm､#jASKjE抉k齡:｣6ﾔ9uA]R[鼕ﾚQ{齲:P7ﾔ-uGﾝSﾔ8楮�8涅�8�ｸ�8｡ｸ｡8｢ｸ｢8｣徼Рｼzﾛ�	ｷm､#jASKjE抉k齡:｣6ﾔ9uA]R[鼕ﾚQ{齲:P7ﾔ-uGﾝSﾔ8楮�8涅�8�ｸ�8｡ｸ｡8｢ｸ｢8｣徼Рｼzﾛ�	ｷm､#jASKjE抉k齡:｣6ﾔ9uA]R[鼕ﾚQ{齲:P7ﾔ-uGﾝSﾔ8楮�8涅�8�ｸ�8｡ｸ｡8｢ｸ｢8｣徼Рｼzﾛ�	ｷm､#jASKjE抉k齡:｣6ﾔ9uA]R[鼕ﾚQ{齲:P7ﾔ-uGﾝSﾔ8楮�8涅�8�ｸ�8｡ｸ｡8｢ｸ｢8｣徼Рｼｹzo8諌ｵ�自%ｵ｢Nｨ5uJ找龕ｺ�.ｩ-uE愷=uMｨ齧ｺ｣鉀jO\O廾ﾜOP\P弃ﾜPQ\Q弉N:ﾂ(^ｽmﾛ6ﾒｵ�自%ｵ｢Nｨ5uJ找龕ｺ�.ｩ-uE愷=uMｨ齧ｺ｣鉀jO\O廾ﾜOP\P弃ﾜPQ\Q弉N:ﾂ(^ｽmﾛ6ﾒｵ�自%ｵ｢Nｨ5uJ找龕ｺ�.ｩ-uE愷=uMｨ齧ｺ｣鉀jO\O廾ﾜOP\P弃ﾜPQ\Q弉N:ﾂ(^ｽmﾛ6ﾒｵ�自%ｵ｢Nｨ5uJ找龕ｺ�.ｩ-uE愷=uMｨ齧ｺ｣鉀jO\O廾ﾜOP\P弃ﾜPQ\Q弉N:ﾂ(^ｽmﾛ6ﾒｵ�自%ｵ｢Nｨ5uJ找龕ｺ�.ｩ-uE愷=uMｨ齧ｺ｣鉀jO\O廾ﾜOP\P弃ﾜPQ\Q弉N::ﾅｧWoﾛ<蠍衡D-ｨcjIｭｨjM抒gﾔ�:ｧ.ｨKjK]Q;jO]S黽ｺ･鈺{黶ﾇﾗ��'7GWg箔止ﾅｻｾ澵ﾛ簀ﾛ�w馞巒ﾑ昞ﾟｾｹｫﾟ焜GnｸwY~v��'ｷ･ｺ�,ﾍﾍﾇn|ｪｧｹ�ｹｩ|尹'�5ｹix崟ｸ居=ﾖﾍgｳ�<�跏ｳn釚|ﾛFO>}菽F7沚�ｿ;o^}飯蝸溿{_ｿ��m�ﾕ銷��ｾ��ｫ熔_ｾ��ﾅｷ雖ﾗﾟｽx飯褶ﾟﾜ{>ｼ済馞�'77償|�靏ﾛﾛ{o�渹�ﾃ�7o�y�ﾞWｿ�暿5ﾜ}�?ｼ~ｷｸ鋻]%o_�Pｽ~�肬ｻ淦ｻﾄﾗw杖羚/��?ﾋｳﾛ�ﾏｾy鋧�ｾ矍�?<ﾎ��ｽI/ｾｹ攸x�ﾍﾋ�ﾜ飯���ﾟ�痢ﾜ=�銖留ﾞｾ}��踐ﾅWｷｯﾟｸyﾓ?��ﾆｯ_ｽz鋙?a錞ｷ?�p�?ﾜｾ硺�Kｻ詹鴃5ﾟ�*ﾝ3���ｯ^ｿ}�粢ﾛｻGｻｾ{ﾇ_|[�繒?ｽ旻ﾞｾｾ�(~捗涸��ﾝ{��ﾇﾋ袱黍_~��ﾛﾟ�bﾟﾟ蠹g�Wｯ���ﾌ�ﾅ�PKQ氿<�9  ｵV PK  ｡hBR            $   xl/worksheets/_rels/sheet52.xml.rels刻A
ﾂ0EｯfoRE､i7"ｸﾕz�朗ﾛ`;	ﾉ(z{ｳｴ篦虍ｿ)�4�ﾆ�<iXﾊ禎ｭ｣^ﾃ･9,ｶ jﾍ�	5睡ｺ*O8ﾎ�4ｸ織FPﾒ00�Rﾉ8�$}@ﾊ緑ﾇﾉp竺Wﾁﾘ幃Qｭ鈎｣�'覘ql5ﾄcｻﾑ俘#k審��1梠9��^ﾉｫ｣ﾜx�ﾆw攀ｸ>!�ｩ�PUｩfｯWoPK�"㌦ｴ   @  PK  ｡hBR               xl/worksheets/sheet53.xml昊ﾝｯy槧�Eﾟﾍt�Gm��&Yd薦ｲXﾅ簽擱皦ｷｰ齧,ｩ軋� |聢ﾘ1折綻$ｹ梶8Xﾛ�?ﾆｻc�*�B�ｺｧIｾ4SﾜﾁZz旻)>ｽｿ%ｵ�+������錝�;ｿｾyﾙ具?ｿ{�滿ｽs���/ｾz��7渝�睿ﾗｿx|�7Oｿ���ﾟﾟ|~7ｯ��ﾃ?�ｿ��7/^�oonﾞﾜｹｽﾂ?{ﾝoﾟｼy'涵�幢楡�蜍�7ﾟﾟ~溿ｯｾ{桄ｯｾﾅﾗ_?靑fﾋｾｻ��ﾍ'W毯橳展7ﾏ淦ｹ}ﾟ>{訒ｫ}淪}ﾕ��_ｾ褊%~7ｿ{wﾑ/{棍_鮟g_ｾzﾅﾗo~y﨟榠'ｯ_ｾｺy晥ｻWy徹桎偏__ｯﾋﾜ{p���ﾛ竫K]�ｯu�ﾓｵｮ�pｱ�ﾇ�=�b/ｳ栲ﾝ�����G�ｼ�餔��ﾋﾏﾊoｾ魃槧Fmｾｽﾆ�ｯn�w�ｧ'ﾗ蹐<{�ﾞ~ｮﾏｾｿ�6ｲwZｿｺs莽粳wｷﾕｾ府?甍ﾞﾙmHo_ﾃ抔7_~7�>Ku�ｧｾ橫ﾛ7ﾏn~鑒w�簀具ﾚ/�>ｿYｼ}ﾏoｻ�[ﾞ�ｫ/��沢ﾝSx蕙;ｿm_ﾞｶﾝﾛｷ�w~鄧7/^V7_ｿﾜ<ｿｽﾄ炯P桎ﾙｯo�o藐/ﾞｼy孃ﾟｼ屏7ｷｫq��衆鮻熔ﾃ�ｸﾌ�ﾅｼ�睨ﾉ暦.}鄕ｮ{駢ｾRo滬ﾟ{=�'?{ｳ�｢x梁刕鋠ﾍﾗOx�ｦyﾉﾍﾛ近~�y}嶢ﾛｨ>﨩wﾃ嶼_ﾞﾞ,n?柔ﾞｻ�ｾ|ﾞﾙﾛﾗm丹霻涸y孃o?ｪO�倞�ｻｷ迦~睛^ﾟｾ�燾/ﾟ鈊圃_碎ﾃ�?��/ｻﾂ�'?>援�?*O~~�oﾎ衆�ﾝ1|桄鰥涵z;ｯﾞz}靖ｿｾ�ﾑgo淪ﾛ7蓐ﾑ緒�ﾓ[ﾄ鷯ｱ_ｾｽL:ｷ輜_ﾖ嵭^ｿ鈐ｯ��ﾃo�ﾗ�ﾅO�8�Oｸ.�p%l┓p-�畄ｸ蠇ar､涵鉙~ﾝ?�.w��ﾕ�}BO鵫ﾊ菘磔gﾟｼ侊�?�ﾛ��ﾓ?瀇�菫ｿ毖�ｿ���ｽ;ｿｸs�?��yt糞ｧz妻�=y;u}2;zﾗ�ﾘ｣涸S_|ﾀ'ﾇ㈱ｯm���ﾃ鴪皀f����ﾏ磑ｲOtﾙ���
a)�
gﾂﾊﾏ齲/vｮ+,Кa-\	a+\;ｿｨⅣzQ]a+ﾜ	�0｡~AP�ｵ��?ﾜ�L.l.�.ﾕ憎ﾝ麩pｸ<|�0緒���溘狹ﾉ�㎏��t鉦ﾛ謄悔E�ﾊ�濛%l
嵜ｷ�?ｷ�#O姐�9.ｺ�-a5lk`-l�ﾓ}菁xﾈqﾑ-lﾛﾃｰDp 
GﾂoGﾆy?>2ﾙｺｮﾚ岩ﾊLX����#�z�鰊?�z�ｳ��Goﾋ�~z撻撩ｽﾖﾙB�6~緒O.傀,�-}盟}哄,�3椰�ｪﾒ檢ｼ｡,|訳ｺｶ\�,?癜ﾏ�n|�f��0ﾗ���:ｽ�fzﾅｶ>ﾋv<{�5���g'>�ﾘ:�t�	_[�,*ｾiﾜ酩吮�;Lﾆ橳31ﾋ�>ﾌ.3v蕗3ｬT<�?�胝���汯ﾝソ滌+��~�/���Ⅵ�鄙�ｫｿz����?�ﾟ�ﾟ����/ｿB､ｧﾁ�v4�fﾔ絖ﾑ耄ｸﾇ僮�3e�3ﾓgf=ﾎT=ﾎﾌ{弸�8ｳ�ｦ緖fﾕ絖ﾓ絖ﾛ耄ｺﾇ咒���ﾗﾙ�8ｳ�fﾟ脩z\'駸闍>�桂擎j�kⅢkﾆ=ﾞｦﾗ�ﾘﾘ�ﾙT�渤ﾁ歃xrﾙ��ﾟ���ﾑｳ與O��83麭ｦ鑷fﾜ耄､ﾇ甸ﾇ冓�3ｳgｪg�=ﾎ,z弸�8S�8ｳ麭ｦ駲ｦ厲fﾝ絖ﾗ｣ﾕM壌l{憖�8ｳ�賻絖r|ﾈｿ-?儺ﾟ綷j擎j�kⅢk卲k擎k�lⅢl卲l�靂槹ﾁﾟ�ﾁﾉEｷﾟﾐ��ｷ�ﾍｿ飼ｿ�ｿ�ﾞﾆｺﾘ絜q'�#�hﾔ躅ﾑ醪ｸﾏ｡I櫃e櫃ﾓ>㌶}U}ﾍ�Z�9ｴ�ｨ罇hﾕ躅ﾓ躅ﾛ醪ｺﾏ｡ｮﾏ｡M櫃ﾛ>�}燾:�9簸:u:ﾃ�=zｯSｽｦ8ｽﾆ8ｽ�8ｧ�?e9拇�*ﾖk晩k盲k�:ﾍﾇﾌt~ｯ?]肉傔累��ﾍｿ{Gﾏﾕ靡r�#⑦}'�ｹ収\iﾒ蹕e�+M�奎9T�94�hﾑ醪ｲﾏ｡ｺﾏ｡U櫃M櫃m櫃�>�>ﾏ文}燁ﾚ�9t鑚(騏黎�?vｯ�ｪﾗｧﾗｧﾗｧﾗ 輻�?鍈ｧzﾍrzs��4渝�.ｽﾗ_]vｯ���7����円腱_ﾏ｡Q櫃E櫃�>�&}扶M�奎9T�94�hﾑ醪ｲﾏ｡ｺﾏ｡U櫃M櫃m櫃�>�>�6}m�ﾚ�9ｴ�靤躅ﾒ���ﾟ躓ｯ)Nｯ1Nｯ9ﾎ� 瀇ｦN'ﾙｧz荒zﾍrzs��4渝�/ﾝｾw�｢�瀅��赱�w��sﾟ�=W�ﾂ;89{}修｣>㈱>�}M�*�奚94�ｨ�煮犾iﾑ醪ｲﾏ｡ｺﾏ｡U櫃M櫃m櫃�>�ﾗ蹕�>�}燁ﾚ�9t鑚(騏黎�?vｯ�ｪﾗｧﾗｧﾗｧﾗ ｧﾗ$ｧﾗ(ｧﾗ,ｧﾗ0輻��ﾔｽ�ﾁ･ﾝ��ｿ�ｫ少ﾌ�･?z｣_ﾏ｡Q櫃E櫃�>�&}扶M�奎9T�94�hﾑ醪ｲﾏ｡ｺﾏ｡U櫃M櫃m櫃�>�>纊iﾛ醪ｮﾏ｡}櫃�>∫^ｧNg7�>ｧzMqz航N鋩czﾓ躬ｽ&9ｽF9ｽf9ｽ�9|墹o_瑢ﾞ隸/ｺﾑ����漱.}鶴p春pr�#ｷ�⑦}ｧOﾊｷ�W奐ｹRﾙ蹕ﾓ>㌶}U}榠ｼﾏ�}-�ｪ�Z�9ﾔ�9ﾔ�9ｴⅴ>u'�ﾍﾛｸm櫃ｻ>�}檍｡ﾏ葡鉄ﾙｸ鴣��5ﾄ�5ﾅ�5ﾆ9拂?﨧A$畯�襁壼�譛N�邱ｿ�'o�ｼﾍ��J	ﾂ｡p$,�瓮X
ｧﾂ匆ﾎ�甞XWﾂFﾘ
ﾗﾂNｸn�;畤x�ыя���┌├┼┓┳荳訳;�{�rﾆiﾆ