事業所規模,産業,和暦年,西暦年,年平均・月,現金給与総額／計(円),現金給与総額／男(円),現金給与総額／女(円),きまって支給する給与／計(円),きまって支給する給与／男(円),きまって支給する給与／女(円),所定内給与(円),超過労働給与(円),特別に支払われた給与／計(円),特別に支払われた給与／男(円),特別に支払われた給与／女(円)
30人以上,TL 調査産業計,平成17,2005,年平均,485455,578241,308985,376360,444836,246126,347840,28520,109095,133405,62859
30人以上,TL 調査産業計,平成18,2006,年平均,489455,584977,312629,374252,443004,246981,345002,29250,115203,141973,65648
30人以上,TL 調査産業計,平成19,2007,年平均,488551,577529,318891,374024,436871,254190,345788,28236,114527,140658,64701
30人以上,TL 調査産業計,平成19,2007,1月,380187,446036,255245,369857,433147,249770,342608,27249,10330,12889,5475
30人以上,TL 調査産業計,平成19,2007,2月,382501,450126,251910,368912,432075,246937,341341,27571,13589,18051,4973
30人以上,TL 調査産業計,平成19,2007,3月,412102,482667,276496,374085,437915,251421,344963,29122,38017,44752,25075
30人以上,TL 調査産業計,平成19,2007,4月,400747,467567,273010,380926,443250,261783,350456,30470,19821,24317,11227
30人以上,TL 調査産業計,平成19,2007,5月,395507,459810,273419,371560,432352,256137,342911,28649,23947,27458,17282
30人以上,TL 調査産業計,平成19,2007,6月,852547,1035815,505245,373691,435900,255801,345877,27814,478856,599915,249444
30人以上,TL 調査産業計,平成19,2007,7月,505115,594677,335496,372890,435267,254755,344795,28095,132225,159410,80741
30人以上,TL 調査産業計,平成19,2007,8月,384389,449729,259776,373682,436420,254032,345963,27719,10707,13309,5744
30人以上,TL 調査産業計,平成19,2007,9月,383515,446997,262404,373687,435984,254836,347088,26599,9828,11013,7568
30人以上,TL 調査産業計,平成19,2007,10月,385564,450897,261566,376245,439996,255249,348739,27506,9319,10901,6317
30人以上,TL 調査産業計,平成19,2007,11月,425757,499563,284698,376320,439395,255770,347211,29109,49437,60168,28928
30人以上,TL 調査産業計,平成19,2007,12月,947191,1138434,582056,376358,440707,253499,347407,28951,570833,697727,328557
30人以上,D 鉱業,平成17,2005,年平均,687071,754997,384855,457838,500728,267011,448824,9014,229233,254269,117844
30人以上,D 鉱業,平成18,2006,年平均,703153,772912,385894,453473,494582,266513,444886,8587,249680,278330,119381
30人以上,D 鉱業,平成19,2007,年平均,667289,728738,394115,466148,508569,277563,434236,31912,201141,220169,116552
30人以上,D 鉱業,平成19,2007,1月,480700,525760,278049,471658,515668,273728,440416,31242,9042,10092,4321
30人以上,D 鉱業,平成19,2007,2月,469130,512203,274645,465877,508466,273574,432896,32981,3253,3737,1071
30人以上,D 鉱業,平成19,2007,3月,494274,536043,305294,465855,508341,273629,434885,30970,28419,27702,31665
30人以上,D 鉱業,平成19,2007,4月,452437,490943,283435,428793,468324,255292,392881,35912,23644,22619,28143
30人以上,D 鉱業,平成19,2007,5月,483181,526289,296609,476892,519045,294457,440970,35922,6289,7244,2152
30人以上,D 鉱業,平成19,2007,6月,1830217,2016072,1014623,466698,508911,281454,437139,29559,1363519,1507161,733169
30人以上,D 鉱業,平成19,2007,7月,464917,505214,288897,460536,500584,285603,429988,30548,4381,4630,3294
30人以上,D 鉱業,平成19,2007,8月,464996,507917,279896,462298,505139,277542,431371,30927,2698,2778,2354
30人以上,D 鉱業,平成19,2007,9月,502863,548548,304099,472116,517477,274760,443237,28879,30747,31071,29339
30人以上,D 鉱業,平成19,2007,10月,497425,540571,302987,474787,519261,274365,446361,28426,22638,21310,28622
30人以上,D 鉱業,平成19,2007,11月,480414,522329,288092,476758,518176,286715,444139,32619,3656,4153,1377
30人以上,D 鉱業,平成19,2007,12月,1380802,1503402,816808,471798,513616,279420,436924,34874,909004,989786,537388
30人以上,E 建設業,平成17,2005,年平均,535192,562386,319911,439710,462693,257762,413105,26605,95482,99693,62149
30人以上,E 建設業,平成18,2006,年平均,521741,548150,312921,426418,448269,253634,398714,27704,95323,99881,59287
30人以上,E 建設業,平成19,2007,年平均,518836,548764,317835,415565,440055,251087,384480,31085,103271,108709,66748
30人以上,E 建設業,平成19,2007,1月,416370,441102,244329,413867,438498,242526,383312,30555,2503,2604,1803
30人以上,E 建設業,平成19,2007,2月,418294,443531,244749,416151,441301,243208,384382,31769,2143,2230,1541
30人以上,E 建設業,平成19,2007,3月,444426,470597,264074,426291,451939,249544,391447,34844,18135,18658,14530
30人以上,E 建設業,平成19,2007,4月,442753,468996,268151,425773,450197,263274,391965,33808,16980,18799,4877
30人以上,E 建設業,平成19,2007,5月,443140,469545,268623,411683,435821,252151,383481,28202,31457,33724,16472
30人以上,E 建設業,平成19,2007,6月,793455,835536,511953,414440,438504,253468,385273,29167,379015,397032,258485
30人以上,E 建設業,平成19,2007,7月,588930,625408,347040,408530,432182,251690,380208,28322,180400,193226,95350
30人以上,E 建設業,平成19,2007,8月,415942,440908,252029,413640,438574,249935,383073,30567,2302,2334,2094
30人以上,E 建設業,平成19,2007,9月,418711,443137,256912,413153,437469,252081,384172,28981,5558,5668,4831
30人以上,E 建設業,平成19,2007,10月,419384,443503,258674,413934,437892,254297,380624,33310,5450,5611,4377
30人以上,E 建設業,平成19,2007,11月,470156,498863,277425,413203,437371,250947,381059,32144,56953,61492,26478
30人以上,E 建設業,平成19,2007,12月,948201,997587,614814,416510,441284,249269,384989,31521,531691,556303,365545
30人以上,F 製造業,平成17,2005,年平均,533669,595212,328622,402853,446609,257068,369714,33139,130816,148603,71554
30人以上,F 製造業,平成18,2006,年平均,539502,600367,336558,401556,443630,261266,368073,33483,137946,156737,75292
30人以上,F 製造業,平成19,2007,年平均,556032,623150,338681,414451,461661,261569,384945,29506,141581,161489,77112
30人以上,F 製造業,平成19,2007,1月,421421,469392,263564,414753,462462,257760,385892,28861,6668,6930,5804
30人以上,F 製造業,平成19,2007,2月,418185,465767,261704,414373,461508,259362,384639,29734,3812,4259,2342
30人以上,F 製造業,平成19,2007,3月,425645,473627,268099,415802,463337,259722,384576,31226,9843,10290,8377
30人以上,F 製造業,平成19,2007,4月,442830,490574,287259,418737,465764,265503,387837,30900,24093,24810,21756
30人以上,F 製造業,平成19,2007,5月,424547,471903,271048,408406,454093,260317,379662,28744,16141,17810,10731
30人以上,F 製造業,平成19,2007,6月,1043034,1186248,580376,414577,461175,264040,385534,29043,628457,725073,316336
30人以上,F 製造業,平成19,2007,7月,586124,654914,364605,411097,457605,261330,381177,29920,175027,197309,103275
30人以上,F 製造業,平成19,2007,8月,418126,466206,263494,412717,460000,260649,383700,29017,5409,6206,2845
30人以上,F 製造業,平成19,2007,9月,418480,465829,265706,413558,460496,262111,385805,27753,4922,5333,3595
30人以上,F 製造業,平成19,2007,10月,419256,467415,264551,415071,463056,260927,386189,28882,4185,4359,3624
30人以上,F 製造業,平成19,2007,11月,452310,503984,286569,417811,465046,266305,387285,30526,34499,38938,20264
30人以上,F 製造業,平成19,2007,12月,1195770,1358209,677714,416626,465542,260622,387119,29507,779144,892667,417092
30人以上,G 電気・ガス・熱供給・水道業,平成17,2005,年平均,724575,765424,454964,527717,556872,335291,468327,59390,196858,208552,119673
30人以上,G 電気・ガス・熱供給・水道業,平成18,2006,年平均,719901,760008,459875,526614,554685,344621,468305,58309,193287,205323,115254
30人以上,G 電気・ガス・熱供給・水道業,平成19,2007,年平均,663881,709198,457333,482533,514951,334777,434357,48176,181348,194247,122556
30人以上,G 電気・ガス・熱供給・水道業,平成19,2007,1月,499752,534476,341348,483872,516797,333676,437087,46785,15880,17679,7672
30人以上,G 電気・ガス・熱供給・水道業,平成19,2007,2月,483903,517426,330412,483903,517426,330412,434140,49763,0,0,0
30人以上,G 電気・ガス・熱供給・水道業,平成19,2007,3月,510507,543734,357877,493277,525309,346134,439065,54212,17230,18425,11743
30人以上,G 電気・ガス・熱供給・水道業,平成19,2007,4月,511734,544745,360293,488615,519691,346052,437894,50721,23119,25054,14241
30人以上,G 電気・ガス・熱供給・水道業,平成19,2007,5月,478609,509468,337341,478515,509361,337310,436601,41914,94,107,31
30人以上,G 電気・ガス・熱供給・水道業,平成19,2007,6月,1501914,1605874,1027614,476343,507411,334601,431620,44723,1025571,1098463,693013
30人以上,G 電気・ガス・熱供給・水道業,平成19,2007,7月,481238,513039,336958,481218,513022,336926,429214,52004,20,17,32
30人以上,G 電気・ガス・熱供給・水道業,平成19,2007,8月,478257,510297,332836,478257,510297,332836,426818,51439,0,0,0
30人以上,G 電気・ガス・熱供給・水道業,平成19,2007,9月,478476,510796,331561,478476,510796,331561,430647,47829,0,0,0
30人以上,G 電気・ガス・熱供給・水道業,平成19,2007,10月,520246,554586,364802,485987,519215,335579,436306,49681,34259,35371,29223
30人以上,G 電気・ガス・熱供給・水道業,平成19,2007,11月,632944,672245,454886,484771,518729,330921,437292,47479,148173,153516,123965
30人以上,G 電気・ガス・熱供給・水道業,平成19,2007,12月,1382657,1487066,907227,477265,511513,321314,435588,41677,905392,975553,585913
30人以上,H 情報通信業,平成17,2005,年平均,553746,597950,402613,427372,460554,313922,376944,50428,126374,137396,88691
30人以上,H 情報通信業,平成18,2006,年平均,549214,593086,394218,423604,455972,309249,374936,48668,125610,137114,84969
30人以上,H 情報通信業,平成19,2007,年平均,513151,549362,373543,391181,416954,291815,350867,40314,121970,132408,81728
30人以上,H 情報通信業,平成19,2007,1月,393662,421052,297020,384442,411334,289557,347164,37278,9220,9718,7463
30人以上,H 情報通信業,平成19,2007,2月,382538,409788,281575,379073,405889,279718,340897,38176,3465,3899,1857
30人以上,H 情報通信業,平成19,2007,3月,444818,472811,335358,395033,418417,303595,353201,41832,49785,54394,31763
30人以上,H 情報通信業,平成19,2007,4月,415317,442173,310253,399237,424639,299862,354614,44623,16080,17534,10391
30人以上,H 情報通信業,平成19,2007,5月,435608,462665,330388,388147,412695,292685,347128,41019,47461,49970,37703
30人以上,H 情報通信業,平成19,2007,6月,856580,932427,559742,393153,418691,293206,355492,37661,463427,513736,266536
30人以上,H 情報通信業,平成19,2007,7月,547860,579493,425441,389112,414535,290727,349233,39879,158748,164958,134714
30人以上,H 情報通信業,平成19,2007,8月,400964,427354,298882,391528,417686,290340,349791,41737,9436,9668,8542
30人以上,H 情報通信業,平成19,2007,9月,421952,447864,321672,395710,422266,292939,357599,38111,26242,25598,28733
30人以上,H 情報通信業,平成19,2007,10月,399753,426220,296280,391445,417356,290145,352232,39213,8308,8864,6135
30人以上,H 情報通信業,平成19,2007,11月,467784,499459,342013,392725,418478,290470,350386,42339,75059,80981,51543
30人以上,H 情報通信業,平成19,2007,12月,978776,1052437,688597,394230,420840,289404,352312,41918,584546,631597,399193
30人以上,I 運輸業,平成17,2005,年平均,424538,452616,286113,349281,373584,229469,296455,52826,75257,79032,56644
30人以上,I 運輸業,平成18,2006,年平均,437294,484627,277209,353062,394731,212136,297227,55835,84232,89896,65073
30人以上,I 運輸業,平成19,2007,年平均,439176,458936,301130,357798,374371,242017,305006,52792,81378,84565,59113
30人以上,I 運輸業,平成19,2007,1月,373903,391246,246013,358578,374178,243542,304933,53645,15325,17068,2471
30人以上,I 運輸業,平成19,2007,2月,365096,379495,257693,361858,376337,253862,309119,52739,3238,3158,3831
30人以上,I 運輸業,平成19,2007,3月,382298,401126,239725,363228,381763,222874,308744,54484,19070,19363,16851
30人以上,I 運輸業,平成19,2007,4月,405780,418262,315423,371531,387222,257950,313452,58079,34249,31040,57473
30人以上,I 運輸業,平成19,2007,5月,356228,371982,248865,347553,363027,242104,296685,50868,8675,8955,6761
30人以上,I 運輸業,平成19,2007,6月,587815,615555,394513,353033,368892,242523,301816,51217,234782,246663,151990
30人以上,I 運輸業,平成19,2007,7月,503688,522366,376683,354823,370877,245660,303842,50981,148865,151489,131023
30人以上,I 運輸業,平成19,2007,8月,369537,387342,248894,354776,371398,242152,303510,51266,14761,15944,6742
30人以上,I 運輸業,平成19,2007,9月,363286,380009,250873,354553,371992,237330,300169,54384,8733,8017,13543
30人以上,I 運輸業,平成19,2007,10月,359444,378108,235450,354077,372363,232599,304229,49848,5367,5745,2851
30人以上,I 運輸業,平成19,2007,11月,420887,436463,312786,360026,376646,244685,306822,53204,60861,59817,68101
30人以上,I 運輸業,平成19,2007,12月,782952,828901,476255,359656,377675,239385,306852,52804,423296,451226,236870
30人以上,J 卸売・小売業,平成17,2005,年平均,481308,623845,263941,359771,457338,210983,343884,15887,121537,166507,52958
30人以上,J 卸売・小売業,平成18,2006,年平均,500146,637061,283779,370677,462824,225058,352531,18146,129469,174237,58721
30人以上,J 卸売・小売業,平成19,2007,年平均,469437,603119,259337,351492,439989,212407,333564,17928,117945,163130,46930
30人以上,J 卸売・小売業,平成19,2007,1月,358661,448650,217698,345842,433276,208882,328813,17029,12819,15374,8816
30人以上,J 卸売・小売業,平成19,2007,2月,358937,454295,209109,346074,435686,205275,329019,17055,12863,18609,3834
30人以上,J 卸売・小売業,平成19,2007,3月,368856,463633,220200,346743,437495,204400,329149,17594,22113,26138,15800
30人以上,J 卸売・小売業,平成19,2007,4月,378323,476307,226230,356608,444473,220222,337131,19477,21715,31834,6008
30人以上,J 卸売・小売業,平成19,2007,5月,366679,456744,228211,349151,433862,218914,331098,18053,17528,22882,9297
30人以上,J 卸売・小売業,平成19,2007,6月,868315,1180521,387273,350896,437774,217036,333359,17537,517419,742747,170237
30人以上,J 卸売・小売業,平成19,2007,7月,533233,673151,313948,353251,441408,215087,335134,18117,179982,231743,98861
30人以上,J 卸売・小売業,平成19,2007,8月,373719,467299,221876,356140,443193,214887,338485,17655,17579,24106,6989
30人以上,J 卸売・小売業,平成19,2007,9月,359729,449332,217625,352443,440363,213009,335348,17095,7286,8969,4616
30人以上,J 卸売・小売業,平成19,2007,10月,366008,459766,217935,358169,448962,214778,340165,18004,7839,10804,3157
30人以上,J 卸売・小売業,平成19,2007,11月,386637,492493,221429,347656,438064,206558,328963,18693,38981,54429,14871
30人以上,J 卸売・小売業,平成19,2007,12月,912527,1212032,430466,354889,445140,209628,336050,18839,557638,766892,220838
30人以上,K 金融・保険業,平成17,2005,年平均,659549,832394,411095,493947,616736,317446,459820,34127,165602,215658,93649
30人以上,K 金融・保険業,平成18,2006,年平均,665970,854670,405286,477733,604344,302824,443159,34574,188237,250326,102462
30人以上,K 金融・保険業,平成19,2007,年平均,689196,882674,414861,501964,629055,321760,469262,32702,187232,253619,93101
30人以上,K 金融・保険業,平成19,2007,1月,495391,615531,313565,494022,614187,312158,462477,31545,1369,1344,1407
30人以上,K 金融・保険業,平成19,2007,2月,584505,760926,321148,487320,613708,298652,457116,30204,97185,147218,22496
30人以上,K 金融・保険業,平成19,2007,3月,623912,789883,380062,506914,631736,323522,473188,33726,116998,158147,56540
30人以上,K 金融・保険業,平成19,2007,4月,532239,659770,350002,521126,648130,339643,483789,37337,11113,11640,10359
30人以上,K 金融・保険業,平成19,2007,5月,566444,724126,344666,500446,627178,322199,464249,36197,65998,96948,22467
30人以上,K 金融・保険業,平成19,2007,6月,1444562,1912154,796672,502663,631597,324014,468115,34548,941899,1280557,472658
30人以上,K 金融・保険業,平成19,2007,7月,580063,744123,363776,503428,640727,322422,470079,33349,76635,103396,41354
30人以上,K 金融・保険業,平成19,2007,8月,518860,652673,334586,506971,637616,327060,476032,30939,11889,15057,7526
30人以上,K 金融・保険業,平成19,2007,9月,512058,636427,335621,499415,622149,325298,470410,29005,12643,14278,10323
30人以上,K 金融・保険業,平成19,2007,10月,509851,638668,328804,496748,621528,321375,465996,30752,13103,17140,7429
30人以上,K 金融・保険業,平成19,2007,11月,501877,628943,323210,499352,626285,320870,466616,32736,2525,2658,2340
30人以上,K 金融・保険業,平成19,2007,12月,1370337,1799154,761228,504566,633551,321351,472598,31968,865771,1165603,439877
30人以上,L 不動産業,平成17,2005,年平均,487709,578381,271356,370030,434779,215533,348941,21089,117679,143602,55823
30人以上,L 不動産業,平成18,2006,年平均,510886,604684,290160,376647,441400,224269,354203,22444,134239,163284,65891
30人以上,L 不動産業,平成19,2007,年平均,492626,571667,300647,372630,428126,237839,350078,22552,119996,143541,62808
30人以上,L 不動産業,平成19,2007,1月,390958,448295,248389,368955,421157,239155,346946,22009,22003,27138,9234
30人以上,L 不動産業,平成19,2007,2月,379346,437531,236704,376080,433649,234950,354248,21832,3266,3882,1754
30人以上,L 不動産業,平成19,2007,3月,411349,473691,259158,375537,432872,235568,351979,23558,35812,40819,23590
30人以上,L 不動産業,平成19,2007,4月,412548,474633,259794,380004,434020,247102,354848,25156,32544,40613,12692
30人以上,L 不動産業,平成19,2007,5月,396062,452688,256854,374065,427347,243077,350538,23527,21997,25341,13777
30人以上,L 不動産業,平成19,2007,6月,778049,914722,448099,368711,423953,235349,346823,21888,409338,490769,212750
30人以上,L 不動産業,平成19,2007,7月,563215,659545,331201,372551,428051,238876,350336,22215,190664,231494,92325
30人以上,L 不動産業,平成19,2007,8月,382429,440214,244434,367938,423918,234253,346184,21754,14491,16296,10181
30人以上,L 不動産業,平成19,2007,9月,398573,459070,252854,371029,427518,234963,350556,20473,27544,31552,17891
30人以上,L 不動産業,平成19,2007,10月,387421,446714,245060,374540,431456,237886,352460,22080,12881,15258,7174
30人以上,L 不動産業,平成19,2007,11月,394276,453835,248853,371746,426223,238730,348193,23553,22530,27612,10123
30人以上,L 不動産業,平成19,2007,12月,1004333,1188081,564854,370623,427607,234332,348028,22595,633710,760474,330522
30人以上,"M 飲食店,宿泊業",平成17,2005,年平均,217897,294804,136134,193583,258579,124484,181489,12094,24314,36225,11650
30人以上,"M 飲食店,宿泊業",平成18,2006,年平均,200659,272914,129696,178471,237650,120350,166728,11743,22188,35264,9346
30人以上,"M 飲食店,宿泊業",平成19,2007,年平均,266642,357157,156411,226784,297289,140923,211288,15496,39858,59868,15488
30人以上,"M 飲食店,宿泊業",平成19,2007,1月,231763,307530,141218,231088,306669,140766,215891,15197,675,861,452
30人以上,"M 飲食店,宿泊業",平成19,2007,2月,234656,310721,139718,234656,310721,139718,219636,15020,0,0,0
30人以上,"M 飲食店,宿泊業",平成19,2007,3月,310423,429987,161549,230507,303794,139254,217124,13383,79916,126193,22295
30人以上,"M 飲食店,宿泊業",平成19,2007,4月,233769,302235,146571,232582,301039,145395,217346,15236,1187,1196,1176
30人以上,"M 飲食店,宿泊業",平成19,2007,5月,244210,319397,148354,235537,306476,145097,219613,15924,8673,12921,3257
30人以上,"M 飲食店,宿泊業",平成19,2007,6月,342864,476002,182567,221792,292547,136603,208008,13784,121072,183455,45964
30人以上,"M 飲食店,宿泊業",平成19,2007,7月,273830,369765,158341,226083,298823,138517,211217,14866,47747,70942,19824
30人以上,"M 飲食店,宿泊業",平成19,2007,8月,242283,315421,154783,220782,287334,141161,203722,17060,21501,28087,13622
30人以上,"M 飲食店,宿泊業",平成19,2007,9月,227510,295028,146058,224575,290972,144475,208857,15718,2935,4056,1583
30人以上,"M 飲食店,宿泊業",平成19,2007,10月,226350,297836,140976,225749,296987,140670,208787,16962,601,849,306
30人以上,"M 飲食店,宿泊業",平成19,2007,11月,227228,299556,141303,219062,286859,138519,203167,15895,8166,12697,2784
30人以上,"M 飲食店,宿泊業",平成19,2007,12月,402071,560352,213118,219846,285664,141273,203043,16803,182225,274688,71845
30人以上,"N 医療,福祉",平成17,2005,年平均,415748,566866,355428,323693,436008,278862,300964,22729,92055,130858,76566
30人以上,"N 医療,福祉",平成18,2006,年平均,419640,581505,351120,321949,439532,272174,298773,23176,97691,141973,78946
30人以上,"N 医療,福祉",平成19,2007,年平均,409266,540523,368412,324920,438187,289666,304927,19993,84346,102336,78746
30人以上,"N 医療,福祉",平成19,2007,1月,322734,432217,290185,322108,431019,289729,301079,21029,626,1198,456
30人以上,"N 医療,福祉",平成19,2007,2月,321574,432851,286871,320044,431133,285399,297995,22049,1530,1718,1472
30人以上,"N 医療,福祉",平成19,2007,3月,352575,459216,319399,317272,428023,282818,298521,18751,35303,31193,36581
30人以上,"N 医療,福祉",平成19,2007,4月,336395,451097,301276,331169,444756,296391,310982,20187,5226,6341,4885
30人以上,"N 医療,福祉",平成19,2007,5月,346644,446759,315303,325356,435481,290882,304810,20546,21288,11278,24421
30人以上,"N 医療,福祉",平成19,2007,6月,628984,816794,570769,323368,433858,289120,302828,20540,305616,382936,281649
30人以上,"N 医療,福祉",平成19,2007,7月,419823,560412,375843,322797,434094,287980,303270,19527,97026,126318,87863
30人以上,"N 医療,福祉",平成19,2007,8月,324074,439029,286880,322920,436977,286016,303984,18936,1154,2052,864
30人以上,"N 医療,福祉",平成19,2007,9月,329539,443796,294191,327658,442516,292124,308901,18757,1881,1280,2067
30人以上,"N 医療,福祉",平成19,2007,10月,338061,461236,298178,329399,448218,290926,310682,18717,8662,13018,7252
30人以上,"N 医療,福祉",平成19,2007,11月,358402,466202,325051,328325,445634,292032,308320,20005,30077,20568,33019
30人以上,"N 医療,福祉",平成19,2007,12月,829627,1080045,752772,328481,445981,292419,307587,20894,501146,634064,460353
30人以上,"O 教育,学習支援業",平成17,2005,年平均,463678,541219,372754,341567,393876,280230,332608,8959,122111,147343,92524
30人以上,"O 教育,学習支援業",平成18,2006,年平均,469498,550103,377972,345513,401048,282453,336051,9462,123985,149055,95519
30人以上,"O 教育,学習支援業",平成19,2007,年平均,552051,641962,438632,400882,464028,321227,381401,19481,151169,177934,117405
30人以上,"O 教育,学習支援業",平成19,2007,1月,398815,459515,320875,398558,459134,320778,381574,16984,257,381,97
30人以上,"O 教育,学習支援業",平成19,2007,2月,411855,473554,332776,407214,469099,327895,385937,21277,4641,4455,4881
30人以上,"O 教育,学習支援業",平成19,2007,3月,486792,565602,385277,414525,475960,335392,392366,22159,72267,89642,49885
30人以上,"O 教育,学習支援業",平成19,2007,4月,451130,522068,361384,414036,475977,335672,390360,23676,37094,46091,25712
30人以上,"O 教育,学習支援業",平成19,2007,5月,440431,495116,373099,402563,467245,322921,378267,24296,37868,27871,50178
30人以上,"O 教育,学習支援業",平成19,2007,6月,1038717,1230361,802961,395783,460862,315724,375506,20277,642934,769499,487237
30人以上,"O 教育,学習支援業",平成19,2007,7月,465273,540012,372686,390360,451639,314448,373860,16500,74913,88373,58238
30人以上,"O 教育,学習支援業",平成19,2007,8月,401121,471142,313968,385639,449445,306223,368156,17483,15482,21697,7745
30人以上,"O 教育,学習支援業",平成19,2007,9月,400727,464978,320886,392644,454783,315428,377822,14822,8083,10195,5458
30人以上,"O 教育,学習支援業",平成19,2007,10月,430569,501896,342019,401618,467311,320062,386221,15397,28951,34585,21957
30人以上,"O 教育,学習支援業",平成19,2007,11月,504975,556819,434309,412778,473704,329731,392965,19813,92197,83115,104578
30人以上,"O 教育,学習支援業",平成19,2007,12月,1176032,1415106,880560,396148,463549,312847,374831,21317,779884,951557,567713
30人以上,P 複合サービス事業,平成17,2005,年平均,368163,439753,146738,292080,346248,124541,264652,27428,76083,93505,22197
30人以上,P 複合サービス事業,平成18,2006,年平均,369620,443153,146366,289024,343777,122790,255570,33454,80596,99376,23576
30人以上,P 複合サービス事業,平成19,2007,年平均,429003,475460,230255,346314,384923,181142,315214,31100,82689,90537,49113
30人以上,P 複合サービス事業,平成19,2007,1月,346607,389061,170962,343192,385578,167831,301698,41494,3415,3483,3131
30人以上,P 複合サービス事業,平成19,2007,2月,331382,372306,163186,331175,372055,163157,301037,30138,207,251,29
30人以上,P 複合サービス事業,平成19,2007,3月,329670,372048,158507,328498,370632,158317,300902,27596,1172,1416,190
30人以上,P 複合サービス事業,平成19,2007,4月,353083,397443,171789,326519,366404,163514,300841,25678,26564,31039,8275
30人以上,P 複合サービス事業,平成19,2007,5月,319353,356074,164673,317009,353892,161648,289381,27628,2344,2182,3025
30人以上,P 複合サービス事業,平成19,2007,6月,814290,923569,353018,329822,367635,170211,305773,24049,484468,555934,182807
30人以上,P 複合サービス事業,平成19,2007,7月,324042,360386,170785,317973,353885,166539,288026,29947,6069,6501,4246
30人以上,P 複合サービス事業,平成19,2007,8月,341846,382268,171975,338444,378357,170716,314154,24290,3402,3911,1259
30人以上,P 複合サービス事業,平成19,2007,9月,322293,364316,149640,319595,360961,149640,285203,34392,2698,3355,0
30人以上,P 複合サービス事業,平成19,2007,10月,443500,485537,254832,411012,448802,241406,375534,35478,32488,36735,13426
30人以上,P 複合サービス事業,平成19,2007,11月,396106,427430,246100,396096,427430,246045,366099,29997,10,0,55
30人以上,P 複合サービス事業,平成19,2007,12月,854275,888007,686309,406025,438470,244469,362689,43336,448250,449537,441840
30人以上,Q サービス業（他に分類されないもの）,平成17,2005,年平均,443575,539628,276431,359853,433340,231977,333728,26125,83722,106288,44454
30人以上,Q サービス業（他に分類されないもの）,平成18,2006,年平均,437782,533676,282818,349860,419820,236804,323344,26516,87922,113856,46014
30人以上,Q サービス業（他に分類されないもの）,平成19,2007,年平均,429558,518393,284021,341633,404757,238218,313966,27667,87925,113636,45803
30人以上,Q サービス業（他に分類されないもの）,平成19,2007,1月,357306,430267,240273,336178,401715,231053,309916,26262,21128,28552,9220
30人以上,Q サービス業（他に分類されないもの）,平成19,2007,2月,345160,411000,234081,332893,394655,228693,306659,26234,12267,16345,5388
30人以上,Q サービス業（他に分類されないもの）,平成19,2007,3月,368678,441879,249438,337604,400657,234895,308845,28759,31074,41222,14543
30人以上,Q サービス業（他に分類されないもの）,平成19,2007,4月,362627,430626,251407,343842,406671,241077,315125,28717,18785,23955,10330
30人以上,Q サービス業（他に分類されないもの）,平成19,2007,5月,348363,411539,245612,338581,401123,236862,310541,28040,9782,10416,8750
30人以上,Q サービス業（他に分類されないもの）,平成19,2007,6月,680544,854766,394796,343373,405670,241197,315052,28321,337171,449096,153599
30人以上,Q サービス業（他に分類されないもの）,平成19,2007,7月,447177,529750,310204,343947,406373,240393,315165,28782,103230,123377,69811
30人以上,Q サービス業（他に分類されないもの）,平成19,2007,8月,350762,415881,244901,342519,405336,240400,315609,26910,8243,10545,4501
30人以上,Q サービス業（他に分類されないもの）,平成19,2007,9月,351760,414794,247544,342346,404994,238769,316691,25655,9414,9800,8775
30人以上,Q サービス業（他に分類されないもの）,平成19,2007,10月,352553,419047,245333,343856,408228,240057,316851,27005,8697,10819,5276
30人以上,Q サービス業（他に分類されないもの）,平成19,2007,11月,416150,504748,270833,349174,412264,245694,320216,28958,66976,92484,25139
30人以上,Q サービス業（他に分類されないもの）,平成19,2007,12月,766853,946080,471346,344898,409095,239050,316579,28319,421955,536985,232296
30人以上,"F09、10 食料品,飲料・たばこ・飼料製造業",平成17,2005,年平均,434609,526840,257977,345103,413451,214208,317870,27233,89506,113389,43769
30人以上,"F09、10 食料品,飲料・たばこ・飼料製造業",平成18,2006,年平均,447761,544692,268207,347503,413953,224413,318547,28956,100258,130739,43794
30人以上,"F09、10 食料品,飲料・たばこ・飼料製造業",平成19,2007,年平均,394847,516750,221209,308406,396374,183104,280259,28147,86441,120376,38105
30人以上,"F09、10 食料品,飲料・たばこ・飼料製造業",平成19,2007,1月,341317,436255,201224,305402,390980,179121,278349,27053,35915,45275,22103
30人以上,"F09、10 食料品,飲料・たばこ・飼料製造業",平成19,2007,2月,313882,405005,183135,308569,398616,179366,280055,28514,5313,6389,3769
30人以上,"F09、10 食料品,飲料・たばこ・飼料製造業",平成19,2007,3月,308276,398217,179339,304285,393193,176829,275974,28311,3991,5024,2510
30人以上,"F09、10 食料品,飲料・たばこ・飼料製造業",平成19,2007,4月,355014,459558,205133,314517,404192,185954,284845,29672,40497,55366,19179
30人以上,"F09、10 食料品,飲料・たばこ・飼料製造業",平成19,2007,5月,314656,403753,187641,312743,401121,186752,281983,30760,1913,2632,889
30人以上,"F09、10 食料品,飲料・たばこ・飼料製造業",平成19,2007,6月,609585,823568,306636,309305,396990,185164,281014,28291,300280,426578,121472
30人以上,"F09、10 食料品,飲料・たばこ・飼料製造業",平成19,2007,7月,441385,578014,249268,305935,393223,183197,279236,26699,135450,184791,66071
30人以上,"F09、10 食料品,飲料・たばこ・飼料製造業",平成19,2007,8月,310991,400951,184595,308500,397643,183252,281641,26859,2491,3308,1343
30人以上,"F09、10 食料品,飲料・たばこ・飼料製造業",平成19,2007,9月,311105,399025,185591,307771,394920,183359,281206,26565,3334,4105,2232
30人以上,"F09、10 食料品,飲料・たばこ・飼料製造業",平成19,2007,10月,312831,400576,186903,306547,392081,183792,279258,27289,6284,8495,3111
30人以上,"F09、10 食料品,飲料・たばこ・飼料製造業",平成19,2007,11月,318899,408179,191958,312160,398723,189081,283670,28490,6739,9456,2877
30人以上,"F09、10 食料品,飲料・たばこ・飼料製造業",平成19,2007,12月,792249,1086654,385484,305073,394800,181102,275830,29243,487176,691854,204382
30人以上,F11 繊維工業（衣類、その他の繊維製品を除く）,平成17,2005,年平均,×,×,×,×,×,×,×,×,×,×,×
30人以上,F11 繊維工業（衣類、その他の繊維製品を除く）,平成18,2006,年平均,×,×,×,×,×,×,×,×,×,×,×
30人以上,F11 繊維工業（衣類、その他の繊維製品を除く）,平成19,2007,年平均,×,×,×,×,×,×,×,×,×,×,×
30人以上,F11 繊維工業（衣類、その他の繊維製品を除く）,平成19,2007,1月,×,×,×,×,×,×,×,×,×,×,×
30人以上,F11 繊維工業（衣類、その他の繊維製品を除く）,平成19,2007,2月,×,×,×,×,×,×,×,×,×,×,×
30人以上,F11 繊維工業（衣類、その他の繊維製品を除く）,平成19,2007,3月,×,×,×,×,×,×,×,×,×,×,×
30人以上,F11 繊維工業（衣類、その他の繊維製品を除く）,平成19,2007,4月,×,×,×,×,×,×,×,×,×,×,×
30人以上,F11 繊維工業（衣類、その他の繊維製品を除く）,平成19,2007,5月,×,×,×,×,×,×,×,×,×,×,×
30人以上,F11 繊維工業（衣類、その他の繊維製品を除く）,平成19,2007,6月,×,×,×,×,×,×,×,×,×,×,×
30人以上,F11 繊維工業（衣類、その他の繊維製品を除く）,平成19,2007,7月,×,×,×,×,×,×,×,×,×,×,×
30人以上,F11 繊維工業（衣類、その他の繊維製品を除く）,平成19,2007,8月,×,×,×,×,×,×,×,×,×,×,×
30人以上,F11 繊維工業（衣類、その他の繊維製品を除く）,平成19,2007,9月,×,×,×,×,×,×,×,×,×,×,×
30人以上,F11 繊維工業（衣類、その他の繊維製品を除く）,平成19,2007,10月,×,×,×,×,×,×,×,×,×,×,×
30人以上,F11 繊維工業（衣類、その他の繊維製品を除く）,平成19,2007,11月,×,×,×,×,×,×,×,×,×,×,×
30人以上,F11 繊維工業（衣類、その他の繊維製品を除く）,平成19,2007,12月,×,×,×,×,×,×,×,×,×,×,×
30人以上,F12 衣類・その他の繊維製品製造業,平成17,2005,年平均,333854,444998,260133,289489,376942,231483,280188,9301,44365,68056,28650
30人以上,F12 衣類・その他の繊維製品製造業,平成18,2006,年平均,350965,473761,268958,296256,388020,234973,285859,10397,54709,85741,33985
30人以上,F12 衣類・その他の繊維製品製造業,平成19,2007,年平均,371331,482865,307317,308869,398102,257655,298174,10695,62462,84763,49662
30人以上,F12 衣類・その他の繊維製品製造業,平成19,2007,1月,337775,425852,287395,337775,425852,287395,323558,14217,0,0,0
30人以上,F12 衣類・その他の繊維製品製造業,平成19,2007,2月,344337,435739,291895,342394,430411,291895,327484,14910,1943,5328,0
30人以上,F12 衣類・その他の繊維製品製造業,平成19,2007,3月,313602,414797,256151,313602,414797,256151,301817,11785,0,0,0
30人以上,F12 衣類・その他の繊維製品製造業,平成19,2007,4月,323390,422531,266557,306124,404376,249801,294456,11668,17266,18155,16756
30人以上,F12 衣類・その他の繊維製品製造業,平成19,2007,5月,300412,390966,248442,289923,385102,235298,280540,9383,10489,5864,13144
30人以上,F12 衣類・その他の繊維製品製造業,平成19,2007,6月,527593,687268,435992,294589,368566,252150,283722,10867,233004,318702,183842
30人以上,F12 衣類・その他の繊維製品製造業,平成19,2007,7月,411108,541141,336452,297533,369648,256129,287074,10459,113575,171493,80323
30人以上,F12 衣類・その他の繊維製品製造業,平成19,2007,8月,294776,376829,247798,294776,376829,247798,285187,9589,0,0,0
30人以上,F12 衣類・その他の繊維製品製造業,平成19,2007,9月,301673,394603,248849,301673,394603,248849,293861,7812,0,0,0
30人以上,F12 衣類・その他の繊維製品製造業,平成19,2007,10月,322211,409800,271569,304231,391620,253704,295664,8567,17980,18180,17865
30人以上,F12 衣類・その他の繊維製品製造業,平成19,2007,11月,320434,412888,266600,310158,407149,253682,300513,9645,10276,5739,12918
30人以上,F12 衣類・その他の繊維製品製造業,平成19,2007,12月,659766,881607,531643,314804,409850,259911,305269,9535,344962,471757,271732
30人以上,F13 木材・木製品製造業（家具を除く）,平成17,2005,年平均,×,×,×,×,×,×,×,×,×,×,×
30人以上,F13 木材・木製品製造業（家具を除く）,平成18,2006,年平均,×,×,×,×,×,×,×,×,×,×,×
30人以上,F13 木材・木製品製造業（家具を除く）,平成19,2007,年平均,×,×,×,×,×,×,×,×,×,×,×
30人以上,F13 木材・木製品製造業（家具を除く）,平成19,2007,1月,×,×,×,×,×,×,×,×,×,×,×
30人以上,F13 木材・木製品製造業（家具を除く）,平成19,2007,2月,×,×,×,×,×,×,×,×,×,×,×
30人以上,F13 木材・木製品製造業（家具を除く）,平成19,2007,3月,×,×,×,×,×,×,×,×,×,×,×
30人以上,F13 木材・木製品製造業（家具を除く）,平成19,2007,4月,×,×,×,×,×,×,×,×,×,×,×
30人以上,F13 木材・木製品製造業（家具を除く）,平成19,2007,5月,×,×,×,×,×,×,×,×,×,×,×
30人以上,F13 木材・木製品製造業（家具を除く）,平成19,2007,6月,×,×,×,×,×,×,×,×,×,×,×
30人以上,F13 木材・木製品製造業（家具を除く）,平成19,2007,7月,×,×,×,×,×,×,×,×,×,×,×
30人以上,F13 木材・木製品製造業（家具を除く）,平成19,2007,8月,×,×,×,×,×,×,×,×,×,×,×
30人以上,F13 木材・木製品製造業（家具を除く）,平成19,2007,9月,×,×,×,×,×,×,×,×,×,×,×
30人以上,F13 木材・木製品製造業（家具を除く）,平成19,2007,10月,×,×,×,×,×,×,×,×,×,×,×
30人以上,F13 木材・木製品製造業（家具を除く）,平成19,2007,11月,×,×,×,×,×,×,×,×,×,×,×
30人以上,F13 木材・木製品製造業（家具を除く）,平成19,2007,12月,×,×,×,×,×,×,×,×,×,×,×
30人以上,F14 家具・装備品製造業,平成17,2005,年平均,×,×,×,×,×,×,×,×,×,×,×
30人以上,F14 家具・装備品製造業,平成18,2006,年平均,×,×,×,×,×,×,×,×,×,×,×
30人以上,F14 家具・装備品製造業,平成19,2007,年平均,×,×,×,×,×,×,×,×,×,×,×
30人以上,F14 家具・装備品製造業,平成19,2007,1月,×,×,×,×,×,×,×,×,×,×,×
30人以上,F14 家具・装備品製造業,平成19,2007,2月,×,×,×,×,×,×,×,×,×,×,×
30人以上,F14 家具・装備品製造業,平成19,2007,3月,×,×,×,×,×,×,×,×,×,×,×
30人以上,F14 家具・装備品製造業,平成19,2007,4月,×,×,×,×,×,×,×,×,×,×,×
30人以上,F14 家具・装備品製造業,平成19,2007,5月,×,×,×,×,×,×,×,×,×,×,×
30人以上,F14 家具・装備品製造業,平成19,2007,6月,×,×,×,×,×,×,×,×,×,×,×
30人以上,F14 家具・装備品製造業,平成19,2007,7月,×,×,×,×,×,×,×,×,×,×,×
30人以上,F14 家具・装備品製造業,平成19,2007,8月,×,×,×,×,×,×,×,×,×,×,×
30人以上,F14 家具・装備品製造業,平成19,2007,9月,×,×,×,×,×,×,×,×,×,×,×
30人以上,F14 家具・装備品製造業,平成19,2007,10月,×,×,×,×,×,×,×,×,×,×,×
30人以上,F14 家具・装備品製造業,平成19,2007,11月,×,×,×,×,×,×,×,×,×,×,×
30人以上,F14 家具・装備品製造業,平成19,2007,12月,×,×,×,×,×,×,×,×,×,×,×
30人以上,F15 パルプ・紙・紙加工品製造業,平成17,2005,年平均,448298,547881,319541,356292,418736,275554,326836,29456,92006,129145,43987
30人以上,F15 パルプ・紙・紙加工品製造業,平成18,2006,年平均,443195,530590,314150,340689,393332,262957,309739,30950,102506,137258,51193
30人以上,F15 パルプ・紙・紙加工品製造業,平成19,2007,年平均,523890,586149,320794,379965,424219,235604,353825,26140,143925,161930,85190
30人以上,F15 パルプ・紙・紙加工品製造業,平成19,2007,1月,358593,405411,206127,358593,405411,206127,335531,23062,0,0,0
30人以上,F15 パルプ・紙・紙加工品製造業,平成19,2007,2月,384289,429881,237331,384289,429881,237331,353201,31088,0,0,0
30人以上,F15 パルプ・紙・紙加工品製造業,平成19,2007,3月,378009,422776,234553,378009,422776,234553,351132,26877,0,0,0
30人以上,F15 パルプ・紙・紙加工品製造業,平成19,2007,4月,494193,541004,344187,386036,432875,235939,354572,31464,108157,108129,108248
30人以上,F15 パルプ・紙・紙加工品製造業,平成19,2007,5月,394448,439364,249696,381766,426176,238644,355382,26384,12682,13188,11052
30人以上,F15 パルプ・紙・紙加工品製造業,平成19,2007,6月,934065,1084031,444434,384296,428641,239513,356423,27873,549769,655390,204921
30人以上,F15 パルプ・紙・紙加工品製造業,平成19,2007,7月,592486,641222,431074,384059,428697,236219,355316,28743,208427,212525,194855
30人以上,F15 パルプ・紙・紙加工品製造業,平成19,2007,8月,379620,421730,240615,379571,421666,240615,356300,23271,49,64,0
30人以上,F15 パルプ・紙・紙加工品製造業,平成19,2007,9月,379429,421372,241762,379152,421098,241474,358003,21149,277,274,288
30人以上,F15 パルプ・紙・紙加工品製造業,平成19,2007,10月,378626,422952,233248,378626,422952,233248,355271,23355,0,0,0
30人以上,F15 パルプ・紙・紙加工品製造業,平成19,2007,11月,397503,440155,256996,382335,424348,243935,359867,22468,15168,15807,13061
30人以上,F15 パルプ・紙・紙加工品製造業,平成19,2007,12月,1224995,1371106,741984,383036,426205,240328,355251,27785,841959,944901,501656
30人以上,F16 印刷・同関連業,平成17,2005,年平均,435066,485560,274404,358841,398100,233925,318457,40384,76225,87460,40479
30人以上,F16 印刷・同関連業,平成18,2006,年平均,435985,484678,284300,357911,395111,242026,316210,41701,78074,89567,42274
30人以上,F16 印刷・同関連業,平成19,2007,年平均,481914,523636,322232,417791,453930,279477,381666,36125,64123,69706,42755
30人以上,F16 印刷・同関連業,平成19,2007,1月,409525,446018,268330,407298,443416,267557,377161,30137,2227,2602,773
30人以上,F16 印刷・同関連業,平成19,2007,2月,419877,456084,279241,418966,455093,278640,384763,34203,911,991,601
30人以上,F16 印刷・同関連業,平成19,2007,3月,419888,454720,284283,417566,452034,283374,379078,38488,2322,2686,909
30人以上,F16 印刷・同関連業,平成19,2007,4月,432279,470231,286851,426828,464163,283765,384713,42115,5451,6068,3086
30人以上,F16 印刷・同関連業,平成19,2007,5月,413843,448639,281904,413055,447804,281297,378171,34884,788,835,607
30人以上,F16 印刷・同関連業,平成19,2007,6月,676685,742568,426106,420527,458778,275042,383895,36632,256158,283790,151064
30人以上,F16 印刷・同関連業,平成19,2007,7月,546972,590608,381024,415358,451659,277303,381354,34004,131614,138949,103721
30人以上,F16 印刷・同関連業,平成19,2007,8月,416376,452351,279190,415857,451770,278904,381660,34197,519,581,286
30人以上,F16 印刷・同関連業,平成19,2007,9月,417754,453412,282195,416370,451837,281539,379152,37218,1384,1575,656
30人以上,F16 印刷・同関連業,平成19,2007,10月,424320,461809,282254,418459,455232,279106,383813,34646,5861,6577,3148
30人以上,F16 印刷・同関連業,平成19,2007,11月,421421,456208,289292,420691,455438,288715,381939,38752,730,770,577
30人以上,F16 印刷・同関連業,平成19,2007,12月,788319,855628,529070,422728,460149,278597,384385,38343,365591,395479,250473
30人以上,F17 化学工業,平成17,2005,年平均,746219,810635,517000,510863,553115,360514,485986,24877,235356,257520,156486
30人以上,F17 化学工業,平成18,2006,年平均,722983,786576,512397,495555,536938,358517,474051,21504,227428,249638,153880
30人以上,F17 化学工業,平成19,2007,年平均,717913,817084,488852,498646,564838,345759,472014,26632,219267,252246,143093
30人以上,F17 化学工業,平成19,2007,1月,507580,576726,348097,503283,571774,345311,466152,37131,4297,4952,2786
30人以上,F17 化学工業,平成19,2007,2月,498768,568012,339246,493929,562554,335834,467928,26001,4839,5458,3412
30人以上,F17 化学工業,平成19,2007,3月,536395,608902,369089,498264,566589,340608,469071,29193,38131,42313,28481
30人以上,F17 化学工業,平成19,2007,4月,615544,692144,435457,501796,567373,347624,476515,25281,113748,124771,87833
30人以上,F17 化学工業,平成19,2007,5月,526234,592366,372051,495137,558902,346473,468880,26257,31097,33464,25578
30人以上,F17 化学工業,平成19,2007,6月,1533635,1770438,984479,500055,564670,350212,474766,25289,1033580,1205768,634267
30人以上,F17 化学工業,平成19,2007,7月,583989,654740,421633,493385,557178,346997,467917,25468,90604,97562,74636
30人以上,F17 化学工業,平成19,2007,8月,503772,570531,351328,497638,563495,347256,473402,24236,6134,7036,4072
30人以上,F17 化学工業,平成19,2007,9月,505396,572917,350519,492791,559372,340071,470391,22400,12605,13545,10448
30人以上,F17 化学工業,平成19,2007,10月,509312,576800,353527,502886,570509,346790,477468,25418,6426,6291,6737
30人以上,F17 化学工業,平成19,2007,11月,592748,672737,407717,503611,569403,351423,475944,27667,89137,103334,56294
30人以上,F17 化学工業,平成19,2007,12月,1689061,1932932,1126961,501104,566473,350434,475857,25247,1187957,1366459,776527
30人以上,F18 石油製品・石炭製品製造業,平成17,2005,年平均,736655,794908,348755,476854,511838,243896,461613,15241,259801,283070,104859
30人以上,F18 石油製品・石炭製品製造業,平成18,2006,年平均,747697,814072,411340,513695,557669,290853,499904,13791,234002,256403,120487
30人以上,F18 石油製品・石炭製品製造業,平成19,2007,年平均,521709,544410,379151,354228,367912,268292,334237,19991,167481,176498,110859
30人以上,F18 石油製品・石炭製品製造業,平成19,2007,1月,348642,369720,229716,348642,369720,229716,329067,19575,0,0,0
30人以上,F18 石油製品・石炭製品製造業,平成19,2007,2月,351781,369886,252755,351781,369886,252755,322215,29566,0,0,0
30人以上,F18 石油製品・石炭製品製造業,平成19,2007,3月,668852,708631,453725,360847,382291,244878,334995,25852,308005,326340,208847
30人以上,F18 石油製品・石炭製品製造業,平成19,2007,4月,×,×,×,×,×,×,×,×,×,×,×
30人以上,F18 石油製品・石炭製品製造業,平成19,2007,5月,×,×,×,×,×,×,×,×,×,×,×
30人以上,F18 石油製品・石炭製品製造業,平成19,2007,6月,×,×,×,×,×,×,×,×,×,×,×
30人以上,F18 石油製品・石炭製品製造業,平成19,2007,7月,×,×,×,×,×,×,×,×,×,×,×
30人以上,F18 石油製品・石炭製品製造業,平成19,2007,8月,×,×,×,×,×,×,×,×,×,×,×
30人以上,F18 石油製品・石炭製品製造業,平成19,2007,9月,×,×,×,×,×,×,×,×,×,×,×
30人以上,F18 石油製品・石炭製品製造業,平成19,2007,10月,×,×,×,×,×,×,×,×,×,×,×
30人以上,F18 石油製品・石炭製品製造業,平成19,2007,11月,×,×,×,×,×,×,×,×,×,×,×
30人以上,F18 石油製品・石炭製品製造業,平成19,2007,12月,×,×,×,×,×,×,×,×,×,×,×
30人以上,F19 プラスチック製品製造業,平成17,2005,年平均,456083,480262,328169,393327,414894,279232,369377,23950,62756,65368,48937
30人以上,F19 プラスチック製品製造業,平成18,2006,年平均,613940,651110,393761,414657,435532,291003,399415,15242,199283,215578,102758
30人以上,F19 プラスチック製品製造業,平成19,2007,年平均,472556,544759,276185,362112,415984,215597,344519,17593,110444,128775,60588
30人以上,F19 プラスチック製品製造業,平成19,2007,1月,357705,413838,198056,357061,412968,198056,344749,12312,644,870,0
30人以上,F19 プラスチック製品製造業,平成19,2007,2月,361128,417662,200125,360120,416300,200125,343428,16692,1008,1362,0
30人以上,F19 プラスチック製品製造業,平成19,2007,3月,381483,437991,219777,367987,424090,207437,349505,18482,13496,13901,12340
30人以上,F19 プラスチック製品製造業,平成19,2007,4月,376667,431409,226953,375428,429717,226953,352109,23319,1239,1692,0
30人以上,F19 プラスチック製品製造業,平成19,2007,5月,544120,651814,258006,355650,409432,212766,337536,18114,188470,242382,45240
30人以上,F19 プラスチック製品製造業,平成19,2007,6月,795186,905314,498478,362489,414999,221018,344444,18045,432697,490315,277460
30人以上,F19 プラスチック製品製造業,平成19,2007,7月,439150,496841,284179,368625,422553,223763,351290,17335,70525,74288,60416
30人以上,F19 プラスチック製品製造業,平成19,2007,8月,536587,638578,264508,358974,411328,219310,344154,14820,177613,227250,45198
30人以上,F19 プラスチック製品製造業,平成19,2007,9月,368462,421224,228688,355282,407594,216699,342181,13101,13180,13630,11989
30人以上,F19 プラスチック製品製造業,平成19,2007,10月,365241,418366,224088,364162,417181,223292,347312,16850,1079,1185,796
30人以上,F19 プラスチック製品製造業,平成19,2007,11月,363062,414623,224783,362359,414046,223742,341377,20982,703,577,1041
30人以上,F19 プラスチック製品製造業,平成19,2007,12月,762514,872379,466947,357510,411969,210999,336660,20850,405004,460410,255948
30人以上,F20 ゴム製品製造業,平成17,2005,年平均,524052,551021,349186,367146,384577,254123,345329,21817,156906,166444,95063
30人以上,F20 ゴム製品製造業,平成18,2006,年平均,535315,564714,352800,379391,398165,262841,356280,23111,155924,166549,89959
30人以上,F20 ゴム製品製造業,平成19,2007,年平均,551790,572781,391204,392276,405306,292593,369013,23263,159514,167475,98611
30人以上,F20 ゴム製品製造業,平成19,2007,1月,410629,422364,319007,399622,412193,301477,375312,24310,11007,10171,17530
30人以上,F20 ゴム製品製造業,平成19,2007,2月,390677,403630,288168,387775,400581,286427,363120,24655,2902,3049,1741
30人以上,F20 ゴム製品製造業,平成19,2007,3月,397753,410158,299913,395043,407425,297386,370149,24894,2710,2733,2527
30人以上,F20 ゴム製品製造業,平成19,2007,4月,403366,416140,304623,400885,413647,302236,389257,11628,2481,2493,2387
30人以上,F20 ゴム製品製造業,平成19,2007,5月,384829,398342,281840,383240,396567,281670,357710,25530,1589,1775,170
30人以上,F20 ゴム製品製造業,平成19,2007,6月,1277191,1337964,811349,389601,402490,290806,362098,27503,887590,935474,520543
30人以上,F20 ゴム製品製造業,平成19,2007,7月,436795,448925,344362,399898,411740,309660,374919,24979,36897,37185,34702
30人以上,F20 ゴム製品製造業,平成19,2007,8月,393270,406808,290845,390118,403509,288806,363688,26430,3152,3299,2039
30人以上,F20 ゴム製品製造業,平成19,2007,9月,388280,401750,286878,386154,399612,284838,360430,25724,2126,2138,2040
30人以上,F20 ゴム製品製造業,平成19,2007,10月,397156,410961,293283,395103,408751,292407,368574,26529,2053,2210,876
30人以上,F20 ゴム製品製造業,平成19,2007,11月,392088,406149,286422,390498,404358,286345,379670,10828,1590,1791,77
30人以上,F20 ゴム製品製造業,平成19,2007,12月,1332554,1394721,867779,389733,403080,289952,363575,26158,942821,991641,577827
30人以上,F21 なめし革・同製品・毛皮製造業,平成17,2005,年平均,284694,383637,186085,253833,342785,165182,249469,4364,30861,40852,20903
30人以上,F21 なめし革・同製品・毛皮製造業,平成18,2006,年平均,278703,384203,183546,249640,345152,163492,245111,4529,29063,39051,20054
30人以上,F21 なめし革・同製品・毛皮製造業,平成19,2007,年平均,328034,392199,230373,289693,341233,211246,284252,5441,38341,50966,19127
30人以上,F21 なめし革・同製品・毛皮製造業,平成19,2007,1月,288656,337393,208451,288656,337393,208451,284922,3734,0,0,0
30人以上,F21 なめし革・同製品・毛皮製造業,平成19,2007,2月,295750,340488,222132,294520,340087,219539,289862,4658,1230,401,2593
30人以上,F21 なめし革・同製品・毛皮製造業,平成19,2007,3月,289127,339229,209471,287485,337259,208351,284359,3126,1642,1970,1120
30人以上,F21 なめし革・同製品・毛皮製造業,平成19,2007,4月,291183,336918,221647,290694,336107,221647,288140,2554,489,811,0
30人以上,F21 なめし革・同製品・毛皮製造業,平成19,2007,5月,286948,336633,212520,286770,336335,212520,283367,3403,178,298,0
30人以上,F21 なめし革・同製品・毛皮製造業,平成19,2007,6月,410482,508626,261697,294950,343224,221768,290830,4120,115532,165402,39929
30人以上,F21 なめし革・同製品・毛皮製造業,平成19,2007,7月,387605,467973,266307,289296,340227,212427,282564,6732,98309,127746,53880
30人以上,F21 なめし革・同製品・毛皮製造業,平成19,2007,8月,286392,341382,203522,285495,340516,202578,280147,5348,897,866,944
30人以上,F21 なめし革・同製品・毛皮製造業,平成19,2007,9月,294731,350361,211965,292384,347118,210950,285015,7369,2347,3243,1015
30人以上,F21 なめし革・同製品・毛皮製造業,平成19,2007,10月,287884,345074,204315,287186,343898,204315,281193,5993,698,1176,0
30人以上,F21 なめし革・同製品・毛皮製造業,平成19,2007,11月,290983,348286,207473,290444,347378,207473,282011,8433,539,908,0
30人以上,F21 なめし革・同製品・毛皮製造業,平成19,2007,12月,524582,658041,330833,288574,345220,206339,279064,9510,236008,312821,124494
30人以上,F22 窯業・土石製品製造業,平成17,2005,年平均,469842,543552,291628,355286,406572,231288,336411,18875,114556,136980,60340
30人以上,F22 窯業・土石製品製造業,平成18,2006,年平均,467095,541085,294750,351851,404207,229896,333907,17944,115244,136878,64854
30人以上,F22 窯業・土石製品製造業,平成19,2007,年平均,621503,674911,391642,487599,532074,296185,465393,22206,133904,142837,95457
30人以上,F22 窯業・土石製品製造業,平成19,2007,1月,472334,515481,288003,472334,515481,288003,450108,22226,0,0,0
30人以上,F22 窯業・土石製品製造業,平成19,2007,2月,492283,537768,297204,492283,537768,297204,467535,24748,0,0,0
30人以上,F22 窯業・土石製品製造業,平成19,2007,3月,500402,544366,313452,500402,544366,313452,474921,25481,0,0,0
30人以上,F22 窯業・土石製品製造業,平成19,2007,4月,515113,560125,329464,507672,550880,329464,485809,21863,7441,9245,0
30人以上,F22 窯業・土石製品製造業,平成19,2007,5月,470624,517230,270945,469981,516536,270521,450047,19934,643,694,424
30人以上,F22 窯業・土石製品製造業,平成19,2007,6月,1053175,1117408,761632,487071,529194,295883,465469,21602,566104,588214,465749
30人以上,F22 窯業・土石製品製造業,平成19,2007,7月,744531,811670,444357,482956,525445,292992,462189,20767,261575,286225,151365
30人以上,F22 窯業・土石製品製造業,平成19,2007,8月,494353,537647,304443,494353,537647,304443,475372,18981,0,0,0
30人以上,F22 窯業・土石製品製造業,平成19,2007,9月,480932,526399,284496,480932,526399,284496,460946,19986,0,0,0
30人以上,F22 窯業・土石製品製造業,平成19,2007,10月,490731,534281,304808,490731,534281,304808,465797,24934,0,0,0
30人以上,F22 窯業・土石製品製造業,平成19,2007,11月,727399,790203,460678,484704,532000,283843,462439,22265,242695,258203,176835
30人以上,F22 窯業・土石製品製造業,平成19,2007,12月,1050588,1137868,680517,486890,534235,286146,463508,23382,563698,603633,394371
30人以上,F23 鉄鋼業,平成17,2005,年平均,808114,878942,453834,490217,527274,304857,473797,16420,317897,351668,148977
30人以上,F23 鉄鋼業,平成18,2006,年平均,807336,883786,455681,489811,530146,304279,472857,16954,317525,353640,151402
30人以上,F23 鉄鋼業,平成19,2007,年平均,1246668,1422923,597135,493486,535617,338226,473822,19664,753182,887306,258909
30人以上,F23 鉄鋼業,平成19,2007,1月,492063,534507,336461,489028,531434,333563,468204,20824,3035,3073,2898
30人以上,F23 鉄鋼業,平成19,2007,2月,506548,549552,348339,503512,546481,345432,482076,21436,3036,3071,2907
30人以上,F23 鉄鋼業,平成19,2007,3月,504125,549705,335571,496481,540532,333581,473621,22860,7644,9173,1990
30人以上,F23 鉄鋼業,平成19,2007,4月,506545,544076,363977,496680,535334,349846,476531,20149,9865,8742,14131
30人以上,F23 鉄鋼業,平成19,2007,5月,480515,519377,333429,476631,514702,332539,458002,18629,3884,4675,890
30人以上,F23 鉄鋼業,平成19,2007,6月,5106661,5982549,1893405,489553,531496,335685,470327,19226,4617108,5451053,1557720
30人以上,F23 鉄鋼業,平成19,2007,7月,502982,544424,351131,497205,538880,344499,475039,22166,5777,5544,6632
30人以上,F23 鉄鋼業,平成19,2007,8月,507175,549816,349741,503735,545595,349188,486556,17179,3440,4221,553
30人以上,F23 鉄鋼業,平成19,2007,9月,501170,544829,341212,493156,535391,338416,475722,17434,8014,9438,2796
30人以上,F23 鉄鋼業,平成19,2007,10月,503636,544592,355400,494265,536653,340846,472924,21341,9371,7939,14554
30人以上,F23 鉄鋼業,平成19,2007,11月,503707,551245,331061,499449,546134,329902,479451,19998,4258,5111,1159
30人以上,F23 鉄鋼業,平成19,2007,12月,4946027,5794297,1844969,482531,525554,325249,467837,14694,4463496,5268743,1519720
30人以上,F24 非鉄金属製造業,平成17,2005,年平均,598700,659661,339626,441182,483610,260872,418239,22943,157518,176051,78754
30人以上,F24 非鉄金属製造業,平成18,2006,年平均,632201,688597,366359,439336,474974,271344,416683,22653,192865,213623,95015
30人以上,F24 非鉄金属製造業,平成19,2007,年平均,670935,778420,330079,463050,530324,249710,441596,21454,207885,248096,80369
30人以上,F24 非鉄金属製造業,平成19,2007,1月,445741,510645,245032,445741,510645,245032,425819,19922,0,0,0
30人以上,F24 非鉄金属製造業,平成19,2007,2月,449645,511568,254998,449645,511568,254998,426600,23045,0,0,0
30人以上,F24 非鉄金属製造業,平成19,2007,3月,478914,543420,275852,448112,510457,251852,426162,21950,30802,32963,24000
30人以上,F24 非鉄金属製造業,平成19,2007,4月,476639,542142,268569,455443,517812,257328,434064,21379,21196,24330,11241
30人以上,F24 非鉄金属製造業,平成19,2007,5月,454573,517227,254838,451643,513938,253054,429732,21911,2930,3289,1784
30人以上,F24 非鉄金属製造業,平成19,2007,6月,1487149,1746614,668163,455005,517857,256618,424470,30535,1032144,1228757,411545
30人以上,F24 非鉄金属製造業,平成19,2007,7月,619212,702917,346842,470183,538901,246578,451519,18664,149029,164016,100264
30人以上,F24 非鉄金属製造業,平成19,2007,8月,490147,561637,262355,473529,545823,243179,455126,18403,16618,15814,19176
30人以上,F24 非鉄金属製造業,平成19,2007,9月,508352,582882,270141,483125,557028,246918,464886,18239,25227,25854,23223
30人以上,F24 非鉄金属製造業,平成19,2007,10月,480368,552552,249250,479704,551959,248360,459739,19965,664,593,890
30人以上,F24 非鉄金属製造業,平成19,2007,11月,487110,561868,249809,486416,561082,249407,464366,22050,694,786,402
30人以上,F24 非鉄金属製造業,平成19,2007,12月,1649930,1983621,601771,459416,528430,242634,438419,20997,1190514,1455191,359137
30人以上,F25 金属製品製造業,平成17,2005,年平均,435814,502810,275394,348649,402571,219535,310466,38183,87165,100239,55859
30人以上,F25 金属製品製造業,平成18,2006,年平均,391639,447713,242232,327022,375911,196759,283801,43221,64617,71802,45473
30人以上,F25 金属製品製造業,平成19,2007,年平均,393937,452326,221067,330922,378403,190348,319359,11563,63015,73923,30719
30人以上,F25 金属製品製造業,平成19,2007,1月,393510,455892,210694,393165,455522,210420,383201,9964,345,370,274
30人以上,F25 金属製品製造業,平成19,2007,2月,320082,359990,192951,319750,359637,192688,306134,13616,332,353,263
30人以上,F25 金属製品製造業,平成19,2007,3月,316438,357740,186788,316060,357333,186504,303684,12376,378,407,284
30人以上,F25 金属製品製造業,平成19,2007,4月,338538,394657,177335,336898,393047,175607,327443,9455,1640,1610,1728
30人以上,F25 金属製品製造業,平成19,2007,5月,301227,349088,161946,300746,348566,161585,293047,7699,481,522,361
30人以上,F25 金属製品製造業,平成19,2007,6月,326833,371533,193755,311529,353029,187977,301208,10321,15304,18504,5778
30人以上,F25 金属製品製造業,平成19,2007,7月,640175,739072,339083,316325,356721,193340,299167,17158,323850,382351,145743
30人以上,F25 金属製品製造業,平成19,2007,8月,313707,355741,186178,313390,355394,185953,298830,14560,317,347,225
30人以上,F25 金属製品製造業,平成19,2007,9月,322682,360445,206908,321940,359629,206391,306116,15824,742,816,517
30人以上,F25 金属製品製造業,平成19,2007,10月,329328,381794,182694,327340,379672,181082,318689,8651,1988,2122,1612
30人以上,F25 金属製品製造業,平成19,2007,11月,360292,414857,207056,359780,414288,206703,349297,10483,512,569,353
30人以上,F25 金属製品製造業,平成19,2007,12月,765373,893859,403768,355323,411536,197121,346647,8676,410050,482323,206647
30人以上,F26 一般機械器具製造業,平成17,2005,年平均,574893,610480,368134,433643,459906,281055,392115,41528,141250,150574,87079
30人以上,F26 一般機械器具製造業,平成18,2006,年平均,588468,625516,380179,436246,463626,282310,391891,44355,152222,161890,97869
30人以上,F26 一般機械器具製造業,平成19,2007,年平均,622695,686182,340544,430403,471647,247104,400708,29695,192292,214535,93440
30人以上,F26 一般機械器具製造業,平成19,2007,1月,417375,458377,222476,413630,454532,219209,385354,28276,3745,3845,3267
30人以上,F26 一般機械器具製造業,平成19,2007,2月,431642,473530,243776,428498,470324,240910,396303,32195,3144,3206,2866
30人以上,F26 一般機械器具製造業,平成19,2007,3月,460605,505728,259857,459662,504625,259623,425896,33766,943,1103,234
30人以上,F26 一般機械器具製造業,平成19,2007,4月,428930,469845,246462,428930,469845,246462,398881,30049,0,0,0
30人以上,F26 一般機械器具製造業,平成19,2007,5月,424383,463623,250249,424380,463619,250249,396177,28203,3,4,0
30人以上,F26 一般機械器具製造業,平成19,2007,6月,1392602,1550675,699599,435404,476110,256946,406902,28502,957198,1074565,442653
30人以上,F26 一般機械器具製造業,平成19,2007,7月,613612,680899,323037,419137,460096,242257,389536,29601,194475,220803,80780
30人以上,F26 一般機械器具製造業,平成19,2007,8月,429142,471448,246704,429135,471439,246704,401318,27817,7,9,0
30人以上,F26 一般機械器具製造業,平成19,2007,9月,445800,489458,255565,443331,486716,254286,413519,29812,2469,2742,1279
30人以上,F26 一般機械器具製造業,平成19,2007,10月,427808,468421,247242,427808,468421,247242,397531,30277,0,0,0
30人以上,F26 一般機械器具製造業,平成19,2007,11月,498536,546446,283014,419961,458467,246741,389679,30282,78575,87979,36273
30人以上,F26 一般機械器具製造業,平成19,2007,12月,1495147,1651412,798521,435382,476333,252822,407689,27693,1059765,1175079,545699
30人以上,F27 電気機械器具製造業,平成17,2005,年平均,568116,620063,340614,432901,471021,265956,400758,32143,135215,149042,74658
30人以上,F27 電気機械器具製造業,平成18,2006,年平均,598662,639539,384214,449646,479814,291380,416937,32709,149016,159725,92834
30人以上,F27 電気機械器具製造業,平成19,2007,年平均,618439,659462,389910,444007,472121,287389,412104,31903,174432,187341,102521
30人以上,F27 電気機械器具製造業,平成19,2007,1月,453876,484355,282134,450191,480205,281069,419703,30488,3685,4150,1065
30人以上,F27 電気機械器具製造業,平成19,2007,2月,461511,491500,290607,447460,475839,285726,414826,32634,14051,15661,4881
30人以上,F27 電気機械器具製造業,平成19,2007,3月,462806,490790,302063,445655,473905,283383,411435,34220,17151,16885,18680
30人以上,F27 電気機械器具製造業,平成19,2007,4月,444036,470331,292756,441428,467686,290362,406713,34715,2608,2645,2394
30人以上,F27 電気機械器具製造業,平成19,2007,5月,459010,484346,314343,433453,458974,287728,402958,30495,25557,25372,26615
30人以上,F27 電気機械器具製造業,平成19,2007,6月,1107683,1185278,669753,441619,468277,291167,410561,31058,666064,717001,378586
30人以上,F27 電気機械器具製造業,平成19,2007,7月,780521,832224,489711,440733,468704,283406,407939,32794,339788,363520,206305
30人以上,F27 電気機械器具製造業,平成19,2007,8月,453954,483457,293373,445235,474135,287941,413629,31606,8719,9322,5432
30人以上,F27 電気機械器具製造業,平成19,2007,9月,447229,476016,290459,445173,473788,289342,417581,27592,2056,2228,1117
30人以上,F27 電気機械器具製造業,平成19,2007,10月,444822,473182,290855,442495,470743,289136,412025,30470,2327,2439,1719
30人以上,F27 電気機械器具製造業,平成19,2007,11月,538247,572349,354387,445836,474597,290770,412360,33476,92411,97752,63617
30人以上,F27 電気機械器具製造業,平成19,2007,12月,1342812,1446440,784281,448995,478885,287896,415611,33384,893817,967555,496385
30人以上,F28 情報通信機械器具製造業,平成17,2005,年平均,565170,591660,406145,405994,424104,297278,357965,48029,159176,167556,108867
30人以上,F28 情報通信機械器具製造業,平成18,2006,年平均,580342,606283,418576,402338,418596,300957,354245,48093,178004,187687,117619
30人以上,F28 情報通信機械器具製造業,平成19,2007,年平均,617914,649777,450274,442037,463029,331595,400530,41507,175877,186748,118679
30人以上,F28 情報通信機械器具製造業,平成19,2007,1月,446797,468035,330361,445383,466514,329534,404713,40670,1414,1521,827
30人以上,F28 情報通信機械器具製造業,平成19,2007,2月,445891,468222,321777,441483,463630,318395,399049,42434,4408,4592,3382
30人以上,F28 情報通信機械器具製造業,平成19,2007,3月,457263,478296,342375,450133,470435,339242,405241,44892,7130,7861,3133
30人以上,F28 情報通信機械器具製造業,平成19,2007,4月,460018,481416,347263,452158,473090,341860,406104,46054,7860,8326,5403
30人以上,F28 情報通信機械器具製造業,平成19,2007,5月,443982,462905,345490,428389,448116,325714,387848,40541,15593,14789,19776
30人以上,F28 情報通信機械器具製造業,平成19,2007,6月,1526325,1621342,1039523,437358,458041,331394,397549,39809,1088967,1163301,708129
30人以上,F28 情報通信機械器具製造業,平成19,2007,7月,487834,511456,366175,429888,451012,321097,388591,41297,57946,60444,45078
30人以上,F28 情報通信機械器具製造業,平成19,2007,8月,448757,469896,338183,442650,463621,332956,401046,41604,6107,6275,5227
30人以上,F28 情報通信機械器具製造業,平成19,2007,9月,442906,464135,332360,435388,455800,329095,400427,34961,7518,8335,3265
30人以上,F28 情報通信機械器具製造業,平成19,2007,10月,446190,467427,336411,443650,464639,335148,405053,38597,2540,2788,1263
30人以上,F28 情報通信機械器具製造業,平成19,2007,11月,460952,481234,356105,448160,469461,338042,404021,44139,12792,11773,18063
30人以上,F28 情報通信機械器具製造業,平成19,2007,12月,1326734,1407846,906836,450421,472518,336031,407165,43256,876313,935328,570805
30人以上,F29 電子部品・デバイス製造業,平成17,2005,年平均,518430,572006,305590,398500,438508,239562,362938,35562,119930,133498,66028
30人以上,F29 電子部品・デバイス製造業,平成18,2006,年平均,544436,607560,313795,406780,452350,240277,372555,34225,137656,155210,73518
30人以上,F29 電子部品・デバイス製造業,平成19,2007,年平均,593156,665843,336717,439081,489973,259535,411501,27580,154075,175870,77182
30人以上,F29 電子部品・デバイス製造業,平成19,2007,1月,439199,490781,256837,436797,488032,255660,409581,27216,2402,2749,1177
30人以上,F29 電子部品・デバイス製造業,平成19,2007,2月,457903,511869,267318,452525,505741,264590,423397,29128,5378,6128,2728
30人以上,F29 電子部品・デバイス製造業,平成19,2007,3月,439331,492984,249809,432795,485392,247004,405581,27214,6536,7592,2805
30人以上,F29 電子部品・デバイス製造業,平成19,2007,4月,448869,495042,285210,442069,487370,281503,413157,28912,6800,7672,3707
30人以上,F29 電子部品・デバイス製造業,平成19,2007,5月,475008,532858,270278,433084,481774,260771,405768,27316,41924,51084,9507
30人以上,F29 電子部品・デバイス製造業,平成19,2007,6月,1133091,1310645,508456,441226,492030,262500,413993,27233,691865,818615,245956
30人以上,F29 電子部品・デバイス製造業,平成19,2007,7月,679893,747355,442506,442579,493445,263588,413305,29274,237314,253910,178918
30人以上,F29 電子部品・デバイス製造業,平成19,2007,8月,448684,500180,267202,442806,493501,264145,413943,28863,5878,6679,3057
30人以上,F29 電子部品・デバイス製造業,平成19,2007,9月,450560,503846,261430,442781,494845,257989,418698,24083,7779,9001,3441
30人以上,F29 電子部品・デバイス製造業,平成19,2007,10月,439713,491887,254047,432762,483968,250543,405504,27258,6951,7919,3504
30人以上,F29 電子部品・デバイス製造業,平成19,2007,11月,476872,535692,270343,437801,488651,259256,409269,28532,39071,47041,11087
30人以上,F29 電子部品・デバイス製造業,平成19,2007,12月,1225546,1377185,698801,431891,485109,247029,405927,25964,793655,892076,451772
30人以上,F30 輸送用機械器具製造業,平成17,2005,年平均,588126,625853,403084,436467,464355,299683,394256,42211,151659,161498,103401
30人以上,F30 輸送用機械器具製造業,平成18,2006,年平均,584270,617789,411348,439931,465753,306716,398782,41149,144339,152036,104632
30人以上,F30 輸送用機械器具製造業,平成19,2007,年平均,544008,560497,381607,437745,451929,298049,395857,41888,106263,108568,83558
30人以上,F30 輸送用機械器具製造業,平成19,2007,1月,434691,448731,295045,431270,445216,292557,393748,37522,3421,3515,2488
30人以上,F30 輸送用機械器具製造業,平成19,2007,2月,440603,455474,292456,439620,454575,290638,397483,42137,983,899,1818
30人以上,F30 輸送用機械器具製造業,平成19,2007,3月,445585,459860,304326,441935,455910,303651,397179,44756,3650,3950,675
30人以上,F30 輸送用機械器具製造業,平成19,2007,4月,436956,450840,300019,434272,448036,298519,394844,39428,2684,2804,1500
30人以上,F30 輸送用機械器具製造業,平成19,2007,5月,440879,454810,301850,439235,453083,301032,399058,40177,1644,1727,818
30人以上,F30 輸送用機械器具製造業,平成19,2007,6月,794009,823206,503269,441999,455444,308114,398058,43941,352010,367762,195155
30人以上,F30 輸送用機械器具製造業,平成19,2007,7月,576448,587040,473655,447147,461910,303861,398746,48401,129301,125130,169794
30人以上,F30 輸送用機械器具製造業,平成19,2007,8月,431387,445774,292473,430009,444574,289380,387604,42405,1378,1200,3093
30人以上,F30 輸送用機械器具製造業,平成19,2007,9月,435294,450015,290853,431240,445844,287941,389138,42102,4054,4171,2912
30人以上,F30 輸送用機械器具製造業,平成19,2007,10月,447543,462313,302429,445375,460040,301293,400167,45208,2168,2273,1136
30人以上,F30 輸送用機械器具製造業,平成19,2007,11月,441965,456083,303572,440589,454766,301626,399093,41496,1376,1317,1946
30人以上,F30 輸送用機械器具製造業,平成19,2007,12月,1206987,1236344,918983,430493,443946,298520,395701,34792,776494,792398,620463
30人以上,F31 精密機械器具製造業,平成17,2005,年平均,484068,545754,254521,372249,418214,201204,341175,31074,111819,127540,53317
30人以上,F31 精密機械器具製造業,平成18,2006,年平均,457251,511617,255310,346812,386010,201211,313984,32828,110439,125607,54099
30人以上,F31 精密機械器具製造業,平成19,2007,年平均,519220,549893,345120,404246,426142,279966,366131,38115,114974,123751,65154
30人以上,F31 精密機械器具製造業,平成19,2007,1月,395126,417413,262174,387002,409308,253935,351558,35444,8124,8105,8239
30人以上,F31 精密機械器具製造業,平成19,2007,2月,386698,408498,256455,386698,408498,256455,352227,34471,0,0,0
30人以上,F31 精密機械器具製造業,平成19,2007,3月,392716,414736,261349,392160,414181,260787,352588,39572,556,555,562
30人以上,F31 精密機械器具製造業,平成19,2007,4月,421363,442606,300015,410904,431801,291531,370629,40275,10459,10805,8484
30人以上,F31 精密機械器具製造業,平成19,2007,5月,405069,424447,295609,403694,423171,293674,367331,36363,1375,1276,1935
30人以上,F31 精密機械器具製造業,平成19,2007,6月,764259,820800,447212,415809,438868,286505,380651,35158,348450,381932,160707
30人以上,F31 精密機械器具製造業,平成19,2007,7月,612317,645215,427954,407766,429669,285024,368991,38775,204551,215546,142930
30人以上,F31 精密機械器具製造業,平成19,2007,8月,407580,429890,282285,407560,429866,282285,366696,40864,20,24,0
30人以上,F31 精密機械器具製造業,平成19,2007,9月,411434,432307,295485,408769,429678,292617,372216,36553,2665,2629,2868
30人以上,F31 精密機械器具製造業,平成19,2007,10月,417544,440619,290871,415696,438840,288648,376107,39589,1848,1779,2223
30人以上,F31 精密機械器具製造業,平成19,2007,11月,409884,432522,285064,408603,431343,283220,368261,40342,1281,1179,1844
30人以上,F31 精密機械器具製造業,平成19,2007,12月,1203864,1291772,718186,405703,428378,280427,365740,39963,798161,863394,437759
30人以上,F32 その他の製造業,平成17,2005,年平均,526824,598559,347854,416008,474614,269795,394792,21216,110816,123945,78059
30人以上,F32 その他の製造業,平成18,2006,年平均,532461,601318,353880,421797,477231,278029,397298,24499,110664,124087,75851
30人以上,F32 その他の製造業,平成19,2007,年平均,506268,589230,310557,384556,441825,249457,370585,13971,121712,147405,61100
30人以上,F32 その他の製造業,平成19,2007,1月,393833,451898,250741,392634,450513,249999,381734,10900,1199,1385,742
30人以上,F32 その他の製造業,平成19,2007,2月,393506,448272,257131,392841,447548,256612,382711,10130,665,724,519
30人以上,F32 その他の製造業,平成19,2007,3月,403348,454275,276744,392093,448060,252960,381394,10699,11255,6215,23784
30人以上,F32 その他の製造業,平成19,2007,4月,398947,452640,266684,391094,443918,260970,379664,11430,7853,8722,5714
30人以上,F32 その他の製造業,平成19,2007,5月,393152,448670,257026,390365,445486,255210,378169,12196,2787,3184,1816
30人以上,F32 その他の製造業,平成19,2007,6月,885290,1028163,535474,388788,442424,257463,378215,10573,496502,585739,278011
30人以上,F32 その他の製造業,平成19,2007,7月,700108,836434,388706,383529,441003,252245,367581,15948,316579,395431,136461
30人以上,F32 その他の製造業,平成19,2007,8月,372903,433622,233779,372216,432837,233317,355344,16872,687,785,462
30人以上,F32 その他の製造業,平成19,2007,9月,390616,451659,252394,385712,445957,249297,367802,17910,4904,5702,3097
30人以上,F32 その他の製造業,平成19,2007,10月,380925,441903,244870,377409,438757,240529,359920,17489,3516,3146,4341
30人以上,F32 その他の製造業,平成19,2007,11月,378530,433777,255151,375737,430584,253251,358576,17161,2793,3193,1900
30人以上,F32 その他の製造業,平成19,2007,12月,977787,1189161,502774,372744,434505,233950,356599,16145,605043,754656,268824
30人以上,J-1 卸売業,平成17,2005,年平均,618104,701780,391918,450061,506093,298601,432269,17792,168043,195687,93317
30人以上,J-1 卸売業,平成18,2006,年平均,639298,719255,412939,458851,511429,310002,437598,21253,180447,207826,102937
30人以上,J-1 卸売業,平成19,2007,年平均,591652,669440,365626,428177,478461,282067,406609,21568,163475,190979,83559
30人以上,J-1 卸売業,平成19,2007,1月,437486,489283,294482,419148,471058,275830,399660,19488,18338,18225,18652
30人以上,J-1 卸売業,平成19,2007,2月,440123,498287,278183,419943,473772,270071,399941,20002,20180,24515,8112
30人以上,J-1 卸売業,平成19,2007,3月,443638,497567,287727,423752,476632,270872,402249,21503,19886,20935,16855
30人以上,J-1 卸売業,平成19,2007,4月,464678,522233,303357,433218,483225,293054,409322,23896,31460,39008,10303
30人以上,J-1 卸売業,平成19,2007,5月,441519,494439,294572,422035,471793,283869,400159,21876,19484,22646,10703
30人以上,J-1 卸売業,平成19,2007,6月,1213272,1418104,637514,425199,475901,282682,403542,21657,788073,942203,354832
30人以上,J-1 卸売業,平成19,2007,7月,645353,715785,433914,436224,484037,292689,414622,21602,209129,231748,141225
30人以上,J-1 卸売業,平成19,2007,8月,457595,510750,295162,432521,482210,280679,411047,21474,25074,28540,14483
30人以上,J-1 卸売業,平成19,2007,9月,437827,487170,291566,427783,476640,282960,407384,20399,10044,10530,8606
30人以上,J-1 卸売業,平成19,2007,10月,446778,499423,293019,434794,485568,286500,412840,21954,11984,13855,6519
30人以上,J-1 卸売業,平成19,2007,11月,488825,546559,317630,426581,475435,281716,403811,22770,62244,71124,35914
30人以上,J-1 卸売業,平成19,2007,12月,1185065,1343519,681769,436752,484732,284356,414550,22202,748313,858787,397413
30人以上,J-2 小売業,平成17,2005,年平均,264718,401148,172062,216814,318022,148079,203943,12871,47904,83126,23983
30人以上,J-2 小売業,平成18,2006,年平均,278667,401884,192665,230337,323753,165135,217137,13200,48330,78131,27530
30人以上,J-2 小売業,平成19,2007,年平均,274762,406430,187139,229342,325892,165089,217212,12130,45420,80538,22050
30人以上,J-2 小売業,平成19,2007,1月,234898,336084,162802,230746,328607,161019,217578,13168,4152,7477,1783
30人以上,J-2 小売業,平成19,2007,2月,230708,330865,159897,229403,328826,159111,217004,12399,1305,2039,786
30人以上,J-2 小売業,平成19,2007,3月,250241,363843,174267,224596,322406,159184,213202,11394,25645,41437,15083
30人以上,J-2 小売業,平成19,2007,4月,240244,341717,171988,234111,330908,169000,221700,12411,6133,10809,2988
30人以上,J-2 小売業,平成19,2007,5月,246852,345487,181413,232456,321910,173108,220523,11933,14396,23577,8305
30人以上,J-2 小売業,平成19,2007,6月,320545,481574,214029,232907,325607,171589,221912,10995,87638,155967,42440
30人以上,J-2 小売業,平成19,2007,7月,353731,540813,235671,220412,309087,164453,207876,12536,133319,231726,71218
30人以上,J-2 小売業,平成19,2007,8月,238443,335756,173190,232952,325074,171180,221455,11497,5491,10682,2010
30人以上,J-2 小売業,平成19,2007,9月,233630,334032,167750,230798,329819,165824,219037,11761,2832,4213,1926
30人以上,J-2 小売業,平成19,2007,10月,236133,340716,166696,234959,339073,165833,223306,11653,1174,1643,863
30人以上,J-2 小売業,平成19,2007,11月,224695,328312,158374,222581,324581,157296,210347,12234,2114,3731,1078
30人以上,J-2 小売業,平成19,2007,12月,484465,810304,275279,226310,324175,163482,212754,13556,258155,486129,111797
30人以上,Q80 専門サービス業（他に分類されないもの）,平成17,2005,年平均,570047,628375,414115,467484,516418,336664,427124,40360,102563,111957,77451
30人以上,Q80 専門サービス業（他に分類されないもの）,平成18,2006,年平均,562046,621738,412087,448261,495766,328918,408681,39580,113785,125972,83169
30人以上,Q80 専門サービス業（他に分類されないもの）,平成19,2007,年平均,574254,622848,404997,434166,467509,318029,397435,36731,140088,155339,86968
30人以上,Q80 専門サービス業（他に分類されないもの）,平成19,2007,1月,470067,513212,330094,417060,450397,308906,381189,35871,53007,62815,21188
30人以上,Q80 専門サービス業（他に分類されないもの）,平成19,2007,2月,457891,490769,350499,417872,450437,311502,384332,33540,40019,40332,38997
30人以上,Q80 専門サービス業（他に分類されないもの）,平成19,2007,3月,535620,585457,371636,432825,467618,318343,392817,40008,102795,117839,53293
30人以上,Q80 専門サービス業（他に分類されないもの）,平成19,2007,4月,462570,495985,343727,438659,471989,320121,399460,39199,23911,23996,23606
30人以上,Q80 専門サービス業（他に分類されないもの）,平成19,2007,5月,434598,469198,315362,431598,465875,313475,395202,36396,3000,3323,1887
30人以上,Q80 専門サービス業（他に分類されないもの）,平成19,2007,6月,1038642,1150809,628674,436662,468862,318970,399960,36702,601980,681947,309704
30人以上,Q80 専門サービス業（他に分類されないもの）,平成19,2007,7月,513038,539700,417992,435773,468192,320206,397498,38275,77265,71508,97786
30人以上,Q80 専門サービス業（他に分類されないもの）,平成19,2007,8月,451582,484686,333936,431846,462731,322086,398143,33703,19736,21955,11850
30人以上,Q80 専門サービス業（他に分類されないもの）,平成19,2007,9月,444245,478453,324712,437198,471564,317110,402929,34269,7047,6889,7602
30人以上,Q80 専門サービス業（他に分類されないもの）,平成19,2007,10月,456638,491701,330444,446664,480756,323965,413210,33454,9974,10945,6479
30人以上,Q80 専門サービス業（他に分類されないもの）,平成19,2007,11月,689162,768790,404300,440765,473467,323777,401639,39126,248397,295323,80523
30人以上,Q80 専門サービス業（他に分類されないもの）,平成19,2007,12月,917930,975211,714061,441028,475537,318207,400726,40302,476902,499674,395854
30人以上,Q81 学術・開発研究機関,平成17,2005,年平均,664041,709721,465859,486467,519217,344382,462382,24085,177574,190504,121477
30人以上,Q81 学術・開発研究機関,平成18,2006,年平均,654107,697769,461697,479010,510111,341950,453135,25875,175097,187658,119747
30人以上,Q81 学術・開発研究機関,平成19,2007,年平均,603236,656505,381297,452258,490988,290893,422666,29592,150978,165517,90404
30人以上,Q81 学術・開発研究機関,平成19,2007,1月,458937,499744,288640,454253,494353,286907,426285,27968,4684,5391,1733
30人以上,Q81 学術・開発研究機関,平成19,2007,2月,451396,490731,287533,447742,486660,285616,418669,29073,3654,4071,1917
30人以上,Q81 学術・開発研究機関,平成19,2007,3月,456853,495965,293328,453964,492832,291458,419963,34001,2889,3133,1870
30人以上,Q81 学術・開発研究機関,平成19,2007,4月,471750,509096,313748,458529,495274,303068,424143,34386,13221,13822,10680
30人以上,Q81 学術・開発研究機関,平成19,2007,5月,466822,504086,308055,458042,494641,302111,428267,29775,8780,9445,5944
30人以上,Q81 学術・開発研究機関,平成19,2007,6月,1225531,1342841,727831,450528,489242,286281,421666,28862,775003,853599,441550
30人以上,Q81 学術・開発研究機関,平成19,2007,7月,615886,669209,394809,453669,494622,283877,424720,28949,162217,174587,110932
30人以上,Q81 学術・開発研究機関,平成19,2007,8月,448355,487647,284440,446357,485587,282698,419014,27343,1998,2060,1742
30人以上,Q81 学術・開発研究機関,平成19,2007,9月,444891,481873,290818,440546,477477,286688,415371,25175,4345,4396,4130
30人以上,Q81 学術・開発研究機関,平成19,2007,10月,459496,498707,297732,452421,491230,292316,422666,29755,7075,7477,5416
30人以上,Q81 学術・開発研究機関,平成19,2007,11月,461306,501022,299497,456588,495833,296697,426496,30092,4718,5189,2800
30人以上,Q81 学術・開発研究機関,平成19,2007,12月,1278574,1399502,786584,454891,494510,293705,424949,29942,823683,904992,492879
30人以上,Q84 娯楽業,平成17,2005,年平均,324690,401334,230631,265503,320214,198360,255610,9893,59187,81120,32271
30人以上,Q84 娯楽業,平成18,2006,年平均,327493,407671,231046,263173,320848,193795,250792,12381,64320,86823,37251
30人以上,Q84 娯楽業,平成19,2007,年平均,350267,440653,219497,279595,339008,193636,269717,9878,70672,101645,25861
30人以上,Q84 娯楽業,平成19,2007,1月,276418,337851,191990,274536,335263,191077,264323,10213,1882,2588,913
30人以上,Q84 娯楽業,平成19,2007,2月,276477,328796,182409,276347,328701,182217,267011,9336,130,95,192
30人以上,Q84 娯楽業,平成19,2007,3月,274789,342704,180774,271180,337625,179199,260002,11178,3609,5079,1575
30人以上,Q84 娯楽業,平成19,2007,4月,282971,351361,191794,271043,331174,190876,261170,9873,11928,20187,918
30人以上,Q84 娯楽業,平成19,2007,5月,266202,326480,184068,266034,326335,183868,256918,9116,168,145,200
30人以上,Q84 娯楽業,平成19,2007,6月,610900,830394,298677,281570,337874,201479,274080,7490,329330,492520,97198
30人以上,Q84 娯楽業,平成19,2007,7月,310266,385803,200102,276921,337076,189190,267140,9781,33345,48727,10912
30人以上,Q84 娯楽業,平成19,2007,8月,286679,344375,202687,281192,335387,202295,270250,10942,5487,8988,392
30人以上,Q84 娯楽業,平成19,2007,9月,295174,365063,195338,291100,359476,193427,279936,11164,4074,5587,1911
30人以上,Q84 娯楽業,平成19,2007,10月,301002,368415,204855,287126,345848,203375,277272,9854,13876,22567,1480
30人以上,Q84 娯楽業,平成19,2007,11月,289450,348232,202535,289280,347947,202535,279468,9812,170,285,0
30人以上,Q84 娯楽業,平成19,2007,12月,737803,960106,404338,289212,345996,204032,279398,9814,448591,614110,200306
30人以上,"Q86,87 自動車整備業、機械等修理業",平成17,2005,年平均,523242,564839,304337,392673,424051,227546,340991,51682,130569,140788,76791
30人以上,"Q86,87 自動車整備業、機械等修理業",平成18,2006,年平均,494122,535450,286451,386115,418252,224627,336565,49550,108007,117198,61824
30人以上,"Q86,87 自動車整備業、機械等修理業",平成19,2007,年平均,511630,535290,315830,395026,410951,263238,350032,44994,116604,124339,52592
30人以上,"Q86,87 自動車整備業、機械等修理業",平成19,2007,1月,396118,412010,262380,393423,409203,260632,348515,44908,2695,2807,1748
30人以上,"Q86,87 自動車整備業、機械等修理業",平成19,2007,2月,511419,540692,265002,400290,416547,263441,356755,43535,111129,124145,1561
30人以上,"Q86,87 自動車整備業、機械等修理業",平成19,2007,3月,419634,437433,268421,412842,430369,263938,352321,60521,6792,7064,4483
30人以上,"Q86,87 自動車整備業、機械等修理業",平成19,2007,4月,417282,434319,272240,384148,399263,255471,335266,48882,33134,35056,16769
30人以上,"Q86,87 自動車整備業、機械等修理業",平成19,2007,5月,395265,411056,261240,393863,409646,259909,350751,43112,1402,1410,1331
30人以上,"Q86,87 自動車整備業、機械等修理業",平成19,2007,6月,863951,902670,533488,395445,410819,264227,351480,43965,468506,491851,269261
30人以上,"Q86,87 自動車整備業、機械等修理業",平成19,2007,7月,527884,556661,292554,392553,408189,264683,347327,45226,135331,148472,27871
30人以上,"Q86,87 自動車整備業、機械等修理業",平成19,2007,8月,400317,417394,261133,397366,414239,259842,353279,44087,2951,3155,1291
30人以上,"Q86,87 自動車整備業、機械等修理業",平成19,2007,9月,396156,411482,270723,390669,405812,266738,354046,36623,5487,5670,3985
30人以上,"Q86,87 自動車整備業、機械等修理業",平成19,2007,10月,408272,424609,274723,390877,406298,264817,348873,42004,17395,18311,9906
30人以上,"Q86,87 自動車整備業、機械等修理業",平成19,2007,11月,442145,459622,302950,394399,409933,270683,354225,40174,47746,49689,32267
30人以上,"Q86,87 自動車整備業、機械等修理業",平成19,2007,12月,1008079,1067971,543740,392440,408893,264880,347622,44818,615639,659078,278860
30人以上,Q82 洗濯・理容・美容・浴場業,平成17,2005,年平均,312434,364209,258595,270135,315424,223041,260361,9774,42299,48785,35554
30人以上,Q82 洗濯・理容・美容・浴場業,平成18,2006,年平均,306054,370437,241662,266938,323595,210272,256307,10631,39116,46842,31390
30人以上,Q82 洗濯・理容・美容・浴場業,平成19,2007,年平均,214234,265262,178095,194344,239850,162116,185544,8800,19890,25412,15979
30人以上,Q82 洗濯・理容・美容・浴場業,平成19,2007,1月,187373,242877,148521,187236,242543,148521,180071,7165,137,334,0
30人以上,Q82 洗濯・理容・美容・浴場業,平成19,2007,2月,182007,225262,151566,182007,225262,151566,176527,5480,0,0,0
30人以上,Q82 洗濯・理容・美容・浴場業,平成19,2007,3月,190071,230176,161316,190071,230176,161316,182231,7840,0,0,0
30人以上,Q82 洗濯・理容・美容・浴場業,平成19,2007,4月,202220,244340,171759,187837,235513,153358,179000,8837,14383,8827,18401
30人以上,Q82 洗濯・理容・美容・浴場業,平成19,2007,5月,199479,245929,165800,188257,239657,150988,176783,11474,11222,6272,14812
30人以上,Q82 洗濯・理容・美容・浴場業,平成19,2007,6月,242816,296547,203565,199642,240283,169953,190757,8885,43174,56264,33612
30人以上,Q82 洗濯・理容・美容・浴場業,平成19,2007,7月,237033,312196,184403,199179,248427,164695,190380,8799,37854,63769,19708
30人以上,Q82 洗濯・理容・美容・浴場業,平成19,2007,8月,205545,254151,171475,199964,246525,167328,191123,8841,5581,7626,4147
30人以上,Q82 洗濯・理容・美容・浴場業,平成19,2007,9月,204415,247007,174638,199838,244065,168917,190660,9178,4577,2942,5721
30人以上,Q82 洗濯・理容・美容・浴場業,平成19,2007,10月,200080,244748,168768,198665,243434,167281,190579,8086,1415,1314,1487
30人以上,Q82 洗濯・理容・美容・浴場業,平成19,2007,11月,246192,279564,222908,197602,234634,171765,185757,11845,48590,44930,51143
30人以上,Q82 洗濯・理容・美容・浴場業,平成19,2007,12月,273569,360623,212789,202481,248214,170551,193388,9093,71088,112409,42238
30人以上,Q89 広告業,平成17,2005,年平均,606607,658451,447826,501173,543299,372157,469958,31215,105434,115152,75669
30人以上,Q89 広告業,平成18,2006,年平均,622640,683899,451931,486173,532640,356684,448320,37853,136467,151259,95247
30人以上,Q89 広告業,平成19,2007,年平均,505387,603238,332577,431168,513326,286073,407807,23361,74219,89912,46504
30人以上,Q89 広告業,平成19,2007,1月,427780,515194,274240,425897,512950,272990,400622,25275,1883,2244,1250
30人以上,Q89 広告業,平成19,2007,2月,450538,528586,301855,448869,526415,301143,424100,24769,1669,2171,712
30人以上,Q89 広告業,平成19,2007,3月,453177,539511,305671,426666,513184,278845,401925,24741,26511,26327,26826
30人以上,Q89 広告業,平成19,2007,4月,434583,522209,288069,428376,516596,280868,403230,25146,6207,5613,7201
30人以上,Q89 広告業,平成19,2007,5月,433883,518131,288076,430616,514056,286207,408494,22122,3267,4075,1869
30人以上,Q89 広告業,平成19,2007,6月,690643,832217,440161,429312,508693,288866,406478,22834,261331,323524,151295
30人以上,Q89 広告業,平成19,2007,7月,502186,594049,340345,429238,509231,288310,406287,22951,72948,84818,52035
30人以上,Q89 広告業,平成19,2007,8月,436120,517992,290726,429637,510229,286516,407210,22427,6483,7763,4210
30人以上,Q89 広告業,平成19,2007,9月,454060,534427,310447,429346,508805,287354,408005,21341,24714,25622,23093
30人以上,Q89 広告業,平成19,2007,10月,439079,518497,296763,434499,515951,288538,411744,22755,4580,2546,8225
30人以上,Q89 広告業,平成19,2007,11月,528790,641261,328393,430838,510771,288414,407598,23240,97952,130490,39979
30人以上,Q89 広告業,平成19,2007,12月,820703,984427,531439,430723,512551,286152,408074,22649,389980,471876,245287
30人以上,QS-1 一括分,平成17,2005,年平均,394568,499197,244043,322791,402473,208157,300047,22744,71777,96724,35886
30人以上,QS-1 一括分,平成18,2006,年平均,389576,491399,254879,314833,387804,218304,291961,22872,74743,103595,36575
30人以上,QS-1 一括分,平成19,2007,年平均,385205,473167,271807,311572,374895,229937,284816,26756,73633,98272,41870
30人以上,QS-1 一括分,平成19,2007,1月,327410,402322,232480,308487,375958,222987,283727,24760,18923,26364,9493
30人以上,QS-1 一括分,平成19,2007,2月,304196,367846,219577,301662,364767,217768,276167,25495,2534,3079,1809
30人以上,QS-1 一括分,平成19,2007,3月,326217,394419,237688,306231,367356,226887,279886,26345,19986,27063,10801
30人以上,QS-1 一括分,平成19,2007,4月,334576,404453,243960,315838,378307,234828,288651,27187,18738,26146,9132
30人以上,QS-1 一括分,平成19,2007,5月,322139,385517,240533,308906,370280,229880,281289,27617,13233,15237,10653
30人以上,QS-1 一括分,平成19,2007,6月,563420,716346,367616,313567,376268,233286,285415,28152,249853,340078,134330
30人以上,QS-1 一括分,平成19,2007,7月,429756,524147,306384,314744,377351,232914,286564,28180,115012,146796,73470
30人以上,QS-1 一括分,平成19,2007,8月,319228,385328,235652,312930,377209,231656,286425,26505,6298,8119,3996
30人以上,QS-1 一括分,平成19,2007,9月,321213,384215,239166,311134,373280,230202,286218,24916,10079,10935,8964
30人以上,QS-1 一括分,平成19,2007,10月,318769,384851,236043,310620,374466,230692,283868,26752,8149,10385,5351
30人以上,QS-1 一括分,平成19,2007,11月,348675,420560,256129,320426,384616,237786,292205,28221,28249,35944,18343
30人以上,QS-1 一括分,平成19,2007,12月,698949,896118,442572,313879,378625,229690,287037,26842,385070,517493,212882
,,,,,,,,,,,,,,,
東京都の賃金、労働時間及び雇用の動き（毎月勤労統計調査）平成19年確報,,,,,,,,,,,,,,,
第１－２表　産業、性別常用労働者の１人平均月間現金給与額　（事業所規模３０人以上）,,,,,,,,,,,,,,,
