事業所規模,産業,和暦年,西暦年,年平均・月,現金給与総額／計(円),現金給与総額／男(円),現金給与総額／女(円),きまって支給する給与／計(円),きまって支給する給与／男(円),きまって支給する給与／女(円),所定内給与(円),超過労働給与(円),特別に支払われた給与／計(円),特別に支払われた給与／男(円),特別に支払われた給与／女(円)
５人以上,TL 調査産業計,平成17,2005,年平均,429876,522705,272819,342350,412511,223646,319906,22444,87526,110194,49173
５人以上,TL 調査産業計,平成18,2006,年平均,433685,525876,278182,341360,409746,226010,317962,23398,92325,116130,52172
５人以上,TL 調査産業計,平成19,2007,年平均,430485,521754,276184,338139,404829,225391,315669,22470,92346,116925,50793
５人以上,TL 調査産業計,平成19,2007,1月,346870,416168,229098,334504,400834,221776,312763,21741,12366,15334,7322
５人以上,TL 調査産業計,平成19,2007,2月,346764,416304,226557,335521,400941,222436,313348,22173,11243,15363,4121
５人以上,TL 調査産業計,平成19,2007,3月,368879,442266,243090,338972,405934,224195,315643,23329,29907,36332,18895
５人以上,TL 調査産業計,平成19,2007,4月,360505,431512,239663,343904,410379,230775,319587,24317,16601,21133,8888
５人以上,TL 調査産業計,平成19,2007,5月,355932,424407,239708,336971,401914,226743,314124,22847,18961,22493,12965
５人以上,TL 調査産業計,平成19,2007,6月,695718,865041,409174,339174,404986,227800,316807,22367,356544,460055,181374
５人以上,TL 調査産業計,平成19,2007,7月,461400,559387,296858,336101,402411,224750,313889,22212,125299,156976,72108
５人以上,TL 調査産業計,平成19,2007,8月,350014,421101,231188,337029,404534,224191,315008,22021,12985,16567,6997
５人以上,TL 調査産業計,平成19,2007,9月,344973,413996,229698,336871,404281,224290,315819,21052,8102,9715,5408
５人以上,TL 調査産業計,平成19,2007,10月,347833,417997,230892,339221,407401,225586,317449,21772,8612,10596,5306
５人以上,TL 調査産業計,平成19,2007,11月,378986,456452,248956,339405,406721,226411,316445,22960,39581,49731,22545
５人以上,TL 調査産業計,平成19,2007,12月,802422,989554,486080,339970,407604,225637,317110,22860,462452,581950,260443
５人以上,D 鉱業,平成17,2005,年平均,627344,684756,367000,447005,485413,272836,439880,7125,180339,199343,94164
５人以上,D 鉱業,平成18,2006,年平均,703153,772912,385894,453473,494582,266513,444886,8587,249680,278330,119381
５人以上,D 鉱業,平成19,2007,年平均,667289,728738,394115,466148,508569,277563,434236,31912,201141,220169,116552
５人以上,D 鉱業,平成19,2007,1月,480700,525760,278049,471658,515668,273728,440416,31242,9042,10092,4321
５人以上,D 鉱業,平成19,2007,2月,469130,512203,274645,465877,508466,273574,432896,32981,3253,3737,1071
５人以上,D 鉱業,平成19,2007,3月,494274,536043,305294,465855,508341,273629,434885,30970,28419,27702,31665
５人以上,D 鉱業,平成19,2007,4月,452437,490943,283435,428793,468324,255292,392881,35912,23644,22619,28143
５人以上,D 鉱業,平成19,2007,5月,483181,526289,296609,476892,519045,294457,440970,35922,6289,7244,2152
５人以上,D 鉱業,平成19,2007,6月,1830217,2016072,1014623,466698,508911,281454,437139,29559,1363519,1507161,733169
５人以上,D 鉱業,平成19,2007,7月,464917,505214,288897,460536,500584,285603,429988,30548,4381,4630,3294
５人以上,D 鉱業,平成19,2007,8月,464996,507917,279896,462298,505139,277542,431371,30927,2698,2778,2354
５人以上,D 鉱業,平成19,2007,9月,502863,548548,304099,472116,517477,274760,443237,28879,30747,31071,29339
５人以上,D 鉱業,平成19,2007,10月,497425,540571,302987,474787,519261,274365,446361,28426,22638,21310,28622
５人以上,D 鉱業,平成19,2007,11月,480414,522329,288092,476758,518176,286715,444139,32619,3656,4153,1377
５人以上,D 鉱業,平成19,2007,12月,1380802,1503402,816808,471798,513616,279420,436924,34874,909004,989786,537388
５人以上,E 建設業,平成17,2005,年平均,493113,531053,293205,407999,439341,242857,385429,22570,85114,91712,50348
５人以上,E 建設業,平成18,2006,年平均,478229,512905,284862,401943,430224,244238,378383,23560,76286,82681,40624
５人以上,E 建設業,平成19,2007,年平均,479060,512789,298157,396052,423491,248882,369674,26378,83008,89298,49275
５人以上,E 建設業,平成19,2007,1月,402014,428439,253718,393597,419521,248117,367552,26045,8417,8918,5601
５人以上,E 建設業,平成19,2007,2月,404052,431195,252684,397605,424258,248971,370336,27269,6447,6937,3713
５人以上,E 建設業,平成19,2007,3月,416972,444804,262141,403107,430434,251086,373073,30034,13865,14370,11055
５人以上,E 建設業,平成19,2007,4月,417840,445658,267279,402212,428375,260612,374210,28002,15628,17283,6667
５人以上,E 建設業,平成19,2007,5月,412607,440887,260533,393221,419455,252147,368500,24721,19386,21432,8386
５人以上,E 建設業,平成19,2007,6月,651976,696895,410136,396994,423740,252995,371783,25211,254982,273155,157141
５人以上,E 建設業,平成19,2007,7月,566711,611549,331561,391837,420157,243317,368304,23533,174874,191392,88244
５人以上,E 建設業,平成19,2007,8月,411175,439728,262315,394745,423651,244046,368193,26552,16430,16077,18269
５人以上,E 建設業,平成19,2007,9月,399865,428865,248007,394506,422939,245615,370380,24126,5359,5926,2392
５人以上,E 建設業,平成19,2007,10月,407141,435470,258100,395124,423202,247401,367397,27727,12017,12268,10699
５人以上,E 建設業,平成19,2007,11月,433610,466437,260721,395363,423477,247296,368411,26952,38247,42960,13425
５人以上,E 建設業,平成19,2007,12月,821798,882356,503653,394430,422765,245574,368005,26425,427368,459591,258079
５人以上,F 製造業,平成17,2005,年平均,486352,550339,298237,379719,426604,241881,352391,27328,106633,123735,56356
５人以上,F 製造業,平成18,2006,年平均,489452,553489,301861,376913,422617,243027,349323,27590,112539,130872,58834
５人以上,F 製造業,平成19,2007,年平均,495747,564556,295884,382437,432197,237904,357645,24792,113310,132359,57980
５人以上,F 製造業,平成19,2007,1月,387573,438863,237984,379945,430496,232512,356044,23901,7628,8367,5472
５人以上,F 製造業,平成19,2007,2月,385283,435793,238401,381745,431632,236675,356607,25138,3538,4161,1726
５人以上,F 製造業,平成19,2007,3月,391380,442506,242714,383010,433374,236560,356518,26492,8370,9132,6154
５人以上,F 製造業,平成19,2007,4月,406317,457327,257825,385707,434985,242257,359411,26296,20610,22342,15568
５人以上,F 製造業,平成19,2007,5月,390202,440282,244755,378134,426710,237057,353905,24229,12068,13572,7698
５人以上,F 製造業,平成19,2007,6月,841835,975339,454790,383671,432481,242165,359135,24536,458164,542858,212625
５人以上,F 製造業,平成19,2007,7月,559642,635270,337428,381523,429866,239480,356430,25093,178119,205404,97948
５人以上,F 製造業,平成19,2007,8月,390167,440963,242747,381565,431326,237147,357481,24084,8602,9637,5600
５人以上,F 製造業,平成19,2007,9月,387306,437856,240367,382165,432076,237083,358702,23463,5141,5780,3284
５人以上,F 製造業,平成19,2007,10月,386992,437504,240290,382757,432954,236970,358642,24115,4235,4550,3320
５人以上,F 製造業,平成19,2007,11月,412053,466186,255728,384868,434878,240452,359467,25401,27185,31308,15276
５人以上,F 製造業,平成19,2007,12月,1007905,1166044,554088,384181,435676,236405,359402,24779,623724,730368,317683
５人以上,G 電気・ガス・熱供給・水道業,平成17,2005,年平均,710294,750951,447966,519442,548213,333803,462764,56678,190852,202738,114163
５人以上,G 電気・ガス・熱供給・水道業,平成18,2006,年平均,701778,743270,437141,517667,547123,329796,462354,55313,184111,196147,107345
５人以上,G 電気・ガス・熱供給・水道業,平成19,2007,年平均,647860,692803,443032,475043,507837,325585,428913,46130,172817,184966,117447
５人以上,G 電気・ガス・熱供給・水道業,平成19,2007,1月,489273,524388,329395,474457,507884,322263,430120,44337,14816,16504,7132
５人以上,G 電気・ガス・熱供給・水道業,平成19,2007,2月,476692,510665,320610,476662,510628,320610,429391,47271,30,37,0
５人以上,G 電気・ガス・熱供給・水道業,平成19,2007,3月,504162,538222,347698,487018,519993,335537,435648,51370,17144,18229,12161
５人以上,G 電気・ガス・熱供給・水道業,平成19,2007,4月,504078,537769,349378,482529,514416,336112,434354,48175,21549,23353,13266
５人以上,G 電気・ガス・熱供給・水道業,平成19,2007,5月,474476,505933,329590,471934,503225,327812,431834,40100,2542,2708,1778
５人以上,G 電気・ガス・熱供給・水道業,平成19,2007,6月,1424601,1522445,974678,470565,502039,325839,427706,42859,954036,1020406,648839
５人以上,G 電気・ガス・熱供給・水道業,平成19,2007,7月,486520,518567,341308,472446,504464,327366,422635,49811,14074,14103,13942
５人以上,G 電気・ガス・熱供給・水道業,平成19,2007,8月,470302,502538,323867,469901,502049,323867,420605,49296,401,489,0
５人以上,G 電気・ガス・熱供給・水道業,平成19,2007,9月,472226,504586,325162,470931,503231,324144,425128,45803,1295,1355,1018
５人以上,G 電気・ガス・熱供給・水道業,平成19,2007,10月,508828,543350,353386,476873,510321,326265,429322,47551,31955,33029,27121
５人以上,G 電気・ガス・熱供給・水道業,平成19,2007,11月,615293,654469,438777,476770,510858,323181,430668,46102,138523,143611,115596
５人以上,G 電気・ガス・熱供給・水道業,平成19,2007,12月,1341954,1444255,878873,470497,505057,314056,429498,40999,871457,939198,564817
５人以上,H 情報通信業,平成17,2005,年平均,525622,573170,379331,414295,449683,305416,370017,44278,111327,123487,73915
５人以上,H 情報通信業,平成18,2006,年平均,522434,572771,368270,411446,448030,299400,368201,43245,110988,124741,68870
５人以上,H 情報通信業,平成19,2007,年平均,497158,538098,356909,383066,412109,283571,347088,35978,114092,125989,73338
５人以上,H 情報通信業,平成19,2007,1月,392658,425668,290718,375994,407935,277354,342805,33189,16664,17733,13364
５人以上,H 情報通信業,平成19,2007,2月,375725,407922,273099,370602,402184,269937,336813,33789,5123,5738,3162
５人以上,H 情報通信業,平成19,2007,3月,432544,466798,317888,385259,414249,288225,348266,36993,47285,52549,29663
５人以上,H 情報通信業,平成19,2007,4月,404452,437004,295197,388004,418443,285839,348941,39063,16448,18561,9358
５人以上,H 情報通信業,平成19,2007,5月,420987,454152,309490,377421,407023,277903,341360,36061,43566,47129,31587
５人以上,H 情報通信業,平成19,2007,6月,783988,871737,488132,382446,412325,281705,349132,33314,401542,459412,206427
５人以上,H 情報通信業,平成19,2007,7月,550635,585565,427162,381588,408397,286823,345869,35719,169047,177168,140339
５人以上,H 情報通信業,平成19,2007,8月,393188,421346,293607,383772,411596,285375,346280,37492,9416,9750,8232
５人以上,H 情報通信業,平成19,2007,9月,412814,441188,312318,389781,418312,288731,355370,34411,23033,22876,23587
５人以上,H 情報通信業,平成19,2007,10月,395750,424706,292047,386285,414149,286491,350680,35605,9465,10557,5556
５人以上,H 情報通信業,平成19,2007,11月,464975,498002,344905,387079,414245,288319,348939,38140,77896,83757,56586
５人以上,H 情報通信業,平成19,2007,12月,931157,1007654,653781,388274,415956,287898,350322,37952,542883,591698,365883
５人以上,I 運輸業,平成17,2005,年平均,427283,455049,290826,349583,373606,231520,299860,49723,77700,81443,59306
５人以上,I 運輸業,平成18,2006,年平均,428614,470807,266495,349710,386966,206559,295497,54213,78904,83841,59936
５人以上,I 運輸業,平成19,2007,年平均,439053,462631,282400,356247,375475,228494,304844,51403,82806,87156,53906
５人以上,I 運輸業,平成19,2007,1月,373255,391109,238074,358010,374655,231977,305818,52192,15245,16454,6097
５人以上,I 運輸業,平成19,2007,2月,363980,380030,243403,360616,376642,240218,308710,51906,3364,3388,3185
５人以上,I 運輸業,平成19,2007,3月,376651,397411,224094,360408,380765,210819,307247,53161,16243,16646,13275
５人以上,I 運輸業,平成19,2007,4月,398096,413888,285286,369374,387589,239258,311812,57562,28722,26299,46028
５人以上,I 運輸業,平成19,2007,5月,354762,371979,236068,346293,363590,227048,296128,50165,8469,8389,9020
５人以上,I 運輸業,平成19,2007,6月,577126,609160,351975,351340,369082,226635,300504,50836,225786,240078,125340
５人以上,I 運輸業,平成19,2007,7月,524489,551182,358403,354620,374314,232081,304273,50347,169869,176868,126322
５人以上,I 運輸業,平成19,2007,8月,370659,392932,233674,353971,374474,227877,304180,49791,16688,18458,5797
５人以上,I 運輸業,平成19,2007,9月,359773,379983,236671,351708,372317,226172,300684,51024,8065,7666,10499
５人以上,I 運輸業,平成19,2007,10月,361876,383784,229841,352020,373459,222811,304134,47886,9856,10325,7030
５人以上,I 運輸業,平成19,2007,11月,416453,437204,286841,358613,378893,231939,307438,51175,57840,58311,54902
５人以上,I 運輸業,平成19,2007,12月,787341,843969,444083,358217,379986,226266,307341,50876,429124,463983,217817
５人以上,J 卸売・小売業,平成17,2005,年平均,400241,518499,228483,315031,400339,191130,303005,12026,85210,118160,37353
５人以上,J 卸売・小売業,平成18,2006,年平均,414415,524134,245767,321943,399253,203112,308309,13634,92472,124881,42655
５人以上,J 卸売・小売業,平成19,2007,年平均,395169,509062,227438,310178,390339,192125,296828,13350,84991,118723,35313
５人以上,J 卸売・小売業,平成19,2007,1月,316232,396396,196764,303588,381244,187858,290809,12779,12644,15152,8906
５人以上,J 卸売・小売業,平成19,2007,2月,319527,403524,192446,306824,385510,187777,293784,13040,12703,18014,4669
５人以上,J 卸売・小売業,平成19,2007,3月,324133,408871,196664,306866,387420,185690,293434,13432,17267,21451,10974
５人以上,J 卸売・小売業,平成19,2007,4月,329682,415554,201181,313907,392699,196002,299396,14511,15775,22855,5179
５人以上,J 卸売・小売業,平成19,2007,5月,320913,401491,201037,308064,384408,194486,294742,13322,12849,17083,6551
５人以上,J 卸売・小売業,平成19,2007,6月,643970,869459,306666,310830,387414,196269,297508,13322,333140,482045,110397
５人以上,J 卸売・小売業,平成19,2007,7月,458424,579975,277371,309825,387315,194401,296507,13318,148599,192660,82970
５人以上,J 卸売・小売業,平成19,2007,8月,328631,416144,201676,313213,395630,193652,300165,13048,15418,20514,8024
５人以上,J 卸売・小売業,平成19,2007,9月,316105,401303,194630,309849,393039,191237,297122,12727,6256,8264,3393
５人以上,J 卸売・小売業,平成19,2007,10月,322336,409023,197820,315367,399412,194647,302172,13195,6969,9611,3173
５人以上,J 卸売・小売業,平成19,2007,11月,334999,429926,199719,309298,392751,190370,295573,13725,25701,37175,9349
５人以上,J 卸売・小売業,平成19,2007,12月,723820,970690,362679,314429,397492,192918,300640,13789,409391,573198,169761
５人以上,K 金融・保険業,平成17,2005,年平均,623395,777137,394847,469264,578960,306193,437715,31549,154131,198177,88654
５人以上,K 金融・保険業,平成18,2006,年平均,627859,808273,384040,455331,577704,289951,423334,31997,172528,230569,94089
５人以上,K 金融・保険業,平成19,2007,年平均,645561,844755,386025,471833,603472,300316,440641,31192,173728,241283,85709
５人以上,K 金融・保険業,平成19,2007,1月,477249,609634,295967,463447,591814,287667,433662,29785,13802,17820,8300
５人以上,K 金融・保険業,平成19,2007,2月,539962,719095,298239,459146,591890,280021,430295,28851,80816,127205,18218
５人以上,K 金融・保険業,平成19,2007,3月,583829,758534,351380,478489,611073,302084,446662,31827,105340,147461,49296
５人以上,K 金融・保険業,平成19,2007,4月,499349,635627,322549,489159,624159,314017,454016,35143,10190,11468,8532
５人以上,K 金融・保険業,平成19,2007,5月,529338,690657,321128,472724,604837,302210,438690,34034,56614,85820,18918
５人以上,K 金融・保険業,平成19,2007,6月,1336076,1811942,729044,474526,608720,303344,441577,32949,861550,1203222,425700
５人以上,K 金融・保険業,平成19,2007,7月,548644,717031,343101,471530,611378,300823,439849,31681,77114,105653,42278
５人以上,K 金融・保険業,平成19,2007,8月,495066,635554,317017,474432,608306,304766,444526,29906,20634,27248,12251
５人以上,K 金融・保険業,平成19,2007,9月,479135,606813,312518,467746,593665,303426,439799,27947,11389,13148,9092
５人以上,K 金融・保険業,平成19,2007,10月,479144,609584,308370,467276,593821,301601,437712,29564,11868,15763,6769
５人以上,K 金融・保険業,平成19,2007,11月,475635,603982,305595,469869,596809,301693,438238,31631,5766,7173,3902
５人以上,K 金融・保険業,平成19,2007,12月,1279149,1714883,707852,473256,605535,299824,442396,30860,805893,1109348,408028
５人以上,L 不動産業,平成17,2005,年平均,449014,516142,281671,350895,400341,227632,334587,16308,98119,115801,54039
５人以上,L 不動産業,平成18,2006,年平均,485363,555254,302634,378523,429492,245266,360761,17762,106840,125762,57368
５人以上,L 不動産業,平成19,2007,年平均,491014,569169,296365,373986,429014,236937,357058,16928,117028,140155,59428
５人以上,L 不動産業,平成19,2007,1月,408066,459779,274267,374589,424347,245847,357109,17480,33477,35432,28420
５人以上,L 不動産業,平成19,2007,2月,383647,437033,246360,378819,430788,245174,361837,16982,4828,6245,1186
５人以上,L 不動産業,平成19,2007,3月,428212,491931,266477,382866,438110,242643,365225,17641,45346,53821,23834
５人以上,L 不動産業,平成19,2007,4月,419047,479161,265773,382064,432876,252507,361799,20265,36983,46285,13266
５人以上,L 不動産業,平成19,2007,5月,431257,493698,271434,379441,430373,249077,360867,18574,51816,63325,22357
５人以上,L 不動産業,平成19,2007,6月,697449,803075,424604,376417,426658,246638,359348,17069,321032,376417,177966
５人以上,L 不動産業,平成19,2007,7月,561758,667292,309899,366358,424469,227675,350246,16112,195400,242823,82224
５人以上,L 不動産業,平成19,2007,8月,432571,506973,255950,365998,425250,225342,350762,15236,66573,81723,30608
５人以上,L 不動産業,平成19,2007,9月,388955,454732,234012,368625,430948,221818,353555,15070,20330,23784,12194
５人以上,L 不動産業,平成19,2007,10月,389027,449744,241310,376059,434368,234201,360666,15393,12968,15376,7109
５人以上,L 不動産業,平成19,2007,11月,419551,487909,248413,369691,425915,228931,352787,16904,49860,61994,19482
５人以上,L 不動産業,平成19,2007,12月,931891,1099113,519799,366635,423974,225334,350311,16324,565256,675139,294465
５人以上,"M 飲食店,宿泊業",平成17,2005,年平均,178358,244084,118591,164901,222716,112328,157089,7812,13457,21368,6263
５人以上,"M 飲食店,宿泊業",平成18,2006,年平均,166772,226085,112530,153003,202967,107311,144416,8587,13769,23118,5219
５人以上,"M 飲食店,宿泊業",平成19,2007,年平均,186352,257222,117378,166294,225010,109149,157559,8735,20058,32212,8229
５人以上,"M 飲食店,宿泊業",平成19,2007,1月,172000,235042,109313,170319,232624,108365,161469,8850,1681,2418,948
５人以上,"M 飲食店,宿泊業",平成19,2007,2月,170250,232448,108545,170181,232356,108499,161449,8732,69,92,46
５人以上,"M 飲食店,宿泊業",平成19,2007,3月,200866,286714,118210,170862,234346,109738,162153,8709,30004,52368,8472
５人以上,"M 飲食店,宿泊業",平成19,2007,4月,174267,238050,112219,171342,232830,111527,161635,9707,2925,5220,692
５人以上,"M 飲食店,宿泊業",平成19,2007,5月,175315,239591,111831,172076,234144,110773,162480,9596,3239,5447,1058
５人以上,"M 飲食店,宿泊業",平成19,2007,6月,220799,319351,127244,166897,227047,109797,158299,8598,53902,92304,17447
５人以上,"M 飲食店,宿泊業",平成19,2007,7月,195250,271112,122479,163538,222134,107330,155524,8014,31712,48978,15149
５人以上,"M 飲食店,宿泊業",平成19,2007,8月,171883,228098,116116,163079,215237,111337,153974,9105,8804,12861,4779
５人以上,"M 飲食店,宿泊業",平成19,2007,9月,162705,217152,109131,161241,214870,108471,153374,7867,1464,2282,660
５人以上,"M 飲食店,宿泊業",平成19,2007,10月,163503,222282,107334,163158,221699,107216,154637,8521,345,583,118
５人以上,"M 飲食店,宿泊業",平成19,2007,11月,165168,222014,110166,160293,215015,107346,151854,8439,4875,6999,2820
５人以上,"M 飲食店,宿泊業",平成19,2007,12月,262505,374849,154198,163508,219438,109588,154761,8747,98997,155411,44610
５人以上,"N 医療,福祉",平成17,2005,年平均,355655,515852,300887,284795,406674,243128,268144,16651,70860,109178,57759
５人以上,"N 医療,福祉",平成18,2006,年平均,374793,559359,308715,293731,430920,244615,277412,16319,81062,128439,64100
５人以上,"N 医療,福祉",平成19,2007,年平均,354338,487943,314149,285418,397991,251556,270885,14533,68920,89952,62593
５人以上,"N 医療,福祉",平成19,2007,1月,292450,411004,256725,290425,408585,254818,275474,14951,2025,2419,1907
５人以上,"N 医療,福祉",平成19,2007,2月,290752,413375,253827,289551,411785,252743,273705,15846,1201,1590,1084
５人以上,"N 医療,福祉",平成19,2007,3月,310285,434271,273147,283305,403932,247173,269805,13500,26980,30339,25974
５人以上,"N 医療,福祉",平成19,2007,4月,300593,427873,261864,294595,418255,256967,279711,14884,5998,9618,4897
５人以上,"N 医療,福祉",平成19,2007,5月,305847,423415,269966,291213,414810,253492,276318,14895,14634,8605,16474
５人以上,"N 医療,福祉",平成19,2007,6月,552039,790241,480110,290139,415835,252183,275112,15027,261900,374406,227927
５人以上,"N 医療,福祉",平成19,2007,7月,355562,479084,318772,278342,378826,248414,264190,14152,77220,100258,70358
５人以上,"N 医療,福祉",平成19,2007,8月,281198,391927,247952,279089,387719,246473,265225,13864,2109,4208,1479
５人以上,"N 医療,福祉",平成19,2007,9月,282138,385397,251777,280891,384531,250418,267411,13480,1247,866,1359
５人以上,"N 医療,福祉",平成19,2007,10月,291199,396689,258544,283054,384523,251644,268853,14201,8145,12166,6900
５人以上,"N 医療,福祉",平成19,2007,11月,318262,427052,285765,282922,382071,253305,268116,14806,35340,44981,32460
５人以上,"N 医療,福祉",平成19,2007,12月,669457,877276,607922,281695,384955,251120,266896,14799,387762,492321,356802
５人以上,"O 教育,学習支援業",平成17,2005,年平均,442325,525049,356066,330040,387746,269869,322896,7144,112285,137303,86197
５人以上,"O 教育,学習支援業",平成18,2006,年平均,445034,529851,361881,332062,390772,274504,324478,7584,112972,139079,87377
５人以上,"O 教育,学習支援業",平成19,2007,年平均,489442,581658,389456,361109,426458,290254,346258,14851,128333,155200,99202
５人以上,"O 教育,学習支援業",平成19,2007,1月,367601,428753,300456,362020,425039,292826,348921,13099,5581,3714,7630
５人以上,"O 教育,学習支援業",平成19,2007,2月,373942,437937,303771,369790,433819,299581,353853,15937,4152,4118,4190
５人以上,"O 教育,学習支援業",平成19,2007,3月,436803,516005,348967,374073,438392,302743,357351,16722,62730,77613,46224
５人以上,"O 教育,学習支援業",平成19,2007,4月,409391,484628,327095,375795,440547,304968,357966,17829,33596,44081,22127
５人以上,"O 教育,学習支援業",平成19,2007,5月,394021,453087,330529,365668,430772,295686,347310,18358,28353,22315,34843
５人以上,"O 教育,学習支援業",平成19,2007,6月,897462,1088596,693278,361830,427897,291252,346522,15308,535632,660699,402026
５人以上,"O 教育,学習支援業",平成19,2007,7月,433349,511304,349154,348415,411213,280590,335620,12795,84934,100091,68564
５人以上,"O 教育,学習支援業",平成19,2007,8月,359034,431713,281391,346992,414157,275241,333514,13478,12042,17556,6150
５人以上,"O 教育,学習支援業",平成19,2007,9月,360003,425548,289718,353673,417144,285613,342313,11360,6330,8404,4105
５人以上,"O 教育,学習支援業",平成19,2007,10月,382466,456093,304051,358897,426353,287055,346975,11922,23569,29740,16996
５人以上,"O 教育,学習支援業",平成19,2007,11月,434680,498467,362505,365623,431707,290848,350440,15183,69057,66760,71657
５人以上,"O 教育,学習支援業",平成19,2007,12月,1008962,1240788,763773,351674,420903,278455,335344,16330,657288,819885,485318
５人以上,P 複合サービス事業,平成17,2005,年平均,384489,455565,221769,298185,352433,173989,273742,24443,86304,103132,47780
５人以上,P 複合サービス事業,平成18,2006,年平均,389842,467141,214236,300403,358753,167846,272206,28197,89439,108388,46390
５人以上,P 複合サービス事業,平成19,2007,年平均,428395,487287,270817,341269,389418,212437,313838,27431,87126,97869,58380
５人以上,P 複合サービス事業,平成19,2007,1月,347497,397311,207780,341858,392033,201129,307823,34035,5639,5278,6651
５人以上,P 複合サービス事業,平成19,2007,2月,338138,387539,206084,335177,384612,203031,309988,25189,2961,2927,3053
５人以上,P 複合サービス事業,平成19,2007,3月,331671,383681,194324,328151,379986,191265,304448,23703,3520,3695,3059
５人以上,P 複合サービス事業,平成19,2007,4月,348915,404852,201859,328203,378209,196740,305890,22313,20712,26643,5119
５人以上,P 複合サービス事業,平成19,2007,5月,324938,372927,201750,321739,369978,197911,297980,23759,3199,2949,3839
５人以上,P 複合サービス事業,平成19,2007,6月,786733,923863,412015,335430,381427,209738,313425,22005,451303,542436,202277
５人以上,P 複合サービス事業,平成19,2007,7月,378553,415127,283032,318477,360302,209243,289758,28719,60076,54825,73789
５人以上,P 複合サービス事業,平成19,2007,8月,331769,379467,206130,328997,376082,204973,306616,22381,2772,3385,1157
５人以上,P 複合サービス事業,平成19,2007,9月,323515,370096,202124,315837,363100,192669,284355,31482,7678,6996,9455
５人以上,P 複合サービス事業,平成19,2007,10月,416145,474056,260118,387299,439363,247024,355268,32031,28846,34693,13094
５人以上,P 複合サービス事業,平成19,2007,11月,393357,437569,271396,376876,421456,253900,349606,27270,16481,16113,17496
５人以上,P 複合サービス事業,平成19,2007,12月,834056,906489,632707,381294,428997,248690,344571,36723,452762,477492,384017
５人以上,Q サービス業（他に分類されないもの）,平成17,2005,年平均,417392,500641,272474,344677,409774,231359,322625,22052,72715,90867,41115
５人以上,Q サービス業（他に分類されないもの）,平成18,2006,年平均,410815,492192,276188,334102,395492,232541,311188,22914,76713,96700,43647
５人以上,Q サービス業（他に分類されないもの）,平成19,2007,年平均,403981,485281,273138,326739,386374,230763,303691,23048,77242,98907,42375
５人以上,Q サービス業（他に分類されないもの）,平成19,2007,1月,340856,409353,231956,320546,382190,222543,298325,22221,20310,27163,9413
５人以上,Q サービス業（他に分類されないもの）,平成19,2007,2月,330795,388860,231604,321128,376015,227367,298597,22531,9667,12845,4237
５人以上,Q サービス業（他に分類されないもの）,平成19,2007,3月,349944,413867,244346,324233,380194,231789,300041,24192,25711,33673,12557
５人以上,Q サービス業（他に分類されないもの）,平成19,2007,4月,343185,406423,241613,327138,386439,231889,303059,24079,16047,19984,9724
５人以上,Q サービス業（他に分類されないもの）,平成19,2007,5月,334248,393517,239679,323324,383005,228096,299669,23655,10924,10512,11583
５人以上,Q サービス業（他に分類されないもの）,平成19,2007,6月,598739,746858,361205,327384,386811,232082,303528,23856,271355,360047,129123
５人以上,Q サービス業（他に分類されないもの）,平成19,2007,7月,427098,510263,295313,327811,389823,229546,304341,23470,99287,120440,65767
５人以上,Q サービス業（他に分類されないもの）,平成19,2007,8月,337857,402770,236105,326410,388109,229695,304172,22238,11447,14661,6410
５人以上,Q サービス業（他に分類されないもの）,平成19,2007,9月,336218,398733,236677,327538,389030,229626,306297,21241,8680,9703,7051
５人以上,Q サービス業（他に分類されないもの）,平成19,2007,10月,335707,399943,235435,328318,390447,231336,306200,22118,7389,9496,4099
５人以上,Q サービス業（他に分類されないもの）,平成19,2007,11月,387730,467674,260275,333399,393634,237366,309787,23612,54331,74040,22909
５人以上,Q サービス業（他に分類されないもの）,平成19,2007,12月,721215,875082,464863,333432,390868,237739,310084,23348,387783,484214,227124
５人以上,"F09、10 食料品,飲料・たばこ・飼料製造業",平成17,2005,年平均,418865,504515,257745,339018,404589,215671,315886,23132,79847,99926,42074
５人以上,"F09、10 食料品,飲料・たばこ・飼料製造業",平成18,2006,年平均,422746,522766,256805,333745,404601,216191,309477,24268,89001,118165,40614
５人以上,"F09、10 食料品,飲料・たばこ・飼料製造業",平成19,2007,年平均,368362,490957,207134,294653,384913,175949,271332,23321,73709,106044,31185
５人以上,"F09、10 食料品,飲料・たばこ・飼料製造業",平成19,2007,1月,320695,415699,189917,291947,378405,172933,269260,22687,28748,37294,16984
５人以上,"F09、10 食料品,飲料・たばこ・飼料製造業",平成19,2007,2月,300592,391082,177416,296273,385737,174494,272608,23665,4319,5345,2922
５人以上,"F09、10 食料品,飲料・たばこ・飼料製造業",平成19,2007,3月,296247,385005,175854,293061,380901,173914,269464,23597,3186,4104,1940
５人以上,"F09、10 食料品,飲料・たばこ・飼料製造業",平成19,2007,4月,333735,434815,197040,301340,389388,182269,276817,24523,32395,45427,14771
５人以上,"F09、10 食料品,飲料・たばこ・飼料製造業",平成19,2007,5月,302121,390194,183456,300536,387985,182711,274968,25568,1585,2209,745
５人以上,"F09、10 食料品,飲料・たばこ・飼料製造業",平成19,2007,6月,549667,751542,278755,298084,384792,181724,274532,23552,251583,366750,97031
５人以上,"F09、10 食料品,飲料・たばこ・飼料製造業",平成19,2007,7月,420441,550792,243107,297169,382645,180885,274841,22328,123272,168147,62222
５人以上,"F09、10 食料品,飲料・たばこ・飼料製造業",平成19,2007,8月,301519,389373,181707,299298,386392,180521,276878,22420,2221,2981,1186
５人以上,"F09、10 食料品,飲料・たばこ・飼料製造業",平成19,2007,9月,292023,389342,170669,289262,385685,169026,267484,21778,2761,3657,1643
５人以上,"F09、10 食料品,飲料・たばこ・飼料製造業",平成19,2007,10月,292748,390763,170515,287639,383386,168235,265384,22255,5109,7377,2280
５人以上,"F09、10 食料品,飲料・たばこ・飼料製造業",平成19,2007,11月,298981,397048,177547,292893,388948,173951,269555,23338,6088,8100,3596
５人以上,"F09、10 食料品,飲料・たばこ・飼料製造業",平成19,2007,12月,704243,1011282,332750,288252,384713,171542,264116,24136,415991,626569,161208
５人以上,F11 繊維工業（衣類、その他の繊維製品を除く）,平成17,2005,年平均,438305,504967,303532,326254,370740,236315,319428,6826,112051,134227,67217
５人以上,F11 繊維工業（衣類、その他の繊維製品を除く）,平成18,2006,年平均,417223,530343,272297,311291,374050,230886,303092,8199,105932,156293,41411
５人以上,F11 繊維工業（衣類、その他の繊維製品を除く）,平成19,2007,年平均,544072,684378,328653,380451,459434,259185,353810,26641,163621,224944,69468
５人以上,F11 繊維工業（衣類、その他の繊維製品を除く）,平成19,2007,1月,367234,450505,261770,351535,435631,245026,322606,28929,15699,14874,16744
５人以上,F11 繊維工業（衣類、その他の繊維製品を除く）,平成19,2007,2月,367469,461600,247914,367469,461600,247914,337995,29474,0,0,0
５人以上,F11 繊維工業（衣類、その他の繊維製品を除く）,平成19,2007,3月,345741,439813,228406,345741,439813,228406,314768,30973,0,0,0
５人以上,F11 繊維工業（衣類、その他の繊維製品を除く）,平成19,2007,4月,353919,435399,252020,353919,435399,252020,321316,32603,0,0,0
５人以上,F11 繊維工業（衣類、その他の繊維製品を除く）,平成19,2007,5月,908377,1340878,412888,346839,434683,246202,317509,29330,561538,906195,166686
５人以上,F11 繊維工業（衣類、その他の繊維製品を除く）,平成19,2007,6月,872566,1331014,383287,334289,432622,229343,306447,27842,538277,898392,153944
５人以上,F11 繊維工業（衣類、その他の繊維製品を除く）,平成19,2007,7月,595364,672455,449747,422563,493666,288256,394309,28254,172801,178789,161491
５人以上,F11 繊維工業（衣類、その他の繊維製品を除く）,平成19,2007,8月,410971,478562,284566,410971,478562,284566,390114,20857,0,0,0
５人以上,F11 繊維工業（衣類、その他の繊維製品を除く）,平成19,2007,9月,407380,469969,288829,407380,469969,288829,383722,23658,0,0,0
５人以上,F11 繊維工業（衣類、その他の繊維製品を除く）,平成19,2007,10月,426021,493999,292890,410417,473998,285896,383975,26442,15604,20001,6994
５人以上,F11 繊維工業（衣類、その他の繊維製品を除く）,平成19,2007,11月,410327,471366,286606,410327,471366,286606,388412,21915,0,0,0
５人以上,F11 繊維工業（衣類、その他の繊維製品を除く）,平成19,2007,12月,1002288,1217396,565130,391740,459525,253981,370540,21200,610548,757871,311149
５人以上,F12 衣類・その他の繊維製品製造業,平成17,2005,年平均,332249,411079,267673,298663,369276,240818,291026,7637,33586,41803,26855
５人以上,F12 衣類・その他の繊維製品製造業,平成18,2006,年平均,341593,425273,276283,296749,361300,246369,291122,5627,44844,63973,29914
５人以上,F12 衣類・その他の繊維製品製造業,平成19,2007,年平均,337885,411173,257998,297551,359921,229565,292989,4562,40334,51252,28433
５人以上,F12 衣類・その他の繊維製品製造業,平成19,2007,1月,311709,392240,226924,289694,356382,219483,282988,6706,22015,35858,7441
５人以上,F12 衣類・その他の繊維製品製造業,平成19,2007,2月,298088,355980,237088,295968,352478,236425,288343,7625,2120,3502,663
５人以上,F12 衣類・その他の繊維製品製造業,平成19,2007,3月,291251,355834,222801,286308,346829,222163,278824,7484,4943,9005,638
５人以上,F12 衣類・その他の繊維製品製造業,平成19,2007,4月,320898,387951,249024,306939,368869,240557,301010,5929,13959,19082,8467
５人以上,F12 衣類・その他の繊維製品製造業,平成19,2007,5月,299179,366888,225931,292943,360190,220195,288867,4076,6236,6698,5736
５人以上,F12 衣類・その他の繊維製品製造業,平成19,2007,6月,375515,425425,320618,296506,348800,238986,292297,4209,79009,76625,81632
５人以上,F12 衣類・その他の繊維製品製造業,平成19,2007,7月,418349,522324,297281,304096,362362,236252,300690,3406,114253,159962,61029
５人以上,F12 衣類・その他の繊維製品製造業,平成19,2007,8月,290250,370211,222689,288037,369349,219335,284665,3372,2213,862,3354
５人以上,F12 衣類・その他の繊維製品製造業,平成19,2007,9月,307952,375475,229558,301418,364029,228727,298726,2692,6534,11446,831
５人以上,F12 衣類・その他の繊維製品製造業,平成19,2007,10月,313415,373847,240872,300989,358559,231880,298017,2972,12426,15288,8992
５人以上,F12 衣類・その他の繊維製品製造業,平成19,2007,11月,310401,368840,241261,302000,361902,231131,298645,3355,8401,6938,10130
５人以上,F12 衣類・その他の繊維製品製造業,平成19,2007,12月,516492,625485,390348,305470,369436,231439,302354,3116,211022,256049,158909
５人以上,F13 木材・木製品製造業（家具を除く）,平成17,2005,年平均,439403,463137,315969,361694,382062,255767,331569,30125,77709,81075,60202
５人以上,F13 木材・木製品製造業（家具を除く）,平成18,2006,年平均,457193,483627,337590,414601,438761,305284,383087,31514,42592,44866,32306
５人以上,F13 木材・木製品製造業（家具を除く）,平成19,2007,年平均,362425,411596,232724,341287,383504,229929,314644,26643,21138,28092,2795
５人以上,F13 木材・木製品製造業（家具を除く）,平成19,2007,1月,373876,394905,308838,373876,394905,308838,352326,21550,0,0,0
５人以上,F13 木材・木製品製造業（家具を除く）,平成19,2007,2月,391719,415280,317701,391719,415280,317701,351967,39752,0,0,0
５人以上,F13 木材・木製品製造業（家具を除く）,平成19,2007,3月,371405,389051,316020,371405,389051,316020,343501,27904,0,0,0
５人以上,F13 木材・木製品製造業（家具を除く）,平成19,2007,4月,408880,430451,341679,408880,430451,341679,374150,34730,0,0,0
５人以上,F13 木材・木製品製造業（家具を除く）,平成19,2007,5月,396742,416277,336615,396742,416277,336615,375423,21319,0,0,0
５人以上,F13 木材・木製品製造業（家具を除く）,平成19,2007,6月,390766,429753,270598,390766,429753,270598,364149,26617,0,0,0
５人以上,F13 木材・木製品製造業（家具を除く）,平成19,2007,7月,388729,483776,183409,298561,357453,171344,274169,24392,90168,126323,12065
５人以上,F13 木材・木製品製造業（家具を除く）,平成19,2007,8月,289725,346541,167352,289725,346541,167352,267141,22584,0,0,0
５人以上,F13 木材・木製品製造業（家具を除く）,平成19,2007,9月,297475,355272,173384,297475,355272,173384,267480,29995,0,0,0
５人以上,F13 木材・木製品製造業（家具を除く）,平成19,2007,10月,356377,442349,170150,293240,350065,170150,270939,22301,63137,92284,0
５人以上,F13 木材・木製品製造業（家具を除く）,平成19,2007,11月,286701,345689,147039,286701,345689,147039,262042,24659,0,0,0
５人以上,F13 木材・木製品製造業（家具を除く）,平成19,2007,12月,393821,489178,146105,287634,350006,125607,264143,23491,106187,139172,20498
５人以上,F14 家具・装備品製造業,平成17,2005,年平均,372693,403495,267603,342721,371019,246173,317192,25529,29972,32476,21430
５人以上,F14 家具・装備品製造業,平成18,2006,年平均,369650,396139,274905,331347,351735,258425,305872,25475,38303,44404,16480
５人以上,F14 家具・装備品製造業,平成19,2007,年平均,410549,450275,234425,363141,397982,208675,358288,4853,47408,52293,25750
５人以上,F14 家具・装備品製造業,平成19,2007,1月,365421,401600,224311,365421,401600,224311,361108,4313,0,0,0
５人以上,F14 家具・装備品製造業,平成19,2007,2月,370521,407552,222358,370521,407552,222358,361308,9213,0,0,0
５人以上,F14 家具・装備品製造業,平成19,2007,3月,367576,403249,222459,367576,403249,222459,360216,7360,0,0,0
５人以上,F14 家具・装備品製造業,平成19,2007,4月,365836,400821,223532,365836,400821,223532,359277,6559,0,0,0
５人以上,F14 家具・装備品製造業,平成19,2007,5月,375163,411997,222897,375163,411997,222897,368319,6844,0,0,0
５人以上,F14 家具・装備品製造業,平成19,2007,6月,392303,430586,230241,382239,419317,225282,376233,6006,10064,11269,4959
５人以上,F14 家具・装備品製造業,平成19,2007,7月,715761,787672,376704,365509,402540,190912,359282,6227,350252,385132,185792
５人以上,F14 家具・装備品製造業,平成19,2007,8月,358626,394696,186186,358626,394696,186186,356674,1952,0,0,0
５人以上,F14 家具・装備品製造業,平成19,2007,9月,354202,388398,186798,354202,388398,186798,352229,1973,0,0,0
５人以上,F14 家具・装備品製造業,平成19,2007,10月,359095,391795,197233,359095,391795,197233,356805,2290,0,0,0
５人以上,F14 家具・装備品製造業,平成19,2007,11月,358311,390064,202208,358311,390064,202208,355448,2863,0,0,0
５人以上,F14 家具・装備品製造業,平成19,2007,12月,537315,582620,321816,336756,367266,191631,333562,3194,200559,215354,130185
５人以上,F15 パルプ・紙・紙加工品製造業,平成17,2005,年平均,368678,436420,255783,304732,353923,222754,286816,17916,63946,82497,33029
５人以上,F15 パルプ・紙・紙加工品製造業,平成18,2006,年平均,398766,473250,261729,313288,363953,220074,287674,25614,85478,109297,41655
５人以上,F15 パルプ・紙・紙加工品製造業,平成19,2007,年平均,432944,506788,246034,330665,384735,193805,310746,19919,102279,122053,52229
５人以上,F15 パルプ・紙・紙加工品製造業,平成19,2007,1月,328763,376358,184478,328605,376218,184265,303768,24837,158,140,213
５人以上,F15 パルプ・紙・紙加工品製造業,平成19,2007,2月,337707,383310,201199,337678,383310,201082,313309,24369,29,0,117
５人以上,F15 パルプ・紙・紙加工品製造業,平成19,2007,3月,335896,382248,197476,335896,382248,197476,311258,24638,0,0,0
５人以上,F15 パルプ・紙・紙加工品製造業,平成19,2007,4月,448987,507496,279462,345035,392483,207558,316760,28275,103952,115013,71904
５人以上,F15 パルプ・紙・紙加工品製造業,平成19,2007,5月,344132,394188,202898,337336,386883,197538,313117,24219,6796,7305,5360
５人以上,F15 パルプ・紙・紙加工品製造業,平成19,2007,6月,631458,748096,298254,335413,383350,198469,312126,23287,296045,364746,99785
５人以上,F15 パルプ・紙・紙加工品製造業,平成19,2007,7月,538679,648154,304315,319258,385563,177313,302372,16886,219421,262591,127002
５人以上,F15 パルプ・紙・紙加工品製造業,平成19,2007,8月,324938,387424,187762,319293,380843,184172,305477,13816,5645,6581,3590
５人以上,F15 パルプ・紙・紙加工品製造業,平成19,2007,9月,328217,386410,199652,322460,382702,189369,309747,12713,5757,3708,10283
５人以上,F15 パルプ・紙・紙加工品製造業,平成19,2007,10月,329512,389610,195396,328278,388316,194298,313615,14663,1234,1294,1098
５人以上,F15 パルプ・紙・紙加工品製造業,平成19,2007,11月,336387,397344,203314,328090,387672,198018,314430,13660,8297,9672,5296
５人以上,F15 パルプ・紙・紙加工品製造業,平成19,2007,12月,911916,1107777,476235,329581,387763,200159,312928,16653,582335,720014,276076
５人以上,F16 印刷・同関連業,平成17,2005,年平均,405644,455674,256367,342094,381861,223441,308740,33354,63550,73813,32926
５人以上,F16 印刷・同関連業,平成18,2006,年平均,405145,455063,265981,343878,384421,230848,314082,29796,61267,70642,35133
５人以上,F16 印刷・同関連業,平成19,2007,年平均,431501,477189,292133,376247,414677,259020,347392,28855,55254,62512,33113
５人以上,F16 印刷・同関連業,平成19,2007,1月,366578,407594,253471,363697,404263,251829,340627,23070,2881,3331,1642
５人以上,F16 印刷・同関連業,平成19,2007,2月,373927,414905,260334,369630,409488,259141,342618,27012,4297,5417,1193
５人以上,F16 印刷・同関連業,平成19,2007,3月,378391,419106,264674,374035,414203,261846,342669,31366,4356,4903,2828
５人以上,F16 印刷・同関連業,平成19,2007,4月,380804,423719,257613,372861,413706,255610,340140,32721,7943,10013,2003
５人以上,F16 印刷・同関連業,平成19,2007,5月,369206,407743,258278,368675,407135,257971,341058,27617,531,608,307
５人以上,F16 印刷・同関連業,平成19,2007,6月,539768,610325,336768,375907,417575,256022,347321,28586,163861,192750,80746
５人以上,F16 印刷・同関連業,平成19,2007,7月,527578,579818,353236,382310,419422,258454,354222,28088,145268,160396,94782
５人以上,F16 印刷・同関連業,平成19,2007,8月,401088,437228,280158,378410,414132,258880,351654,26756,22678,23096,21278
５人以上,F16 印刷・同関連業,平成19,2007,9月,381074,417066,261424,379751,415489,260947,349671,30080,1323,1577,477
５人以上,F16 印刷・同関連業,平成19,2007,10月,387682,425027,264995,381654,418432,260829,353208,28446,6028,6595,4166
５人以上,F16 印刷・同関連業,平成19,2007,11月,386043,421651,269399,383360,419108,266257,351621,31739,2683,2543,3142
５人以上,F16 印刷・同関連業,平成19,2007,12月,697017,765578,470104,385835,423131,262400,354825,31010,311182,342447,207704
５人以上,F17 化学工業,平成17,2005,年平均,717875,780668,494566,496276,537994,347913,472669,23607,221599,242674,146653
５人以上,F17 化学工業,平成18,2006,年平均,695065,757516,499209,483492,524332,355413,462639,20853,211573,233184,143796
５人以上,F17 化学工業,平成19,2007,年平均,692791,786302,468766,486869,549977,335680,462512,24357,205922,236325,133086
５人以上,F17 化学工業,平成19,2007,1月,496145,561484,340060,492288,557071,337533,458624,33664,3857,4413,2527
５人以上,F17 化学工業,平成19,2007,2月,488188,553609,332140,483911,548834,329050,459999,23912,4277,4775,3090
５人以上,F17 化学工業,平成19,2007,3月,521165,589149,358570,487499,552178,332810,460778,26721,33666,36971,25760
５人以上,F17 化学工業,平成19,2007,4月,600493,673489,423025,490691,552986,339240,467348,23343,109802,120503,83785
５人以上,F17 化学工業,平成19,2007,5月,514338,577276,362387,486615,547691,339159,462229,24386,27723,29585,23228
５人以上,F17 化学工業,平成19,2007,6月,1419829,1625497,924419,492148,553774,343705,468774,23374,927681,1071723,580714
５人以上,F17 化学工業,平成19,2007,7月,605418,686487,413298,480160,541082,335787,456649,23511,125258,145405,77511
５人以上,F17 化学工業,平成19,2007,8月,490495,554231,338388,484761,547700,334555,462880,21881,5734,6531,3833
５人以上,F17 化学工業,平成19,2007,9月,491213,555375,337808,479861,543291,328207,459630,20231,11352,12084,9601
５人以上,F17 化学工業,平成19,2007,10月,494868,559479,340020,488444,552969,333802,465268,23176,6424,6510,6218
５人以上,F17 化学工業,平成19,2007,11月,568090,642802,388962,489250,552356,337948,464091,25159,78840,90446,51014
５人以上,F17 化学工業,平成19,2007,12月,1614654,1846333,1061575,486762,549820,336227,463822,22940,1127892,1296513,725348
５人以上,F18 石油製品・石炭製品製造業,平成17,2005,年平均,623741,704272,316488,434058,485581,237481,418553,15505,189683,218691,79007
５人以上,F18 石油製品・石炭製品製造業,平成18,2006,年平均,645331,724521,365351,470106,524862,276514,442571,27535,175225,199659,88837
５人以上,F18 石油製品・石炭製品製造業,平成19,2007,年平均,521709,544410,379151,354228,367912,268292,334237,19991,167481,176498,110859
５人以上,F18 石油製品・石炭製品製造業,平成19,2007,1月,348642,369720,229716,348642,369720,229716,329067,19575,0,0,0
５人以上,F18 石油製品・石炭製品製造業,平成19,2007,2月,351781,369886,252755,351781,369886,252755,322215,29566,0,0,0
５人以上,F18 石油製品・石炭製品製造業,平成19,2007,3月,668852,708631,453725,360847,382291,244878,334995,25852,308005,326340,208847
５人以上,F18 石油製品・石炭製品製造業,平成19,2007,4月,×,×,×,×,×,×,×,×,×,×,×
５人以上,F18 石油製品・石炭製品製造業,平成19,2007,5月,×,×,×,×,×,×,×,×,×,×,×
５人以上,F18 石油製品・石炭製品製造業,平成19,2007,6月,×,×,×,×,×,×,×,×,×,×,×
５人以上,F18 石油製品・石炭製品製造業,平成19,2007,7月,×,×,×,×,×,×,×,×,×,×,×
５人以上,F18 石油製品・石炭製品製造業,平成19,2007,8月,×,×,×,×,×,×,×,×,×,×,×
５人以上,F18 石油製品・石炭製品製造業,平成19,2007,9月,×,×,×,×,×,×,×,×,×,×,×
５人以上,F18 石油製品・石炭製品製造業,平成19,2007,10月,×,×,×,×,×,×,×,×,×,×,×
５人以上,F18 石油製品・石炭製品製造業,平成19,2007,11月,×,×,×,×,×,×,×,×,×,×,×
５人以上,F18 石油製品・石炭製品製造業,平成19,2007,12月,×,×,×,×,×,×,×,×,×,×,×
５人以上,F19 プラスチック製品製造業,平成17,2005,年平均,384284,444889,237510,340668,392765,214498,321922,18746,43616,52124,23012
５人以上,F19 プラスチック製品製造業,平成18,2006,年平均,461884,554382,233829,338832,397140,195073,325097,13735,123052,157242,38756
５人以上,F19 プラスチック製品製造業,平成19,2007,年平均,328640,425293,176893,272451,346839,155661,260188,12263,56189,78454,21232
５人以上,F19 プラスチック製品製造業,平成19,2007,1月,273519,351085,154207,273278,350688,154207,264313,8965,241,397,0
５人以上,F19 プラスチック製品製造業,平成19,2007,2月,282950,358773,164641,282571,358152,164641,271543,11028,379,621,0
５人以上,F19 プラスチック製品製造業,平成19,2007,3月,287344,364435,165754,281944,357762,162361,270234,11710,5400,6673,3393
５人以上,F19 プラスチック製品製造業,平成19,2007,4月,305544,383812,178908,294985,370026,173571,282077,12908,10559,13786,5337
５人以上,F19 プラスチック製品製造業,平成19,2007,5月,357641,464808,178529,283035,353391,165447,272139,10896,74606,111417,13082
５人以上,F19 プラスチック製品製造業,平成19,2007,6月,491036,625231,264156,292563,360301,178040,281821,10742,198473,264930,86116
５人以上,F19 プラスチック製品製造業,平成19,2007,7月,348447,452568,190428,264666,339762,150697,251776,12890,83781,112806,39731
５人以上,F19 プラスチック製品製造業,平成19,2007,8月,321888,434175,154588,252836,326776,142670,240767,12069,69052,107399,11918
５人以上,F19 プラスチック製品製造業,平成19,2007,9月,260749,333631,148040,255648,327326,144802,242954,12694,5101,6305,3238
５人以上,F19 プラスチック製品製造業,平成19,2007,10月,266030,342225,147836,265550,341575,147620,252382,13168,480,650,216
５人以上,F19 プラスチック製品製造業,平成19,2007,11月,284193,368752,153082,264461,339439,148206,249181,15280,19732,29313,4876
５人以上,F19 プラスチック製品製造業,平成19,2007,12月,463995,616858,227694,258602,335990,138973,243847,14755,205393,280868,88721
５人以上,F20 ゴム製品製造業,平成17,2005,年平均,477915,519828,287460,354810,383281,225438,339652,15158,123105,136547,62022
５人以上,F20 ゴム製品製造業,平成18,2006,年平均,469122,510791,299766,350469,377160,241989,334751,15718,118653,133631,57777
５人以上,F20 ゴム製品製造業,平成19,2007,年平均,475630,516051,293924,360122,386927,239626,345718,14404,115508,129124,54298
５人以上,F20 ゴム製品製造業,平成19,2007,1月,378078,403121,252471,371344,396505,245145,356470,14874,6734,6616,7326
５人以上,F20 ゴム製品製造業,平成19,2007,2月,363795,388398,239310,362025,386421,238588,346987,15038,1770,1977,722
５人以上,F20 ゴム製品製造業,平成19,2007,3月,365394,391142,238170,363752,389375,237147,348672,15080,1642,1767,1023
５人以上,F20 ゴム製品製造業,平成19,2007,4月,365509,390552,241337,363995,388933,240342,356896,7099,1514,1619,995
５人以上,F20 ゴム製品製造業,平成19,2007,5月,350022,371380,233591,349045,370238,233513,333341,15704,977,1142,78
５人以上,F20 ゴム製品製造業,平成19,2007,6月,904469,990393,466357,360582,383867,241858,343729,16853,543887,606526,224499
５人以上,F20 ゴム製品製造業,平成19,2007,7月,485774,525173,324845,365274,394622,245400,349645,15629,120500,130551,79445
５人以上,F20 ゴム製品製造業,平成19,2007,8月,361789,391439,242698,359263,389223,238930,342440,16823,2526,2216,3768
５人以上,F20 ゴム製品製造業,平成19,2007,9月,359270,389248,239136,357317,386990,238407,341062,16255,1953,2258,729
５人以上,F20 ゴム製品製造業,平成19,2007,10月,365102,396224,240428,362518,393073,240115,345963,16555,2584,3151,313
５人以上,F20 ゴム製品製造業,平成19,2007,11月,364313,395293,240281,360130,390072,240254,353201,6929,4183,5221,27
５人以上,F20 ゴム製品製造業,平成19,2007,12月,1033337,1154838,547800,346924,374801,235521,330916,16008,686413,780037,312279
５人以上,F21 なめし革・同製品・毛皮製造業,平成17,2005,年平均,328735,402437,213912,297503,366301,190320,293818,3685,31232,36136,23592
５人以上,F21 なめし革・同製品・毛皮製造業,平成18,2006,年平均,278748,326346,196251,261981,308125,182004,258752,3229,16767,18221,14247
５人以上,F21 なめし革・同製品・毛皮製造業,平成19,2007,年平均,278921,325552,195771,251599,291686,180118,247963,3636,27322,33866,15653
５人以上,F21 なめし革・同製品・毛皮製造業,平成19,2007,1月,255254,291546,183895,255254,291546,183895,253456,1798,0,0,0
５人以上,F21 なめし革・同製品・毛皮製造業,平成19,2007,2月,265468,300966,195640,264959,300810,194436,260616,4343,509,156,1204
５人以上,F21 なめし革・同製品・毛皮製造業,平成19,2007,3月,259773,297023,187576,259102,296273,187056,257398,1704,671,750,520
５人以上,F21 なめし革・同製品・毛皮製造業,平成19,2007,4月,249928,280114,186143,249730,279822,186143,246472,3258,198,292,0
５人以上,F21 なめし革・同製品・毛皮製造業,平成19,2007,5月,249086,282599,184766,249015,282491,184766,243026,5989,71,108,0
５人以上,F21 なめし革・同製品・毛皮製造業,平成19,2007,6月,301102,345530,213001,255770,286705,194426,248573,7197,45332,58825,18575
５人以上,F21 なめし革・同製品・毛皮製造業,平成19,2007,7月,353732,430711,227061,245415,288467,174572,241165,4250,108317,142244,52489
５人以上,F21 なめし革・同製品・毛皮製造業,平成19,2007,8月,244564,292819,166850,244202,292478,166453,242042,2160,362,341,397
５人以上,F21 なめし革・同製品・毛皮製造業,平成19,2007,9月,248316,295083,172050,247354,293801,171610,244336,3018,962,1282,440
５人以上,F21 なめし革・同製品・毛皮製造業,平成19,2007,10月,249105,293350,176730,248817,292887,176730,246348,2469,288,463,0
５人以上,F21 なめし革・同製品・毛皮製造業,平成19,2007,11月,283745,337631,195878,249416,294170,176441,245964,3452,34329,43461,19437
５人以上,F21 なめし革・同製品・毛皮製造業,平成19,2007,12月,384034,468965,253849,250874,302365,171946,246973,3901,133160,166600,81903
５人以上,F22 窯業・土石製品製造業,平成17,2005,年平均,424156,486231,273126,341730,388314,228391,326618,15112,82426,97917,44735
５人以上,F22 窯業・土石製品製造業,平成18,2006,年平均,471710,530359,295788,350694,389626,233916,330604,20090,121016,140733,61872
５人以上,F22 窯業・土石製品製造業,平成19,2007,年平均,555782,595522,373336,448042,480285,300014,422109,25933,107740,115237,73322
５人以上,F22 窯業・土石製品製造業,平成19,2007,1月,444075,476240,285914,443853,475973,285914,413276,30577,222,267,0
５人以上,F22 窯業・土石製品製造業,平成19,2007,2月,456131,489618,294464,455907,489347,294464,425945,29962,224,271,0
５人以上,F22 窯業・土石製品製造業,平成19,2007,3月,473692,510464,302806,468877,505040,300817,439227,29650,4815,5424,1989
５人以上,F22 窯業・土石製品製造業,平成19,2007,4月,467064,497632,329302,462284,491791,329302,435877,26407,4780,5841,0
５人以上,F22 窯業・土石製品製造業,平成19,2007,5月,436256,469615,280279,435351,468601,279882,410994,24357,905,1014,397
５人以上,F22 窯業・土石製品製造業,平成19,2007,6月,898840,952311,639094,446771,475545,306995,423294,23477,452069,476766,332099
５人以上,F22 窯業・土石製品製造業,平成19,2007,7月,663010,716714,422897,437349,468553,297833,412947,24402,225661,248161,125064
５人以上,F22 窯業・土石製品製造業,平成19,2007,8月,460171,491396,323878,445968,479420,299955,422528,23440,14203,11976,23923
５人以上,F22 窯業・土石製品製造業,平成19,2007,9月,453032,488405,297572,448632,483004,297572,424765,23867,4400,5401,0
５人以上,F22 窯業・土石製品製造業,平成19,2007,10月,441405,472401,304060,441155,472095,304060,415833,25322,250,306,0
５人以上,F22 窯業・土石製品製造業,平成19,2007,11月,596125,636914,413845,444957,477567,299230,420453,24504,151168,159347,114615
５人以上,F22 窯業・土石製品製造業,平成19,2007,12月,888589,951347,599958,444734,475712,302265,419612,25122,443855,475635,297693
５人以上,F23 鉄鋼業,平成17,2005,年平均,684509,752633,389937,442638,478078,289393,427754,14884,241871,274555,100544
５人以上,F23 鉄鋼業,平成18,2006,年平均,694634,763216,407531,444087,481912,285745,426750,17337,250547,281304,121786
５人以上,F23 鉄鋼業,平成19,2007,年平均,931390,1039588,488657,438697,471712,303604,413847,24850,492693,567876,185053
５人以上,F23 鉄鋼業,平成19,2007,1月,425249,461270,303808,423357,459319,302115,404948,18409,1892,1951,1693
５人以上,F23 鉄鋼業,平成19,2007,2月,429669,465414,307837,427789,463480,306142,410799,16990,1880,1934,1695
５人以上,F23 鉄鋼業,平成19,2007,3月,507042,549149,344715,429889,463959,298543,406207,23682,77153,85190,46172
５人以上,F23 鉄鋼業,平成19,2007,4月,469455,505388,331493,460808,498126,317527,427615,33193,8647,7262,13966
５人以上,F23 鉄鋼業,平成19,2007,5月,444425,483666,295806,439722,477934,294998,414643,25079,4703,5732,808
５人以上,F23 鉄鋼業,平成19,2007,6月,3276940,3812268,1272899,432823,468484,299324,406743,26080,2844117,3343784,973575
５人以上,F23 鉄鋼業,平成19,2007,7月,663557,724733,396986,443557,474586,308349,413069,30488,220000,250147,88637
５人以上,F23 鉄鋼業,平成19,2007,8月,483315,519019,325434,456457,489240,311492,426701,29756,26858,29779,13942
５人以上,F23 鉄鋼業,平成19,2007,9月,503676,546424,311741,454953,488529,304199,418371,36582,48723,57895,7542
５人以上,F23 鉄鋼業,平成19,2007,10月,474040,507402,323849,447534,478908,306290,420338,27196,26506,28494,17559
５人以上,F23 鉄鋼業,平成19,2007,11月,434187,461543,299728,431650,458669,298846,414683,16967,2537,2874,882
５人以上,F23 鉄鋼業,平成19,2007,12月,3058254,3383830,1445537,415261,439573,294836,401544,13717,2642993,2944257,1150701
５人以上,F24 非鉄金属製造業,平成17,2005,年平均,583113,641697,341613,433993,474502,267001,414905,19088,149120,167195,74612
５人以上,F24 非鉄金属製造業,平成18,2006,年平均,587105,667618,305330,415312,468734,228350,395768,19544,171793,198884,76980
５人以上,F24 非鉄金属製造業,平成19,2007,年平均,633237,760290,298411,443016,524520,228226,423923,19093,190221,235770,70185
５人以上,F24 非鉄金属製造業,平成19,2007,1月,415298,501729,204501,415298,501729,204501,397286,18012,0,0,0
５人以上,F24 非鉄金属製造業,平成19,2007,2月,420697,502181,218596,420697,502181,218596,400491,20206,0,0,0
５人以上,F24 非鉄金属製造業,平成19,2007,3月,443883,529257,232150,418789,500659,215746,400060,18729,25094,28598,16404
５人以上,F24 非鉄金属製造業,平成19,2007,4月,445351,530943,233341,428123,509831,225735,408775,19348,17228,21112,7606
５人以上,F24 非鉄金属製造業,平成19,2007,5月,426159,510036,216185,423776,507186,214971,404294,19482,2383,2850,1214
５人以上,F24 非鉄金属製造業,平成19,2007,6月,1271055,1577855,504347,422867,504189,219640,396719,26148,848188,1073666,284707
５人以上,F24 非鉄金属製造業,平成19,2007,7月,660089,760223,369591,452521,526925,236667,434661,17860,207568,233298,132924
５人以上,F24 非鉄金属製造業,平成19,2007,8月,479944,559310,256807,465684,545307,241825,449358,16326,14260,14003,14982
５人以上,F24 非鉄金属製造業,平成19,2007,9月,496143,579627,261524,474444,556661,243385,458291,16153,21699,22966,18139
５人以上,F24 非鉄金属製造業,平成19,2007,10月,472229,552891,245195,471658,552364,244500,453811,17847,571,527,695
５人以上,F24 非鉄金属製造業,平成19,2007,11月,478128,561130,246074,477531,560432,245760,457963,19568,597,698,314
５人以上,F24 非鉄金属製造業,平成19,2007,12月,1600091,1954732,616586,454354,531719,239802,435583,18771,1145737,1423013,376784
５人以上,F25 金属製品製造業,平成17,2005,年平均,415172,481648,260758,339145,394055,211596,313716,25429,76027,87593,49162
５人以上,F25 金属製品製造業,平成18,2006,年平均,386600,444283,243653,324557,374735,200209,293282,31275,62043,69548,43444
５人以上,F25 金属製品製造業,平成19,2007,年平均,374598,428581,211643,325089,371098,186206,309677,15412,49509,57483,25437
５人以上,F25 金属製品製造業,平成19,2007,1月,371316,428984,201379,359296,414571,196409,348113,11183,12020,14413,4970
５人以上,F25 金属製品製造業,平成19,2007,2月,323384,368509,186458,323195,368306,186314,307003,16192,189,203,144
５人以上,F25 金属製品製造業,平成19,2007,3月,320995,367131,182794,320779,366896,182637,305487,15292,216,235,157
５人以上,F25 金属製品製造業,平成19,2007,4月,330750,384699,176862,329808,383773,175875,317373,12435,942,926,987
５人以上,F25 金属製品製造業,平成19,2007,5月,313679,361998,175224,308112,357564,166408,297746,10366,5567,4434,8816
５人以上,F25 金属製品製造業,平成19,2007,6月,341789,391280,198876,318123,363651,186654,304378,13745,23666,27629,12222
５人以上,F25 金属製品製造業,平成19,2007,7月,561088,640442,304369,312915,351263,188854,294077,18838,248173,289179,115515
５人以上,F25 金属製品製造業,平成19,2007,8月,319944,360721,188103,313277,352900,185166,295120,18157,6667,7821,2937
５人以上,F25 金属製品製造業,平成19,2007,9月,324784,363852,199315,324088,363100,198797,304389,19699,696,752,518
５人以上,F25 金属製品製造業,平成19,2007,10月,315828,358440,183709,314699,357266,182719,300794,13905,1129,1174,990
５人以上,F25 金属製品製造業,平成19,2007,11月,337341,384816,196469,336742,384163,196031,320095,16647,599,653,438
５人以上,F25 金属製品製造業,平成19,2007,12月,637647,734677,351776,340781,391828,190385,322223,18558,296866,342849,161391
５人以上,F26 一般機械器具製造業,平成17,2005,年平均,490684,536253,290187,384354,418422,234460,352152,32202,106330,117831,55727
５人以上,F26 一般機械器具製造業,平成18,2006,年平均,505509,550112,299467,392813,426274,238239,356678,36135,112696,123838,61228
５人以上,F26 一般機械器具製造業,平成19,2007,年平均,545719,602876,302425,398189,437793,229611,371509,26680,147530,165083,72814
５人以上,F26 一般機械器具製造業,平成19,2007,1月,397677,435200,216345,387019,423385,211278,362849,24170,10658,11815,5067
５人以上,F26 一般機械器具製造業,平成19,2007,2月,401423,442925,219749,396713,437558,217914,368624,28089,4710,5367,1835
５人以上,F26 一般機械器具製造業,平成19,2007,3月,416038,457847,233001,415085,456711,232850,386524,28561,953,1136,151
５人以上,F26 一般機械器具製造業,平成19,2007,4月,397750,436512,228841,397582,436411,228378,370368,27214,168,101,463
５人以上,F26 一般機械器具製造業,平成19,2007,5月,393066,431916,227162,392623,431508,226574,366285,26338,443,408,588
５人以上,F26 一般機械器具製造業,平成19,2007,6月,1070527,1192592,547687,400245,439971,230087,373712,26533,670282,752621,317600
５人以上,F26 一般機械器具製造業,平成19,2007,7月,606171,676045,317810,394007,433859,229542,365855,28152,212164,242186,88268
５人以上,F26 一般機械器具製造業,平成19,2007,8月,401423,442254,232303,401170,441940,232303,375650,25520,253,314,0
５人以上,F26 一般機械器具製造業,平成19,2007,9月,411138,453038,240982,406397,448116,236974,380341,26056,4741,4922,4008
５人以上,F26 一般機械器具製造業,平成19,2007,10月,396515,435779,234439,395968,435273,233721,369266,26702,547,506,718
５人以上,F26 一般機械器具製造業,平成19,2007,11月,441657,486240,257305,389857,427396,234630,362788,27069,51800,58844,22675
５人以上,F26 一般機械器具製造業,平成19,2007,12月,1211853,1348609,653606,401773,441902,237965,375996,25777,810080,906707,415641
５人以上,F27 電気機械器具製造業,平成17,2005,年平均,523875,579243,304245,408591,449826,245024,381003,27588,115284,129417,59221
５人以上,F27 電気機械器具製造業,平成18,2006,年平均,544488,598682,305691,416239,456443,239086,388079,28160,128249,142239,66605
５人以上,F27 電気機械器具製造業,平成19,2007,年平均,562226,614950,320606,414895,451997,244870,387401,27494,147331,162953,75736
５人以上,F27 電気機械器具製造業,平成19,2007,1月,412486,455371,222792,409326,451655,222090,383662,25664,3160,3716,702
５人以上,F27 電気機械器具製造業,平成19,2007,2月,426582,467476,241776,415241,454344,238531,387382,27859,11341,13132,3245
５人以上,F27 電気機械器具製造業,平成19,2007,3月,426637,466268,248024,412804,452095,235722,383724,29080,13833,14173,12302
５人以上,F27 電気機械器具製造業,平成19,2007,4月,413022,450885,243816,410913,448655,242248,381243,29670,2109,2230,1568
５人以上,F27 電気機械器具製造業,平成19,2007,5月,424018,462748,252421,403216,441195,234949,377264,25952,20802,21553,17472
５人以上,F27 電気機械器具製造業,平成19,2007,6月,949183,1053977,489892,408815,447046,241256,382305,26510,540368,606931,248636
５人以上,F27 電気機械器具製造業,平成19,2007,7月,716789,778724,419048,415635,449801,251388,387133,28502,301154,328923,167660
５人以上,F27 電気機械器具製造業,平成19,2007,8月,427463,463754,257036,418591,453995,252330,391142,27449,8872,9759,4706
５人以上,F27 電気機械器具製造業,平成19,2007,9月,419657,454311,255858,417971,452441,255044,393881,24090,1686,1870,814
５人以上,F27 電気機械器具製造業,平成19,2007,10月,421788,456160,258714,419856,454090,257439,393451,26405,1932,2070,1275
５人以上,F27 電気機械器具製造業,平成19,2007,11月,498940,540657,303741,422343,457703,256888,392984,29359,76597,82954,46853
５人以上,F27 電気機械器具製造業,平成19,2007,12月,1198188,1315778,651947,423955,460865,252497,394535,29420,774233,854913,399450
５人以上,F28 情報通信機械器具製造業,平成17,2005,年平均,547053,583269,358306,397318,422365,266778,351383,45935,149735,160904,91528
５人以上,F28 情報通信機械器具製造業,平成18,2006,年平均,558541,590388,377133,392182,412629,275713,347434,44748,166359,177759,101420
５人以上,F28 情報通信機械器具製造業,平成19,2007,年平均,591316,622973,428098,427056,448468,316659,388296,38760,164260,174505,111439
５人以上,F28 情報通信機械器具製造業,平成19,2007,1月,428665,450837,308451,427375,449447,307704,390161,37214,1290,1390,747
５人以上,F28 情報通信機械器具製造業,平成19,2007,2月,428299,451290,302092,424281,447096,299041,385346,38935,4018,4194,3051
５人以上,F28 情報通信機械器具製造業,平成19,2007,3月,438615,460468,320522,432114,453288,317691,390946,41168,6501,7180,2831
５人以上,F28 情報通信機械器具製造業,平成19,2007,4月,441891,463856,326974,434700,456230,322060,392384,42316,7191,7626,4914
５人以上,F28 情報通信機械器具製造業,平成19,2007,5月,426912,446759,324218,412628,433198,306192,375316,37312,14284,13561,18026
５人以上,F28 情報通信機械器具製造業,平成19,2007,6月,1422571,1513334,960152,421696,442904,313643,384677,37019,1000875,1070430,646509
５人以上,F28 情報通信機械器具製造業,平成19,2007,7月,479574,502515,364921,417357,438365,312365,378272,39085,62217,64150,52556
５人以上,F28 情報通信機械器具製造業,平成19,2007,8月,435242,456692,326568,429244,450431,321900,389731,39513,5998,6261,4668
５人以上,F28 情報通信機械器具製造業,平成19,2007,9月,429781,451202,321765,422881,443512,318848,389834,33047,6900,7690,2917
５人以上,F28 情報通信機械器具製造業,平成19,2007,10月,436144,456491,334214,430954,452062,325208,393980,36974,5190,4429,9006
５人以上,F28 情報通信機械器具製造業,平成19,2007,11月,447857,468665,343610,434490,455938,327038,392812,41678,13367,12727,16572
５人以上,F28 情報通信機械器具製造業,平成19,2007,12月,1262487,1341157,867870,437224,459480,325583,396320,40904,825263,881677,542287
５人以上,F29 電子部品・デバイス製造業,平成17,2005,年平均,518540,578750,300428,406554,451960,242068,374222,32332,111986,126790,58360
５人以上,F29 電子部品・デバイス製造業,平成18,2006,年平均,555526,612819,317321,418315,459409,247459,385083,33232,137211,153410,69862
５人以上,F29 電子部品・デバイス製造業,平成19,2007,年平均,557122,629506,314971,426012,477889,252466,400466,25546,131110,151617,62505
５人以上,F29 電子部品・デバイス製造業,平成19,2007,1月,419779,472143,244120,417817,469872,243197,392979,24838,1962,2271,923
５人以上,F29 電子部品・デバイス製造業,平成19,2007,2月,436551,491016,254642,432164,485953,252510,405334,26830,4387,5063,2132
５人以上,F29 電子部品・デバイス製造業,平成19,2007,3月,419254,473139,239809,413929,466871,237625,387930,25999,5325,6268,2184
５人以上,F29 電子部品・デバイス製造業,平成19,2007,4月,433925,482823,270944,423183,470270,266238,394800,28383,10742,12553,4706
５人以上,F29 電子部品・デバイス製造業,平成19,2007,5月,456128,511396,265127,421735,469266,257470,396305,25430,34393,42130,7657
５人以上,F29 電子部品・デバイス製造業,平成19,2007,6月,997475,1153151,461062,430165,478791,262613,405181,24984,567310,674360,198449
５人以上,F29 電子部品・デバイス製造業,平成19,2007,7月,636256,707710,399120,432506,485178,257702,406290,26216,203750,222532,141418
５人以上,F29 電子部品・デバイス製造業,平成19,2007,8月,440366,494171,261475,433368,486202,257707,407160,26208,6998,7969,3768
５人以上,F29 電子部品・デバイス製造業,平成19,2007,9月,439685,494966,254589,431983,485943,251311,409905,22078,7702,9023,3278
５人以上,F29 電子部品・デバイス製造業,平成19,2007,10月,429988,483905,249392,424319,477357,246665,398523,25796,5669,6548,2727
５人以上,F29 電子部品・デバイス製造業,平成19,2007,11月,460572,520634,262985,428795,481804,254411,402753,26042,31777,38830,8574
５人以上,F29 電子部品・デバイス製造業,平成19,2007,12月,1110955,1264324,610466,422154,477154,242672,398368,23786,688801,787170,367794
５人以上,F30 輸送用機械器具製造業,平成17,2005,年平均,558506,594799,394640,420084,445861,303700,381719,38365,138422,148938,90940
５人以上,F30 輸送用機械器具製造業,平成18,2006,年平均,530136,572531,346979,405969,438613,264940,370117,35852,124167,133918,82039
５人以上,F30 輸送用機械器具製造業,平成19,2007,年平均,507408,537317,312575,403908,428427,244185,365684,38224,103500,108890,68390
５人以上,F30 輸送用機械器具製造業,平成19,2007,1月,396707,421214,233664,394014,418322,232294,358090,35924,2693,2892,1370
５人以上,F30 輸送用機械器具製造業,平成19,2007,2月,408067,433785,237995,407294,433045,237002,365581,41713,773,740,993
５人以上,F30 輸送用機械器具製造業,平成19,2007,3月,410396,436254,241999,407536,433011,241635,364568,42968,2860,3243,364
５人以上,F30 輸送用機械器具製造業,平成19,2007,4月,401588,427399,232908,399437,425044,232093,361629,37808,2151,2355,815
５人以上,F30 輸送用機械器具製造業,平成19,2007,5月,404304,430184,232076,402976,428724,231628,365443,37533,1328,1460,448
５人以上,F30 輸送用機械器具製造業,平成19,2007,6月,695124,747545,348337,406249,431596,238567,364519,41730,288875,315949,109770
５人以上,F30 輸送用機械器具製造業,平成19,2007,7月,609461,633354,455148,415993,440243,259369,374199,41794,193468,193111,195779
５人以上,F30 輸送用機械器具製造業,平成19,2007,8月,399979,423277,249061,398716,422081,247357,361620,37096,1263,1196,1704
５人以上,F30 輸送用機械器具製造業,平成19,2007,9月,402378,425848,250419,399183,422424,248708,361884,37299,3195,3424,1711
５人以上,F30 輸送用機械器具製造業,平成19,2007,10月,411196,435697,253675,409483,433812,253072,370027,39456,1713,1885,603
５人以上,F30 輸送用機械器具製造業,平成19,2007,11月,420011,444807,260273,407557,431315,254509,371566,35991,12454,13492,5764
５人以上,F30 輸送用機械器具製造業,平成19,2007,12月,1126202,1187715,736846,398373,421581,251477,368889,29484,727829,766134,485369
５人以上,F31 精密機械器具製造業,平成17,2005,年平均,467433,524977,282517,375142,419048,234053,349013,26129,92291,105929,48464
５人以上,F31 精密機械器具製造業,平成18,2006,年平均,434955,486356,261020,343020,380942,214697,316210,26810,91935,105414,46323
５人以上,F31 精密機械器具製造業,平成19,2007,年平均,477238,513450,306154,379547,407272,248560,347208,32339,97691,106178,57594
５人以上,F31 精密機械器具製造業,平成19,2007,1月,372355,398608,236037,363936,389875,229245,333307,30629,8419,8733,6792
５人以上,F31 精密機械器具製造業,平成19,2007,2月,369741,394017,242799,369316,393677,241931,338803,30513,425,340,868
５人以上,F31 精密機械器具製造業,平成19,2007,3月,372209,396731,243552,371552,396018,243191,337850,33702,657,713,361
５人以上,F31 精密機械器具製造業,平成19,2007,4月,397749,421770,272607,387756,411297,265117,352398,35358,9993,10473,7490
５人以上,F31 精密機械器具製造業,平成19,2007,5月,382906,404662,268355,381446,403299,266386,350316,31130,1460,1363,1969
５人以上,F31 精密機械器具製造業,平成19,2007,6月,650324,701681,381073,393106,416426,270844,362859,30247,257218,285255,110229
５人以上,F31 精密機械器具製造業,平成19,2007,7月,602021,643147,426554,380147,411852,244873,348057,32090,221874,231295,181681
５人以上,F31 精密機械器具製造業,平成19,2007,8月,378252,410818,238513,376280,408509,237986,343013,33267,1972,2309,527
５人以上,F31 精密機械器具製造業,平成19,2007,9月,387474,418850,253197,380838,411775,248441,349796,31042,6636,7075,4756
５人以上,F31 精密機械器具製造業,平成19,2007,10月,389151,421172,250790,387772,419778,249475,354742,33030,1379,1394,1315
５人以上,F31 精密機械器具製造業,平成19,2007,11月,393279,424764,258366,383166,414911,247142,349530,33636,10113,9853,11224
５人以上,F31 精密機械器具製造業,平成19,2007,12月,1030182,1135395,574171,379201,410838,242079,345747,33454,650981,724557,332092
５人以上,F32 その他の製造業,平成17,2005,年平均,467836,551968,289021,382036,451879,233592,367463,14573,85800,100089,55429
５人以上,F32 その他の製造業,平成18,2006,年平均,490042,547684,329434,403455,451464,269688,382273,21182,86587,96220,59746
５人以上,F32 その他の製造業,平成19,2007,年平均,469925,535795,299899,369837,418593,243987,358345,11492,100088,117202,55912
５人以上,F32 その他の製造業,平成19,2007,1月,387477,439920,252445,379670,433156,241952,368359,11311,7807,6764,10493
５人以上,F32 その他の製造業,平成19,2007,2月,379433,429649,249227,378481,428616,248485,368403,10078,952,1033,742
５人以上,F32 その他の製造業,平成19,2007,3月,390574,440276,261554,381939,434540,245394,369480,12459,8635,5736,16160
５人以上,F32 その他の製造業,平成19,2007,4月,387053,438516,254758,381472,432394,250570,369058,12414,5581,6122,4188
５人以上,F32 その他の製造業,平成19,2007,5月,376704,429410,243684,373991,426330,241896,362947,11044,2713,3080,1788
５人以上,F32 その他の製造業,平成19,2007,6月,738377,852205,452351,377214,429353,246199,366521,10693,361163,422852,206152
５人以上,F32 その他の製造業,平成19,2007,7月,638321,732866,393152,365840,410772,249324,354833,11007,272481,322094,143828
５人以上,F32 その他の製造業,平成19,2007,8月,362087,409553,238320,358433,405120,236698,347059,11374,3654,4433,1622
５人以上,F32 その他の製造業,平成19,2007,9月,373077,419211,254083,366963,412913,248444,354583,12380,6114,6298,5639
５人以上,F32 その他の製造業,平成19,2007,10月,364656,411795,243999,360819,407774,240634,348709,12110,3837,4021,3365
５人以上,F32 その他の製造業,平成19,2007,11月,359562,402166,247960,357277,399667,246237,345354,11923,2285,2499,1723
５人以上,F32 その他の製造業,平成19,2007,12月,872735,1012042,503748,357426,404728,232137,346329,11097,515309,607314,271611
５人以上,J-1 卸売業,平成17,2005,年平均,548615,629163,349696,417096,473486,277836,402997,14099,131519,155677,71860
５人以上,J-1 卸売業,平成18,2006,年平均,561176,637967,361318,419059,471643,282203,402123,16936,142117,166324,79115
５人以上,J-1 卸売業,平成19,2007,年平均,531368,604397,334700,402225,452453,266961,385700,16525,129143,151944,67739
５人以上,J-1 卸売業,平成19,2007,1月,410191,460420,276948,392961,443179,259744,377640,15321,17230,17241,17204
５人以上,J-1 卸売業,平成19,2007,2月,409220,463955,262980,395337,446972,257381,379601,15736,13883,16983,5599
５人以上,J-1 卸売業,平成19,2007,3月,416870,469382,273031,398106,449091,258450,381396,16710,18764,20291,14581
５人以上,J-1 卸売業,平成19,2007,4月,430332,484647,284878,405336,454238,274379,387039,18297,24996,30409,10499
５人以上,J-1 卸売業,平成19,2007,5月,412802,464474,275504,396107,444857,266574,379287,16820,16695,19617,8930
５人以上,J-1 卸売業,平成19,2007,6月,964189,1130273,520452,399583,449022,267493,382637,16946,564606,681251,252959
５人以上,J-1 卸売業,平成19,2007,7月,610258,683573,412421,408740,458302,274998,392111,16629,201518,225271,137423
５人以上,J-1 卸売業,平成19,2007,8月,426271,480526,279211,406008,457690,265920,389779,16229,20263,22836,13291
５人以上,J-1 卸売業,平成19,2007,9月,412548,463994,274919,403302,453850,268075,387795,15507,9246,10144,6844
５人以上,J-1 卸売業,平成19,2007,10月,419194,471864,278729,408198,459369,271728,391729,16469,10996,12495,7001
５人以上,J-1 卸売業,平成19,2007,11月,445602,502883,291796,402779,452871,268274,385691,17088,42823,50012,23522
５人以上,J-1 卸売業,平成19,2007,12月,1018451,1169196,594019,410067,459671,270404,393508,16559,608384,709525,323615
５人以上,J-2 小売業,平成17,2005,年平均,229999,319899,154923,197924,269069,138510,188277,9647,32075,50830,16413
５人以上,J-2 小売業,平成18,2006,年平均,242848,319402,175078,208413,269057,154727,198639,9774,34435,50345,20351
５人以上,J-2 小売業,平成19,2007,年平均,236636,325169,167062,203037,270526,150001,193382,9655,33599,54643,17061
５人以上,J-2 小売業,平成19,2007,1月,206863,276042,150332,199558,264817,146231,189738,9820,7305,11225,4101
５人以上,J-2 小売業,平成19,2007,2月,215243,291414,151386,203911,271488,147258,194005,9906,11332,19926,4128
５人以上,J-2 小売業,平成19,2007,3月,216516,293956,153756,200986,270303,144808,191359,9627,15530,23653,8948
５人以上,J-2 小売業,平成19,2007,4月,212430,285181,153023,207398,276580,150905,197298,10100,5032,8601,2118
５人以上,J-2 小売業,平成19,2007,5月,214030,282815,158088,205653,270506,152909,196399,9254,8377,12309,5179
５人以上,J-2 小売業,平成19,2007,6月,273076,381764,183890,208031,272212,155366,198906,9125,65045,109552,28524
５人以上,J-2 小売業,平成19,2007,7月,281393,382028,200629,194495,251679,148602,185038,9457,86898,130349,52027
５人以上,J-2 小売業,平成19,2007,8月,214043,287594,158703,204312,271715,153598,194996,9316,9731,15879,5105
５人以上,J-2 小売業,平成19,2007,9月,202899,274751,150167,200153,270282,148685,190688,9465,2746,4469,1482
５人以上,J-2 小売業,平成19,2007,10月,208920,284066,152631,206668,280188,151596,197306,9362,2252,3878,1035
５人以上,J-2 小売業,平成19,2007,11月,206608,284377,149368,200783,272812,147768,190961,9822,5825,11565,1600
５人以上,J-2 小売業,平成19,2007,12月,385129,577724,240726,204490,274402,152071,193885,10605,180639,303322,88655
５人以上,Q80 専門サービス業（他に分類されないもの）,平成17,2005,年平均,499869,557115,361548,423602,474219,301297,394031,29571,76267,82896,60251
５人以上,Q80 専門サービス業（他に分類されないもの）,平成18,2006,年平均,484015,557293,346066,393333,452257,282406,363202,30131,90682,105036,63660
５人以上,Q80 専門サービス業（他に分類されないもの）,平成19,2007,年平均,504714,575453,343604,392233,441936,279034,365346,26887,112481,133517,64570
５人以上,Q80 専門サービス業（他に分類されないもの）,平成19,2007,1月,415015,473066,289913,379094,426262,277446,352869,26225,35921,46804,12467
５人以上,Q80 専門サービス業（他に分類されないもの）,平成19,2007,2月,408244,455818,302960,383334,427924,284652,357952,25382,24910,27894,18308
５人以上,Q80 専門サービス業（他に分類されないもの）,平成19,2007,3月,459916,527289,312475,392442,441483,285121,362554,29888,67474,85806,27354
５人以上,Q80 専門サービス業（他に分類されないもの）,平成19,2007,4月,415133,466850,297681,395315,444305,284056,365507,29808,19818,22545,13625
５人以上,Q80 専門サービス業（他に分類されないもの）,平成19,2007,5月,408747,452503,309785,392735,442968,279125,364805,27930,16012,9535,30660
５人以上,Q80 専門サービス業（他に分類されないもの）,平成19,2007,6月,841635,994540,487365,396929,446854,281256,368506,28423,444706,547686,206109
５人以上,Q80 専門サービス業（他に分類されないもの）,平成19,2007,7月,470649,527789,340179,391712,444053,272199,365129,26583,78937,83736,67980
５人以上,Q80 専門サービス業（他に分類されないもの）,平成19,2007,8月,411715,465687,287131,387457,438463,269721,363627,23830,24258,27224,17410
５人以上,Q80 専門サービス業（他に分類されないもの）,平成19,2007,9月,398086,450965,276322,393508,445942,272770,368956,24552,4578,5023,3552
５人以上,Q80 専門サービス業（他に分類されないもの）,平成19,2007,10月,403328,456544,278847,396497,448384,275125,373186,23311,6831,8160,3722
５人以上,Q80 専門サービス業（他に分類されないもの）,平成19,2007,11月,566017,663776,340718,397312,447225,282281,369340,27972,168705,216551,58437
５人以上,Q80 専門サービス業（他に分類されないもの）,平成19,2007,12月,848502,949900,606201,399785,447803,285041,370904,28881,448717,502097,321160
５人以上,Q81 学術・開発研究機関,平成17,2005,年平均,645758,696429,455106,475807,512520,337671,453761,22046,169951,183909,117435
５人以上,Q81 学術・開発研究機関,平成18,2006,年平均,640575,688418,458346,476502,510093,348556,452757,23745,164073,178325,109790
５人以上,Q81 学術・開発研究機関,平成19,2007,年平均,598070,652679,390780,455838,494713,308273,428399,27439,142232,157966,82507
５人以上,Q81 学術・開発研究機関,平成19,2007,1月,463734,503165,308040,459109,497743,306561,432035,27074,4625,5422,1479
５人以上,Q81 学術・開発研究機関,平成19,2007,2月,456199,493736,308442,452934,490058,306805,424636,28298,3265,3678,1637
５人以上,Q81 学術・開発研究機関,平成19,2007,3月,485189,522343,341147,460388,498063,314329,429239,31149,24801,24280,26818
５人以上,Q81 学術・開発研究機関,平成19,2007,4月,477342,513855,334400,465506,501290,325416,434219,31287,11836,12565,8984
５人以上,Q81 学術・開発研究機関,平成19,2007,5月,479337,516444,333136,466837,503033,324227,439343,27494,12500,13411,8909
５人以上,Q81 学術・開発研究機関,平成19,2007,6月,1151838,1272809,680345,457956,495626,311134,431652,26304,693882,777183,369211
５人以上,Q81 学術・開発研究機関,平成19,2007,7月,607928,663593,401629,453667,495714,297836,426986,26681,154261,167879,103793
５人以上,Q81 学術・開発研究機関,平成19,2007,8月,448863,489982,295962,447028,488041,294523,421848,25180,1835,1941,1439
５人以上,Q81 学術・開発研究機関,平成19,2007,9月,466504,506937,316830,442348,481180,298598,418817,23531,24156,25757,18232
５人以上,Q81 学術・開発研究機関,平成19,2007,10月,459935,500828,310224,453465,493928,305329,425891,27574,6470,6900,4895
５人以上,Q81 学術・開発研究機関,平成19,2007,11月,467170,510234,310933,456678,497484,308633,429263,27415,10492,12750,2300
５人以上,Q81 学術・開発研究機関,平成19,2007,12月,1211727,1339176,744040,454849,494719,308540,427367,27482,756878,844457,435500
５人以上,Q84 娯楽業,平成17,2005,年平均,303119,361704,225702,255011,295756,201169,246141,8870,48108,65948,24533
５人以上,Q84 娯楽業,平成18,2006,年平均,301769,350275,228118,253748,291431,196529,243720,10028,48021,58844,31589
５人以上,Q84 娯楽業,平成19,2007,年平均,298107,359408,202868,245783,287305,181272,237548,8235,52324,72103,21596
５人以上,Q84 娯楽業,平成19,2007,1月,269744,314651,203323,248165,290195,186000,239628,8537,21579,24456,17323
５人以上,Q84 娯楽業,平成19,2007,2月,250834,288101,184325,250752,288041,184204,242994,7758,82,60,121
５人以上,Q84 娯楽業,平成19,2007,3月,250162,293750,183538,246883,289596,181596,238099,8784,3279,4154,1942
５人以上,Q84 娯楽業,平成19,2007,4月,256877,302199,190840,245548,285982,186634,237933,7615,11329,16217,4206
５人以上,Q84 娯楽業,平成19,2007,5月,242715,283308,182620,242609,283219,182488,234897,7712,106,89,132
５人以上,Q84 娯楽業,平成19,2007,6月,458262,595794,253165,250136,290352,190162,244215,5921,208126,305442,63003
５人以上,Q84 娯楽業,平成19,2007,7月,270373,327792,183563,232460,277055,165038,224655,7805,37913,50737,18525
５人以上,Q84 娯楽業,平成19,2007,8月,241123,280882,178555,237648,275365,178295,228404,9244,3475,5517,260
５人以上,Q84 娯楽業,平成19,2007,9月,251012,299132,175138,248426,295723,173851,239515,8911,2586,3409,1287
５人以上,Q84 娯楽業,平成19,2007,10月,257679,307469,180951,248813,293493,179961,239483,9330,8866,13976,990
５人以上,Q84 娯楽業,平成19,2007,11月,252093,294086,184670,248217,289819,181423,239734,8483,3876,4267,3247
５人以上,Q84 娯楽業,平成19,2007,12月,581947,728236,339908,250140,289051,185760,241340,8800,331807,439185,154148
５人以上,"Q86,87 自動車整備業、機械等修理業",平成17,2005,年平均,464973,497322,273777,358648,383618,211066,316156,42492,106325,113704,62711
５人以上,"Q86,87 自動車整備業、機械等修理業",平成18,2006,年平均,442226,478341,248433,356626,385857,199773,319021,37605,85600,92484,48660
５人以上,"Q86,87 自動車整備業、機械等修理業",平成19,2007,年平均,460706,489806,267751,368580,389363,230772,334069,34511,92126,100443,36979
５人以上,"Q86,87 自動車整備業、機械等修理業",平成19,2007,1月,371554,394999,221111,368197,391663,217615,332508,35689,3357,3336,3496
５人以上,"Q86,87 自動車整備業、機械等修理業",平成19,2007,2月,443657,477054,226540,370981,393323,225733,336356,34625,72676,83731,807
５人以上,"Q86,87 自動車整備業、機械等修理業",平成19,2007,3月,381382,405265,227996,376431,399896,225727,331918,44513,4951,5369,2269
５人以上,"Q86,87 自動車整備業、機械等修理業",平成19,2007,4月,387947,411088,233138,365296,386342,224502,327701,37595,22651,24746,8636
５人以上,"Q86,87 自動車整備業、機械等修理業",平成19,2007,5月,372122,394845,224523,370496,393070,223865,336999,33497,1626,1775,658
５人以上,"Q86,87 自動車整備業、機械等修理業",平成19,2007,6月,707883,753328,389991,370184,389927,232081,337001,33183,337699,363401,157910
５人以上,"Q86,87 自動車整備業、機械等修理業",平成19,2007,7月,506428,540171,279246,365647,385119,234546,331280,34367,140781,155052,44700
５人以上,"Q86,87 自動車整備業、機械等修理業",平成19,2007,8月,373585,393395,240931,369749,389870,235018,336038,33711,3836,3525,5913
５人以上,"Q86,87 自動車整備業、機械等修理業",平成19,2007,9月,367258,386161,240968,363177,381780,238894,334855,28322,4081,4381,2074
５人以上,"Q86,87 自動車整備業、機械等修理業",平成19,2007,10月,376326,396827,237496,365432,385094,232286,332369,33063,10894,11733,5210
５人以上,"Q86,87 自動車整備業、機械等修理業",平成19,2007,11月,400007,420891,260619,369945,388875,243602,339317,30628,30062,32016,17017
５人以上,"Q86,87 自動車整備業、機械等修理業",平成19,2007,12月,865121,927807,452975,366745,386187,238919,332878,33867,498376,541620,214056
５人以上,Q82 洗濯・理容・美容・浴場業,平成17,2005,年平均,252791,303357,217397,236175,281732,204287,230022,6153,16616,21625,13110
５人以上,Q82 洗濯・理容・美容・浴場業,平成18,2006,年平均,258601,313153,206293,241276,291464,193153,231825,9451,17325,21689,13140
５人以上,Q82 洗濯・理容・美容・浴場業,平成19,2007,年平均,220295,272979,186644,209338,258520,177923,203473,5865,10957,14459,8721
５人以上,Q82 洗濯・理容・美容・浴場業,平成19,2007,1月,216926,277346,172931,211850,268296,170748,204950,6900,5076,9050,2183
５人以上,Q82 洗濯・理容・美容・浴場業,平成19,2007,2月,209056,258448,173419,207416,256786,171795,201701,5715,1640,1662,1624
５人以上,Q82 洗濯・理容・美容・浴場業,平成19,2007,3月,214032,259853,182469,212605,256858,182122,206172,6433,1427,2995,347
５人以上,Q82 洗濯・理容・美容・浴場業,平成19,2007,4月,220095,263519,190299,213453,258740,182380,206236,7217,6642,4779,7919
５人以上,Q82 洗濯・理容・美容・浴場業,平成19,2007,5月,217607,267617,184442,212184,263316,178275,203595,8589,5423,4301,6167
５人以上,Q82 洗濯・理容・美容・浴場業,平成19,2007,6月,230537,280307,196926,213395,256506,184280,205491,7904,17142,23801,12646
５人以上,Q82 洗濯・理容・美容・浴場業,平成19,2007,7月,237116,296298,204347,205398,258200,176161,200772,4626,31718,38098,28186
５人以上,Q82 洗濯・理容・美容・浴場業,平成19,2007,8月,208139,262147,177390,203979,255122,174862,199723,4256,4160,7025,2528
５人以上,Q82 洗濯・理容・美容・浴場業,平成19,2007,9月,210166,265092,177399,207124,260486,175291,202751,4373,3042,4606,2108
５人以上,Q82 洗濯・理容・美容・浴場業,平成19,2007,10月,211232,263262,181632,208866,257777,181040,204849,4017,2366,5485,592
５人以上,Q82 洗濯・理容・美容・浴場業,平成19,2007,11月,224743,271245,195685,206747,252065,178428,201060,5687,17996,19180,17257
５人以上,Q82 洗濯・理容・美容・浴場業,平成19,2007,12月,243617,313901,200831,208626,256691,179366,204266,4360,34991,57210,21465
５人以上,Q89 広告業,平成17,2005,年平均,542482,592847,407178,458735,500383,346849,432426,26309,83747,92464,60329
５人以上,Q89 広告業,平成18,2006,年平均,555341,614743,405102,448125,495330,328735,420537,27588,107216,119413,76367
５人以上,Q89 広告業,平成19,2007,年平均,477261,561965,326704,409859,482417,280891,391657,18202,67402,79548,45813
５人以上,Q89 広告業,平成19,2007,1月,415043,496439,271738,400132,476717,265296,381168,18964,14911,19722,6442
５人以上,Q89 広告業,平成19,2007,2月,418748,489671,286692,417403,487995,285964,399297,18106,1345,1676,728
５人以上,Q89 広告業,平成19,2007,3月,424201,500122,293266,403473,479380,272561,385146,18327,20728,20742,20705
５人以上,Q89 広告業,平成19,2007,4月,419639,487448,304293,405477,483219,273233,387027,18450,14162,4229,31060
５人以上,Q89 広告業,平成19,2007,5月,408763,482878,278912,406229,479898,277158,389949,16280,2534,2980,1754
５人以上,Q89 広告業,平成19,2007,6月,628322,749620,414368,407267,478546,281540,390494,16773,221055,271074,132828
５人以上,Q89 広告業,平成19,2007,7月,506804,586675,364911,415003,487067,286981,396034,18969,91801,99608,77930
５人以上,Q89 広告業,平成19,2007,8月,419708,490282,292995,412339,483336,284868,394065,18274,7369,6946,8127
５人以上,Q89 広告業,平成19,2007,9月,425702,494954,301210,406134,473478,285074,388141,17993,19568,21476,16136
５人以上,Q89 広告業,平成19,2007,10月,419412,490044,291985,415841,487767,286081,397321,18520,3571,2277,5904
５人以上,Q89 広告業,平成19,2007,11月,482961,575806,315502,414229,484801,286943,394981,19248,68732,91005,28559
５人以上,Q89 広告業,平成19,2007,12月,760152,901428,506428,414830,486692,285771,396276,18554,345322,414736,220657
５人以上,QS-1 一括分,平成17,2005,年平均,390029,481224,250112,319914,390240,212016,299307,20607,70115,90984,38096
５人以上,QS-1 一括分,平成18,2006,年平均,383656,470390,256842,311777,375662,218371,290193,21584,71879,94728,38471
５人以上,QS-1 一括分,平成19,2007,年平均,375266,454052,265799,305826,364561,224218,281752,24074,69440,89491,41581
５人以上,QS-1 一括分,平成19,2007,1月,318471,388633,222220,299752,362970,213026,277127,22625,18719,25663,9194
５人以上,QS-1 一括分,平成19,2007,2月,301584,356872,218599,298468,352853,216838,274778,23690,3116,4019,1761
５人以上,QS-1 一括分,平成19,2007,3月,319519,377587,234538,301249,354040,223991,277184,24065,18270,23547,10547
５人以上,QS-1 一括分,平成19,2007,4月,321783,386040,232265,305765,364308,224207,281312,24453,16018,21732,8058
５人以上,QS-1 一括分,平成19,2007,5月,312086,371533,229902,300092,357905,220167,275190,24902,11994,13628,9735
５人以上,QS-1 一括分,平成19,2007,6月,521752,648213,347699,305028,363596,224418,279662,25366,216724,284617,123281
５人以上,QS-1 一括分,平成19,2007,7月,422294,512066,299016,309446,370178,226046,284360,25086,112848,141888,72970
５人以上,QS-1 一括分,平成19,2007,8月,317729,383230,230525,307843,369567,225668,283935,23908,9886,13663,4857
５人以上,QS-1 一括分,平成19,2007,9月,317110,378960,232866,307472,368233,224712,285076,22396,9638,10727,8154
５人以上,QS-1 一括分,平成19,2007,10月,314090,377404,230504,306143,367003,225795,282434,23709,7947,10401,4709
５人以上,QS-1 一括分,平成19,2007,11月,341468,408686,249923,314580,374687,232720,289837,24743,26888,33999,17203
５人以上,QS-1 一括分,平成19,2007,12月,689186,846121,461631,313734,369845,232373,289832,23902,375452,476276,229258
,,,,,,,,,,,,,,,
東京都の賃金、労働時間及び雇用の動き（毎月勤労統計調査）平成19年確報,,,,,,,,,,,,,,,
第１－１表　産業、性別常用労働者の１人平均月間現金給与額　（事業所規模５人以上）,,,,,,,,,,,,,,,
