﻿総平均・大類別/類別/品目数/ウエイト,西暦（年）,月,総平均,総平均/対前年(月)比（％）,総平均/対前年同月比（％）,工業製品,工業製品/飲食料品注2),工業製品/繊維製品,工業製品/木材・木製品注2),工業製品/パルプ・紙・同製品,工業製品/化学製品,工業製品/石油・石炭製品,工業製品/プラスチック製品,工業製品/窯業・土石製品,工業製品/鉄鋼,工業製品/非鉄金属,工業製品/金属製品,工業製品/はん用機器,工業製品/生産用機器,工業製品/業務用機器,工業製品/電子部品・デバイス,工業製品/電気機器,工業製品/情報通信機器,工業製品/輸送用機器,工業製品/その他工業製品,農林水産物,鉱産物,電力都市ガス水道,スクラップ類,（参考）輸出物価指数,（参考）輸入物価指数
品 目 数,,,746,,,703,109,31,15,30,111,12,19,37,37,23,36,30,31,18,23,50,17,24,50,24,6,9,4,209,258
ウエイト,,,1000,-  ,- ,888.3,141.6,9.6,9.2,27.7,89.2,59.5,38.2,23.3,51.7,27.1,40,27.2,41.1,16.2,24.5,52.7,20.8,140.7,48,35.8,3.9,67.1,4.9,1000,1000
平成27年平均,2015,,100,-2.3,- ,100,100,100,100,100,100,100,100,100,100,100,100,100,100,100,100,100,100,100,100,100,100,100,100,100,100
平成28年平均,2016,,96.5,-3.5,- ,97,100.1,99.6,100.7,99.5,92.9,83.6,97,99.6,94.1,87.1,99.8,100.3,100.4,101.6,96.8,97.5,99.4,99.2,100,102.5,94.2,87.2,91.4,90.7,83.6
平成29年平均,2017,,98.7,2.3,- ,98.9,99.9,99.6,102.8,99.6,94.8,98.9,96,99.7,102.9,98.1,101.4,100,100.1,102,97.9,95.5,97.9,98.7,100.2,107.6,94.3,90.7,120.2,95.5,92.7
平成30年平均,2018,,101.3,2.6,- ,101.1,100.5,101,105.4,102,97.5,115.6,97.1,101.6,108.3,101.7,104.2,100.4,100.8,101.8,97.9,95.4,96.8,98.5,100.5,109.8,98.1,96.4,137,96.8,99.7
令和元年平均,2019,,101.5,0.2,- ,101.2,101.5,102.8,105,107.7,94.5,110.1,98.6,104.9,110.7,96.4,106.8,102.1,102.4,102.2,97.8,94.9,95.3,98.6,101.9,108.9,101.9,100.5,114.5,93.1,94.4
平成27年度平均,2015,,99.1,-3.3,- ,99.2,100.2,100.1,99.9,100.1,98.6,94.2,99.3,100,98,96.4,100.1,100.2,100.2,100,99.1,99.8,100.1,100,100,100.8,98.6,96.6,93.1,98.1,95.5
平成28年度平均,2016,,96.7,-2.4,- ,97.3,100,99.4,100.9,99.2,92.8,88.9,96.4,99.5,95.4,88.8,99.9,100.1,100.1,102,96.9,96.6,99,98.9,100,103.6,93.2,85.8,99.4,91.3,85.4
平成29年度平均,2017,,99.3,2.7,- ,99.3,99.9,100,103.6,100.2,95.4,101.4,96,99.9,104.5,100.1,102.2,100.1,100.4,102,98,95.4,97.6,98.8,100.3,108.5,94.9,92.3,126.6,95.6,93.6
平成30年度平均,2018,,101.5,2.2,- ,101.2,100.8,101.5,105.5,103.2,96.9,115.4,97.6,102.4,109.1,100.4,104.8,100.6,101.2,101.7,97.9,95.3,96.4,98.4,100.6,109.5,100,99,133.9,96.4,99.7
令和元年度平均,2019,,101.7,0.2,- ,101.5,101.8,103.3,104.9,108.6,94.4,110.1,98.8,105.8,111.2,95.7,107.6,102.7,103.1,102.4,98.1,95,95.4,99,102.6,108.9,101.5,99.3,107.3,92.4,93.6
令和元年5月,2019,5,101.8,-0.1,0.7,101.4,101.3,102.6,104.8,107.7,94.8,116.4,98.4,104.1,110.4,97.3,106.2,101.8,102,101.5,97.6,94.6,95.5,98.2,101.2,109.7,103,100.8,121.6,94.4,96.9
令和元年6月,2019,6,101.2,-0.6,-0.2,100.9,101.5,102.5,104.9,107.7,94.5,111.1,98.3,104.6,110.4,95,106.1,101.7,102.1,101.6,97.3,94.5,95.1,98.1,101.2,108.9,101.9,99.4,115.8,92.8,95
令和元年7月,2019,7,101.1,-0.1,-0.7,100.7,101.6,102.1,104.3,107.6,94,108.9,98,104.6,110.4,94.8,106.4,102.1,101.5,101.7,97.4,94.5,94.6,98.1,101.6,108.3,101.2,102.2,108.7,92.5,93.2
令和元年8月,2019,8,100.9,-0.2,-0.9,100.5,101.5,102.3,104.1,107.6,93.9,106.6,98,104.9,110.3,93.9,106.6,101.4,102,101.6,97.2,94.3,94.5,98.1,101.6,108.2,100.1,101.2,107.8,91.3,92.6
令和元年9月,2019,9,100.9,0,-1.1,100.6,101.6,102.5,104,107.6,93.9,106.6,97.9,105.2,110.3,93.9,107,101.8,101.9,101.5,97.4,94.2,93.9,98,101.6,109.5,99.3,100.7,102.3,91.3,91.9
令和元年10月,2019,10,102.1,1.2,-0.3,102.1,102,104.6,105.5,109.7,94.6,108.3,99.5,107,112.6,95.1,109,103.8,104.7,103.7,98.8,96,96,99.8,103.7,109.5,101.2,98,99.9,91.7,92.2
令和元年11月,2019,11,102.2,0.1,0.2,102.2,101.9,104.7,105.3,109.7,94.4,110.1,99.6,107.1,112.6,95.5,109.2,103.7,104.5,103.6,98.8,95.8,95.8,99.9,103.9,109.7,101.3,98.2,100.8,91.9,92.5
令和元年12月,2019,12,102.3,0.1,0.9,102.3,102.2,104.3,105.3,109.7,94.5,112.6,99.5,107.2,112.5,96.8,108.4,103.3,104,103.1,98.5,95.4,95.7,99.9,103.7,110.6,101.4,97.6,105.7,92,93.4
令和2年1月,2020,1,102.4,0.1,1.5,102.6,101.9,103.4,105.3,109.6,95.2,115.6,99.2,107,112,97.6,108.5,103.7,104.6,103.2,98.8,95.4,96.1,99.9,103.7,108,101.4,97.5,106,92.3,94
令和2年2月,2020,2,102,-0.4,0.8,102.1,102.2,103.8,105.2,109.7,94.6,110.1,99.2,107.1,111.6,96.2,108.7,103.2,104.8,102.9,99,95.1,96.1,99.9,103.6,107.4,101.7,97.2,97.2,92.5,94.1
令和2年3月,2020,3,101.1,-0.9,-0.4,101.2,102.2,104.2,105.1,109.6,93.6,100.1,98.9,106.8,111.2,92.1,108.8,103.5,103.8,102.8,98.8,95.3,96,100.1,103.6,107,101.7,97.3,93.6,90.4,89.7
令和2年4月,2020,4,99.5,-1.6,-2.4,99.4,102.2,104.3,105,109.6,89.5,80.2,98.7,106.9,110.8,90.5,108.6,104,103.7,103.4,98.9,95.3,95.4,100.2,104,107.9,102.6,97.3,90.7,89.4,84.5
令和2年5月注1）,2020,5,99.1,-0.4,-2.7,98.9,102.3,104.1,104.8,109.5,89.1,73.7,98.5,106.9,110.5,91,108.6,104.1,103.8,103.1,98.7,95.5,95.6,100.2,103.9,107.3,102.6,97.4,90.4,88.3,79.8
前月比(%),,,-0.4,- ,- ,-0.5,0.1,-0.2,-0.2,-0.1,-0.4,-8.1,-0.2,0,-0.3,0.6,0,0.1,0.1,-0.3,-0.2,0.2,0.2,0,-0.1,-0.6,0,0.1,-0.3,-1.2,-5.6
前年同月比(%),,,-2.7,- ,- ,-2.5,1,1.5,0,1.7,-6,-36.7,0.1,2.7,0.1,-6.5,2.3,2.3,1.8,1.6,1.1,1,0.1,2,2.7,-2.2,-0.4,-3.4,-25.7,-6.5,-17.6
,,,,,,,,,,,,,,,,,,,,,,,,,,,,,,,
東京の物価／令和２年６月分,,,,,,,,,,,,,,,,,,,,,,,,,,,,,,,
参考表４　国　内　企　業　物　価  指　数　〔総平均 ・大類別 ・類別指数〕,,,,,,,,,,,,,,,,,,,,,,,,,,,,,,,
資料日本銀行調査統計局,,,,,,,,,,,,,,,,,,,,,,,,,,,,,,,
注1)最新月の数値は速報値のため、後日訂正される場合がある。,,,,,,,,,,,,,,,,,,,,,,,,,,,,,,,
注2)2015年（平成27年）基準から、従来の「食料品・飲料・たばこ・飼料」の名称を「飲食料品」に、「製材・木製品」の名称を「木材・木製品」に、それぞれ変更している。,,,,,,,,,,,,,,,,,,,,,,,,,,,,,,,
２０１５年＝１００（平成２７年＝１００）,,,,,,,,,,,,,,,,,,,,,,,,,,,,,,,
