,ｎ,ネット選挙運動の規制が緩和され、より自由に選挙運動ができることが望ましい（％）,ネット選挙運動の規制をより強化する（％）,現状のままでよい（％）,わからない（％）,,,,
全体,1516,28.8,5.3,30.6,35.4,,,,
性別男性,706,35.4,5.4,29.9,29.3,,,,
性別女性,810,23.0,5.2,31.2,40.6,,,,
年齢別18歳,6,33.3,0.0,50.0,16.7,,,,
年齢別19歳,11,54.5,0.0,18.2,27.3,,,,
年齢別20歳代,97,43.3,6.2,30.9,19.6,,,,
年齢別30歳代,214,43.9,6.1,33.2,16.8,,,,
年齢別40歳代,345,38.6,6.4,28.4,26.7,,,,
年齢別50歳代,272,26.5,5.5,37.1,30.9,,,,
年齢別60歳代,309,14.6,3.9,33.7,47.9,,,,
年齢別70歳代,197,17.8,5.1,22.3,54.8,,,,
年齢別80歳以上,65,10.8,3.1,16.9,69.2,,,,
