事業所規模,産業,和暦年,西暦年,年平均・月,現金給与総額／計(円),現金給与総額／男(円),現金給与総額／女(円),きまって支給する給与／計(円),きまって支給する給与／男(円),きまって支給する給与／女(円),所定内給与(円),所定外給与(円),特別に支払われた給与／計(円),特別に支払われた給与／男(円),特別に支払われた給与／女(円)
５人以上,TL 調査産業計,平成18,2006,年平均,433685,525876,278182,341360,409746,226010,317962,23398,92325,116130,52172
５人以上,TL 調査産業計,平成19,2007,年平均,430485,521754,276184,338139,404829,225391,315669,22470,92346,116925,50793
５人以上,TL 調査産業計,平成20,2008,年平均,435111,527604,279754,341237,409045,227342,318746,22491,93874,118559,52412
５人以上,TL 調査産業計,平成21,2009,年平均,411211,503442,269278,333175,403819,224462,311791,21384,78036,99623,44816
５人以上,TL 調査産業計,平成22,2010,年平均,414539,506532,273664,334309,404054,227504,312668,21641,80230,102478,46160
５人以上,TL 調査産業計,平成23,2011,年平均,411804,505786,270160,331586,402825,224220,309969,21617,80218,102961,45940
５人以上,TL 調査産業計,平成24,2012,年平均,405792,498335,266376,330092,400894,223430,306816,23276,75700,97441,42946
５人以上,TL 調査産業計,平成25,2013,年平均,410458,503854,269632,330137,400333,224292,306389,23748,80321,103521,45340
５人以上,TL 調査産業計,平成26,2014,年平均,412977,508464,272426,329759,400917,225018,305545,24214,83218,107547,47408
５人以上,TL 調査産業計,平成26,2014,1月,338617,412847,227859,326445,397074,221060,303431,23014,12172,15773,6799
５人以上,TL 調査産業計,平成26,2014,2月,333962,405640,226970,328810,399428,223401,305281,23529,5152,6212,3569
５人以上,TL 調査産業計,平成26,2014,3月,360385,442043,239476,331515,404041,224127,306420,25095,28870,38002,15349
５人以上,TL 調査産業計,平成26,2014,4月,351652,425850,241887,336958,407544,232538,310828,26130,14694,18306,9349
５人以上,TL 調査産業計,平成26,2014,5月,347159,422675,236533,329840,400382,226500,305253,24587,17319,22293,10033
５人以上,TL 調査産業計,平成26,2014,6月,638102,802043,397507,330826,401515,227084,306745,24081,307276,400528,170423
５人以上,TL 調査産業計,平成26,2014,7月,455463,562636,297656,328514,398276,225794,304165,24349,126949,164360,71862
５人以上,TL 調査産業計,平成26,2014,8月,339423,414050,230280,328065,398906,224459,304536,23529,11358,15144,5821
５人以上,TL 調査産業計,平成26,2014,9月,349959,428180,235907,330812,403430,224930,308110,22702,19147,24750,10977
５人以上,TL 調査産業計,平成26,2014,10月,338832,412909,230812,328783,400414,224329,304785,23998,10049,12495,6483
５人以上,TL 調査産業計,平成26,2014,11月,348577,424415,237385,328877,400936,223227,303764,25113,19700,23479,14158
５人以上,TL 調査産業計,平成26,2014,12月,748824,942882,463560,327711,399132,222723,303266,24445,421113,543750,240837
５人以上,C 鉱業，採石業，砂利採取業,平成18,2006,年平均,703153,772912,385894,453473,494582,266513,444886,8587,249680,278330,119381
５人以上,C 鉱業，採石業，砂利採取業,平成19,2007,年平均,667289,728738,394115,466148,508569,277563,434236,31912,201141,220169,116552
５人以上,C 鉱業，採石業，砂利採取業,平成20,2008,年平均,719236,780702,424473,475703,515127,286645,446451,29252,243533,265575,137828
５人以上,C 鉱業，採石業，砂利採取業,平成21,2009,年平均,731346,803410,466954,492725,538440,325003,472371,20354,238621,264970,141951
５人以上,C 鉱業，採石業，砂利採取業,平成22,2010,年平均,724801,797216,459031,491681,538549,319673,467836,23845,233120,258667,139358
５人以上,C 鉱業，採石業，砂利採取業,平成23,2011,年平均,710396,782261,453871,483929,529682,320612,463539,20390,226467,252579,133259
５人以上,C 鉱業，採石業，砂利採取業,平成24,2012,年平均,740894,801547,481075,509794,547903,346548,484915,24879,231100,253644,134527
５人以上,C 鉱業，採石業，砂利採取業,平成25,2013,年平均,722319,777690,499823,504386,542137,352692,476157,28229,217933,235553,147131
５人以上,C 鉱業，採石業，砂利採取業,平成26,2014,年平均,728865,794186,486760,509908,551163,357000,479598,30310,218957,243023,129760
５人以上,C 鉱業，採石業，砂利採取業,平成26,2014,1月,509554,553834,353738,509375,553651,353572,484049,25326,179,183,166
５人以上,C 鉱業，採石業，砂利採取業,平成26,2014,2月,532047,573899,385304,531665,573846,383771,497809,33856,382,53,1533
５人以上,C 鉱業，採石業，砂利採取業,平成26,2014,3月,562545,618547,382966,519716,568758,362457,485366,34350,42829,49789,20509
５人以上,C 鉱業，採石業，砂利採取業,平成26,2014,4月,519484,558088,373469,513776,552225,368347,478062,35714,5708,5863,5122
５人以上,C 鉱業，採石業，砂利採取業,平成26,2014,5月,510357,546660,367117,508342,544618,365205,473812,34530,2015,2042,1912
５人以上,C 鉱業，採石業，砂利採取業,平成26,2014,6月,1588237,1727915,1030589,498741,537045,345816,474254,24487,1089496,1190870,684773
５人以上,C 鉱業，採石業，砂利採取業,平成26,2014,7月,656183,713359,432411,492721,530329,345531,466196,26525,163462,183030,86880
５人以上,C 鉱業，採石業，砂利採取業,平成26,2014,8月,600685,656545,402548,521211,562302,375459,487230,33981,79474,94243,27089
５人以上,C 鉱業，採石業，砂利採取業,平成26,2014,9月,512644,551022,362225,497122,535436,346954,472742,24380,15522,15586,15271
５人以上,C 鉱業，採石業，砂利採取業,平成26,2014,10月,502941,543176,347423,498114,538642,341461,471989,26125,4827,4534,5962
５人以上,C 鉱業，採石業，砂利採取業,平成26,2014,11月,590130,647804,388809,523018,571482,353846,485027,37991,67112,76322,34963
５人以上,C 鉱業，採石業，砂利採取業,平成26,2014,12月,1615397,1761103,1048721,506802,549973,338902,480111,26691,1108595,1211130,709819
５人以上,D 建設業,平成18,2006,年平均,478229,512905,284862,401943,430224,244238,378383,23560,76286,82681,40624
５人以上,D 建設業,平成19,2007,年平均,479060,512789,298157,396052,423491,248882,369674,26378,83008,89298,49275
５人以上,D 建設業,平成20,2008,年平均,462406,494869,287436,386256,413001,242104,359354,26902,76150,81868,45332
５人以上,D 建設業,平成21,2009,年平均,480675,518223,289744,398329,428599,244407,369671,28658,82346,89624,45337
５人以上,D 建設業,平成22,2010,年平均,467402,500332,287208,389652,416767,241276,361786,27866,77750,83565,45932
５人以上,D 建設業,平成23,2011,年平均,484502,516190,302730,398867,424675,250826,368768,30099,85635,91515,51904
５人以上,D 建設業,平成24,2012,年平均,481421,513497,314429,410547,437815,268585,378797,31750,70874,75682,45844
５人以上,D 建設業,平成25,2013,年平均,488167,517913,317596,409552,434896,264222,377702,31850,78615,83017,53374
５人以上,D 建設業,平成26,2014,年平均,501012,532976,317793,410086,436104,260950,379520,30566,90926,96872,56843
５人以上,D 建設業,平成26,2014,1月,434313,460355,277603,401537,425021,260222,372456,29081,32776,35334,17381
５人以上,D 建設業,平成26,2014,2月,410170,434606,263636,407007,431461,260365,378919,28088,3163,3145,3271
５人以上,D 建設業,平成26,2014,3月,437908,464821,272168,412983,438261,257312,378161,34822,24925,26560,14856
５人以上,D 建設業,平成26,2014,4月,426132,449470,279064,412512,434912,271354,378942,33570,13620,14558,7710
５人以上,D 建設業,平成26,2014,5月,409620,433675,265971,402652,426355,261101,374606,28046,6968,7320,4870
５人以上,D 建設業,平成26,2014,6月,700749,745386,437639,410774,436336,260099,381918,28856,289975,309050,177540
５人以上,D 建設業,平成26,2014,7月,582535,619809,373013,410740,437303,261425,381063,29677,171795,182506,111588
５人以上,D 建設業,平成26,2014,8月,421847,451174,268323,409241,437896,259235,379929,29312,12606,13278,9088
５人以上,D 建設業,平成26,2014,9月,417603,445744,259592,413604,441716,255757,383004,30600,3999,4028,3835
５人以上,D 建設業,平成26,2014,10月,414270,442070,269401,408947,436243,266706,380913,28034,5323,5827,2695
５人以上,D 建設業,平成26,2014,11月,505862,541969,306332,417536,445636,262256,383685,33851,88326,96333,44076
５人以上,D 建設業,平成26,2014,12月,847931,906408,529421,413558,442495,255946,380592,32966,434373,463913,273475
５人以上,E 製造業,平成18,2006,年平均,489452,553489,301861,376913,422617,243027,349323,27590,112539,130872,58834
５人以上,E 製造業,平成19,2007,年平均,495747,564556,295884,382437,432197,237904,357645,24792,113310,132359,57980
５人以上,E 製造業,平成20,2008,年平均,493952,563681,296676,382205,433348,237511,358465,23740,111747,130333,59165
５人以上,E 製造業,平成21,2009,年平均,480384,541641,309238,382822,429417,252641,362793,20029,97562,112224,56597
５人以上,E 製造業,平成22,2010,年平均,504773,564397,325017,394757,439656,259394,372767,21990,110016,124741,65623
５人以上,E 製造業,平成23,2011,年平均,518833,581033,332110,399099,444856,261739,375504,23595,119734,136177,70371
５人以上,E 製造業,平成24,2012,年平均,505238,561699,337420,396491,439503,268648,370827,25664,108747,122196,68772
５人以上,E 製造業,平成25,2013,年平均,507943,565587,338251,398164,441515,270548,371915,26249,109779,124072,67703
５人以上,E 製造業,平成26,2014,年平均,524288,587387,347312,404572,451924,271763,379040,25532,119716,135463,75549
５人以上,E 製造業,平成26,2014,1月,409298,454737,278227,397817,443490,266071,374423,23394,11481,11247,12156
５人以上,E 製造業,平成26,2014,2月,403252,447161,274707,398888,442991,269775,372921,25967,4364,4170,4932
５人以上,E 製造業,平成26,2014,3月,444772,494690,301754,406975,453971,272328,380658,26317,37797,40719,29426
５人以上,E 製造業,平成26,2014,4月,451705,501908,309242,412616,458877,281339,384969,27647,39089,43031,27903
５人以上,E 製造業,平成26,2014,5月,420799,469449,284382,406640,453155,276210,381927,24713,14159,16294,8172
５人以上,E 製造業,平成26,2014,6月,792589,886638,531348,406335,453422,275540,382000,24335,386254,433216,255808
５人以上,E 製造業,平成26,2014,7月,648386,738532,398139,403091,451098,269823,377376,25715,245295,287434,128316
５人以上,E 製造業,平成26,2014,8月,431990,483347,290220,402322,450496,269338,377635,24687,29668,32851,20882
５人以上,E 製造業,平成26,2014,9月,414743,464409,278599,405934,455121,271102,382527,23407,8809,9288,7497
５人以上,E 製造業,平成26,2014,10月,421447,471532,282130,402813,451165,268316,376551,26262,18634,20367,13814
５人以上,E 製造業,平成26,2014,11月,428871,480291,285637,405299,453310,271563,377896,27403,23572,26981,14074
５人以上,E 製造業,平成26,2014,12月,1018154,1156661,640248,406043,456040,269630,379497,26546,612111,700621,370618
５人以上,F 電気・ガス・熱供給・水道業,平成18,2006,年平均,701778,743270,437141,517667,547123,329796,462354,55313,184111,196147,107345
５人以上,F 電気・ガス・熱供給・水道業,平成19,2007,年平均,647860,692803,443032,475043,507837,325585,428913,46130,172817,184966,117447
５人以上,F 電気・ガス・熱供給・水道業,平成20,2008,年平均,660213,700828,464820,478738,507772,339059,433692,45046,181475,193056,125761
５人以上,F 電気・ガス・熱供給・水道業,平成21,2009,年平均,678241,707080,480500,510511,531855,364161,437952,72559,167730,175225,116339
５人以上,F 電気・ガス・熱供給・水道業,平成22,2010,年平均,663727,691538,482858,509188,531368,364938,435475,73713,154539,160170,117920
５人以上,F 電気・ガス・熱供給・水道業,平成23,2011,年平均,629744,659605,437373,516545,541313,356982,421423,95122,113199,118292,80391
５人以上,F 電気・ガス・熱供給・水道業,平成24,2012,年平均,601648,628808,412612,469557,490910,320933,412548,57009,132091,137898,91679
５人以上,F 電気・ガス・熱供給・水道業,平成25,2013,年平均,590608,617331,413688,487482,510688,333848,424014,63468,103126,106643,79840
５人以上,F 電気・ガス・熱供給・水道業,平成26,2014,年平均,626661,647182,466656,495395,511987,366024,431247,64148,131266,135195,100632
５人以上,F 電気・ガス・熱供給・水道業,平成26,2014,1月,500219,519796,352426,497891,517303,351341,433212,64679,2328,2493,1085
５人以上,F 電気・ガス・熱供給・水道業,平成26,2014,2月,502528,521743,358161,500766,519938,356727,432275,68491,1762,1805,1434
５人以上,F 電気・ガス・熱供給・水道業,平成26,2014,3月,516059,535202,373176,509938,529320,365273,433134,76804,6121,5882,7903
５人以上,F 電気・ガス・熱供給・水道業,平成26,2014,4月,539036,557610,399329,505831,524149,368048,435366,70465,33205,33461,31281
５人以上,F 電気・ガス・熱供給・水道業,平成26,2014,5月,502928,520618,368569,500097,517554,367509,431845,68252,2831,3064,1060
５人以上,F 電気・ガス・熱供給・水道業,平成26,2014,6月,1224420,1274205,871609,480362,497669,357714,441431,38931,744058,776536,513895
５人以上,F 電気・ガス・熱供給・水道業,平成26,2014,7月,487947,500853,380008,483517,496094,378327,419465,64052,4430,4759,1681
５人以上,F 電気・ガス・熱供給・水道業,平成26,2014,8月,492059,506386,373987,489987,504191,372923,427764,62223,2072,2195,1064
５人以上,F 電気・ガス・熱供給・水道業,平成26,2014,9月,477088,489448,375354,471561,483398,374133,410157,61404,5527,6050,1221
５人以上,F 電気・ガス・熱供給・水道業,平成26,2014,10月,541303,559269,394659,510934,527717,373945,444988,65946,30369,31552,20714
５人以上,F 電気・ガス・熱供給・水道業,平成26,2014,11月,503606,520191,369672,500858,517233,368614,432591,68267,2748,2958,1058
５人以上,F 電気・ガス・熱供給・水道業,平成26,2014,12月,1228179,1261856,956416,492634,508847,361800,432111,60523,735545,753009,594616
５人以上,G 情報通信業,平成18,2006,年平均,522434,572771,368270,411446,448030,299400,368201,43245,110988,124741,68870
５人以上,G 情報通信業,平成19,2007,年平均,497158,538098,356909,383066,412109,283571,347088,35978,114092,125989,73338
５人以上,G 情報通信業,平成20,2008,年平均,491395,528820,356171,388457,416724,286325,352255,36202,102938,112096,69846
５人以上,G 情報通信業,平成21,2009,年平均,510305,551420,391515,398688,429976,308291,359991,38697,111617,121444,83224
５人以上,G 情報通信業,平成22,2010,年平均,512736,555933,396945,405051,437620,317748,365854,39197,107685,118313,79197
５人以上,G 情報通信業,平成23,2011,年平均,524165,567003,403031,411570,444933,317227,370883,40687,112595,122070,85804
５人以上,G 情報通信業,平成24,2012,年平均,550759,600247,396827,439928,477931,321720,397811,42117,110831,122316,75107
５人以上,G 情報通信業,平成25,2013,年平均,560070,605895,415463,438248,472666,329638,396812,41436,121822,133229,85825
５人以上,G 情報通信業,平成26,2014,年平均,564839,610563,424444,437812,471469,334468,393440,44372,127027,139094,89976
５人以上,G 情報通信業,平成26,2014,1月,437913,470970,333375,431172,464752,324982,390347,40825,6741,6218,8393
５人以上,G 情報通信業,平成26,2014,2月,443369,477201,334573,439280,472914,331121,396538,42742,4089,4287,3452
５人以上,G 情報通信業,平成26,2014,3月,481726,519352,365729,440778,475731,333021,397801,42977,40948,43621,32708
５人以上,G 情報通信業,平成26,2014,4月,463697,496268,359533,450121,482507,346548,403365,46756,13576,13761,12985
５人以上,G 情報通信業,平成26,2014,5月,447907,481298,343281,435438,468214,332738,387032,48406,12469,13084,10543
５人以上,G 情報通信業,平成26,2014,6月,1022769,1114252,737598,434515,466796,333889,389386,45129,588254,647456,403709
５人以上,G 情報通信業,平成26,2014,7月,521020,561151,398811,431711,462495,337964,386013,45698,89309,98656,60847
５人以上,G 情報通信業,平成26,2014,8月,445612,479075,344425,437673,470558,338236,391748,45925,7939,8517,6189
５人以上,G 情報通信業,平成26,2014,9月,477610,513277,370916,436009,470288,333465,395436,40573,41601,42989,37451
５人以上,G 情報通信業,平成26,2014,10月,452668,490359,341253,444224,481046,335380,400099,44125,8444,9313,5873
５人以上,G 情報通信業,平成26,2014,11月,453693,486223,357026,440271,475194,336494,394475,45796,13422,11029,20532
５人以上,G 情報通信業,平成26,2014,12月,1116656,1226075,790505,432670,467287,329485,389344,43326,683986,758788,461020
５人以上,"H 運輸業,郵便業",平成18,2006,年平均,428614,470807,266495,349710,386966,206559,295497,54213,78904,83841,59936
５人以上,"H 運輸業,郵便業",平成19,2007,年平均,439053,462631,282400,356247,375475,228494,304844,51403,82806,87156,53906
５人以上,"H 運輸業,郵便業",平成20,2008,年平均,445982,470451,290666,355851,375078,233811,304675,51176,90131,95373,56855
５人以上,"H 運輸業,郵便業",平成21,2009,年平均,438347,468844,302729,364318,389303,253212,322855,41463,74029,79541,49517
５人以上,"H 運輸業,郵便業",平成22,2010,年平均,431944,458257,315698,361010,383595,261233,319354,41656,70934,74662,54465
５人以上,"H 運輸業,郵便業",平成23,2011,年平均,418570,445643,302952,350886,374628,249492,309312,41574,67684,71015,53460
５人以上,"H 運輸業,郵便業",平成24,2012,年平均,422285,450449,289330,346992,370176,237548,309397,37595,75293,80273,51782
５人以上,"H 運輸業,郵便業",平成25,2013,年平均,441511,474351,293662,357004,382551,241990,316101,40903,84507,91800,51672
５人以上,"H 運輸業,郵便業",平成26,2014,年平均,443256,480226,293982,357772,387022,239670,314062,43710,85484,93204,54312
５人以上,"H 運輸業,郵便業",平成26,2014,1月,390025,424882,239137,360420,390261,231244,313937,46483,29605,34621,7893
５人以上,"H 運輸業,郵便業",平成26,2014,2月,360642,386992,249174,356849,383250,245166,315525,41324,3793,3742,4008
５人以上,"H 運輸業,郵便業",平成26,2014,3月,380922,409896,259446,359519,386764,245289,314261,45258,21403,23132,14157
５人以上,"H 運輸業,郵便業",平成26,2014,4月,386475,414656,268432,364108,389726,256800,318688,45420,22367,24930,11632
５人以上,"H 運輸業,郵便業",平成26,2014,5月,365154,390189,264122,351164,379583,236474,312454,38710,13990,10606,27648
５人以上,"H 運輸業,郵便業",平成26,2014,6月,619599,677911,391641,357608,387829,239466,316231,41377,261991,290082,152175
５人以上,"H 運輸業,郵便業",平成26,2014,7月,526172,568550,361463,360097,389794,244675,316853,43244,166075,178756,116788
５人以上,"H 運輸業,郵便業",平成26,2014,8月,365630,395257,243728,354381,382934,236897,312721,41660,11249,12323,6831
５人以上,"H 運輸業,郵便業",平成26,2014,9月,358102,388410,241056,353238,383718,235528,313090,40148,4864,4692,5528
５人以上,"H 運輸業,郵便業",平成26,2014,10月,365955,399539,237700,354034,385649,233302,309957,44077,11921,13890,4398
５人以上,"H 運輸業,郵便業",平成26,2014,11月,360894,392489,234695,357903,389184,232956,310959,46944,2991,3305,1739
５人以上,"H 運輸業,郵便業",平成26,2014,12月,835576,914394,524077,363937,395525,239096,314112,49825,471639,518869,284981
５人以上,"I 卸売業,小売業",平成18,2006,年平均,414415,524134,245767,321943,399253,203112,308309,13634,92472,124881,42655
５人以上,"I 卸売業,小売業",平成19,2007,年平均,395169,509062,227438,310178,390339,192125,296828,13350,84991,118723,35313
５人以上,"I 卸売業,小売業",平成20,2008,年平均,417474,536215,241764,325187,409686,200147,311531,13656,92287,126529,41617
５人以上,"I 卸売業,小売業",平成21,2009,年平均,379144,486361,230218,308623,389280,196589,295343,13280,70521,97081,33629
５人以上,"I 卸売業,小売業",平成22,2010,年平均,391655,494674,242908,313155,388599,204223,299748,13407,78500,106075,38685
５人以上,"I 卸売業,小売業",平成23,2011,年平均,380679,485277,237046,305395,382199,199927,293205,12190,75284,103078,37119
５人以上,"I 卸売業,小売業",平成24,2012,年平均,372922,483489,236550,299894,381150,199673,286564,13330,73028,102339,36877
５人以上,"I 卸売業,小売業",平成25,2013,年平均,372263,484363,235919,298750,380911,198820,284611,14139,73513,103452,37099
５人以上,"I 卸売業,小売業",平成26,2014,年平均,372738,485085,238674,297160,378121,200548,283474,13686,75578,106964,38126
５人以上,"I 卸売業,小売業",平成26,2014,1月,310990,394911,207975,300083,380062,201906,286704,13379,10907,14849,6069
５人以上,"I 卸売業,小売業",平成26,2014,2月,310063,395972,206899,300793,382991,202086,287257,13536,9270,12981,4813
５人以上,"I 卸売業,小売業",平成26,2014,3月,341078,449553,215220,296597,381424,198177,282660,13937,44481,68129,17043
５人以上,"I 卸売業,小売業",平成26,2014,4月,317153,401040,217530,303711,383645,208782,288214,15497,13442,17395,8748
５人以上,"I 卸売業,小売業",平成26,2014,5月,309235,392845,209660,298093,378010,202916,284210,13883,11142,14835,6744
５人以上,"I 卸売業,小売業",平成26,2014,6月,535862,710786,326140,299859,379638,204209,286630,13229,236003,331148,121931
５人以上,"I 卸売業,小売業",平成26,2014,7月,477803,639940,286753,292968,373522,198050,279624,13344,184835,266418,88703
５人以上,"I 卸売業,小売業",平成26,2014,8月,309907,397094,206668,296538,378399,199606,283236,13302,13369,18695,7062
５人以上,"I 卸売業,小売業",平成26,2014,9月,306793,390247,207020,296347,377018,199901,283853,12494,10446,13229,7119
５人以上,"I 卸売業,小売業",平成26,2014,10月,300253,383588,200733,292258,372987,195851,278749,13509,7995,10601,4882
５人以上,"I 卸売業,小売業",平成26,2014,11月,309773,396169,205402,295921,376562,198502,281721,14200,13852,19607,6900
５人以上,"I 卸売業,小売業",平成26,2014,12月,642843,868519,373201,292788,373264,196634,278860,13928,350055,495255,176567
５人以上,"J 金融業,保険業",平成18,2006,年平均,627859,808273,384040,455331,577704,289951,423334,31997,172528,230569,94089
５人以上,"J 金融業,保険業",平成19,2007,年平均,645561,844755,386025,471833,603472,300316,440641,31192,173728,241283,85709
５人以上,"J 金融業,保険業",平成20,2008,年平均,654133,861570,389562,466242,599252,296598,435805,30437,187891,262318,92964
５人以上,"J 金融業,保険業",平成21,2009,年平均,620998,778205,388068,476939,591154,307709,444472,32467,144059,187051,80359
５人以上,"J 金融業,保険業",平成22,2010,年平均,649222,816232,402203,486732,602408,315639,456804,29928,162490,213824,86564
５人以上,"J 金融業,保険業",平成23,2011,年平均,640735,816855,396243,482310,604878,312160,453256,29054,158425,211977,84083
５人以上,"J 金融業,保険業",平成24,2012,年平均,591254,788932,360205,450894,591998,285970,415572,35322,140360,196934,74235
５人以上,"J 金融業,保険業",平成25,2013,年平均,608622,822396,369020,448534,592968,286649,414253,34281,160088,229428,82371
５人以上,"J 金融業,保険業",平成26,2014,年平均,607589,825186,367682,447326,593673,285974,413325,34001,160263,231513,81708
５人以上,"J 金融業,保険業",平成26,2014,1月,476573,644903,293596,439967,588468,278544,408493,31474,36606,56435,15052
５人以上,"J 金融業,保険業",平成26,2014,2月,447830,603475,280525,438420,590506,274941,406168,32252,9410,12969,5584
５人以上,"J 金融業,保険業",平成26,2014,3月,508276,682589,316135,444831,593205,281282,411317,33514,63445,89384,34853
５人以上,"J 金融業,保険業",平成26,2014,4月,460550,614395,295910,450279,599936,290120,412986,37293,10271,14459,5790
５人以上,"J 金融業,保険業",平成26,2014,5月,604602,842327,347475,448110,595147,289072,411385,36725,156492,247180,58403
５人以上,"J 金融業,保険業",平成26,2014,6月,1178895,1658987,652309,445616,591876,285192,411733,33883,733279,1067111,367117
５人以上,"J 金融業,保険業",平成26,2014,7月,553278,734897,351634,448554,591865,289441,413393,35161,104724,143032,62193
５人以上,"J 金融業,保険業",平成26,2014,8月,457592,600770,295673,451437,593039,291299,417323,34114,6155,7731,4374
５人以上,"J 金融業,保険業",平成26,2014,9月,463275,604862,302758,449780,591822,288748,418489,31291,13495,13040,14010
５人以上,"J 金融業,保険業",平成26,2014,10月,460390,607600,294774,451002,594536,289521,415802,35200,9388,13064,5253
５人以上,"J 金融業,保険業",平成26,2014,11月,463088,613238,297020,452893,601451,288585,418097,34796,10195,11787,8435
５人以上,"J 金融業,保険業",平成26,2014,12月,1213689,1688839,684221,446980,592257,285096,414733,32247,766709,1096582,399125
５人以上,"K 不動産業,物品賃貸業",平成18,2006,年平均,－,－,－,－,－,－,－,－,－,－,－
５人以上,"K 不動産業,物品賃貸業",平成19,2007,年平均,－,－,－,－,－,－,－,－,－,－,－
５人以上,"K 不動産業,物品賃貸業",平成20,2008,年平均,－,－,－,－,－,－,－,－,－,－,－
５人以上,"K 不動産業,物品賃貸業",平成21,2009,年平均,－,－,－,－,－,－,－,－,－,－,－
５人以上,"K 不動産業,物品賃貸業",平成22,2010,年平均,432943,505861,270378,345556,400137,223871,324045,21511,87387,105724,46507
５人以上,"K 不動産業,物品賃貸業",平成23,2011,年平均,399154,461883,267235,319841,367145,220361,299174,20667,79313,94738,46874
５人以上,"K 不動産業,物品賃貸業",平成24,2012,年平均,379867,451317,252747,304090,357962,208244,286986,17104,75777,93355,44503
５人以上,"K 不動産業,物品賃貸業",平成25,2013,年平均,414442,484957,276638,326307,378075,225140,307832,18475,88135,106882,51498
５人以上,"K 不動産業,物品賃貸業",平成26,2014,年平均,439195,508727,296392,346359,397676,240965,324883,21476,92836,111051,55427
５人以上,"K 不動産業,物品賃貸業",平成26,2014,1月,349513,403631,238702,337757,388816,233211,318178,19579,11756,14815,5491
５人以上,"K 不動産業,物品賃貸業",平成26,2014,2月,341105,391743,236967,336638,386297,234514,317272,19366,4467,5446,2453
５人以上,"K 不動産業,物品賃貸業",平成26,2014,3月,366578,421988,253971,348562,401482,241014,327114,21448,18016,20506,12957
５人以上,"K 不動産業,物品賃貸業",平成26,2014,4月,364583,416641,263107,347501,397007,251000,322498,25003,17082,19634,12107
５人以上,"K 不動産業,物品賃貸業",平成26,2014,5月,368172,424281,255751,350970,403190,246341,328145,22825,17202,21091,9410
５人以上,"K 不動産業,物品賃貸業",平成26,2014,6月,706252,834515,447119,354685,408794,245367,332279,22406,351567,425721,201752
５人以上,"K 不動産業,物品賃貸業",平成26,2014,7月,486137,561428,329905,346546,396444,243007,325138,21408,139591,164984,86898
５人以上,"K 不動産業,物品賃貸業",平成26,2014,8月,356680,409934,246930,345623,396954,239835,325766,19857,11057,12980,7095
５人以上,"K 不動産業,物品賃貸業",平成26,2014,9月,366517,419487,256087,347508,398463,241279,326744,20764,19009,21024,14808
５人以上,"K 不動産業,物品賃貸業",平成26,2014,10月,355165,408836,244559,343508,395673,236004,323076,20432,11657,13163,8555
５人以上,"K 不動産業,物品賃貸業",平成26,2014,11月,378238,431804,263294,345193,394829,238680,323770,21423,33045,36975,24614
５人以上,"K 不動産業,物品賃貸業",平成26,2014,12月,829140,973912,522640,351597,404015,240620,328414,23183,477543,569897,282020
５人以上,"L 学術研究,専門・技術サービス業",平成18,2006,年平均,－,－,－,－,－,－,－,－,－,－,－
５人以上,"L 学術研究,専門・技術サービス業",平成19,2007,年平均,－,－,－,－,－,－,－,－,－,－,－
５人以上,"L 学術研究,専門・技術サービス業",平成20,2008,年平均,－,－,－,－,－,－,－,－,－,－,－
５人以上,"L 学術研究,専門・技術サービス業",平成21,2009,年平均,－,－,－,－,－,－,－,－,－,－,－
５人以上,"L 学術研究,専門・技術サービス業",平成22,2010,年平均,520119,598781,358986,428960,492328,299156,398231,30729,91159,106453,59830
５人以上,"L 学術研究,専門・技術サービス業",平成23,2011,年平均,526281,603458,370708,437372,500451,310219,405802,31570,88909,103007,60489
５人以上,"L 学術研究,専門・技術サービス業",平成24,2012,年平均,537018,597457,395589,436488,483260,327041,398557,37931,100530,114197,68548
５人以上,"L 学術研究,専門・技術サービス業",平成25,2013,年平均,505197,555536,382952,412870,451304,319536,375057,37813,92327,104232,63416
５人以上,"L 学術研究,専門・技術サービス業",平成26,2014,年平均,501422,555872,377174,405466,447368,309852,368112,37354,95956,108504,67322
５人以上,"L 学術研究,専門・技術サービス業",平成26,2014,1月,422955,462952,330369,408279,452278,306428,376494,31785,14676,10674,23941
５人以上,"L 学術研究,専門・技術サービス業",平成26,2014,2月,408025,449672,312154,404587,445959,309349,370959,33628,3438,3713,2805
５人以上,"L 学術研究,専門・技術サービス業",平成26,2014,3月,418059,460598,320999,408639,450500,313127,367396,41243,9420,10098,7872
５人以上,"L 学術研究,専門・技術サービス業",平成26,2014,4月,412462,457188,312806,407118,451279,308721,369121,37997,5344,5909,4085
５人以上,"L 学術研究,専門・技術サービス業",平成26,2014,5月,418751,461270,323179,403741,446640,307317,363500,40241,15010,14630,15862
５人以上,"L 学術研究,専門・技術サービス業",平成26,2014,6月,732773,845761,480003,406507,450646,307762,363165,43342,326266,395115,172241
５人以上,"L 学術研究,専門・技術サービス業",平成26,2014,7月,528187,578972,412915,403506,444953,309430,367151,36355,124681,134019,103485
５人以上,"L 学術研究,専門・技術サービス業",平成26,2014,8月,408380,446840,317128,401869,441299,308317,367127,34742,6511,5541,8811
５人以上,"L 学術研究,専門・技術サービス業",平成26,2014,9月,587471,664969,415297,426473,473485,322029,389019,37454,160998,191484,93268
５人以上,"L 学術研究,専門・技術サービス業",平成26,2014,10月,410946,448539,325980,397112,436768,307486,360659,36453,13834,11771,18494
５人以上,"L 学術研究,専門・技術サービス業",平成26,2014,11月,420071,458670,329537,400810,439825,309300,363054,37756,19261,18845,20237
５人以上,"L 学術研究,専門・技術サービス業",平成26,2014,12月,839288,926105,638620,396997,435230,308626,360051,36946,442291,490875,329994
５人以上,"M 宿泊業,飲食サービス業",平成18,2006,年平均,－,－,－,－,－,－,－,－,－,－,－
５人以上,"M 宿泊業,飲食サービス業",平成19,2007,年平均,－,－,－,－,－,－,－,－,－,－,－
５人以上,"M 宿泊業,飲食サービス業",平成20,2008,年平均,－,－,－,－,－,－,－,－,－,－,－
５人以上,"M 宿泊業,飲食サービス業",平成21,2009,年平均,－,－,－,－,－,－,－,－,－,－,－
５人以上,"M 宿泊業,飲食サービス業",平成22,2010,年平均,161383,219671,110598,151730,203670,106475,144050,7680,9653,16001,4123
５人以上,"M 宿泊業,飲食サービス業",平成23,2011,年平均,159523,216489,106901,149277,200324,102122,143167,6110,10246,16165,4779
５人以上,"M 宿泊業,飲食サービス業",平成24,2012,年平均,163021,223057,114589,151503,205106,108261,142547,8956,11518,17951,6328
５人以上,"M 宿泊業,飲食サービス業",平成25,2013,年平均,162522,218850,115421,149730,199390,108204,139360,10370,12792,19460,7217
５人以上,"M 宿泊業,飲食サービス業",平成26,2014,年平均,166228,224670,118660,152255,203030,110927,141283,10972,13973,21640,7733
５人以上,"M 宿泊業,飲食サービス業",平成26,2014,1月,152661,203668,112264,148282,197155,109575,136879,11403,4379,6513,2689
５人以上,"M 宿泊業,飲食サービス業",平成26,2014,2月,153625,205919,111291,151928,204137,109663,140191,11737,1697,1782,1628
５人以上,"M 宿泊業,飲食サービス業",平成26,2014,3月,158173,214074,113599,152500,204956,110672,141631,10869,5673,9118,2927
５人以上,"M 宿泊業,飲食サービス業",平成26,2014,4月,156744,208695,115579,155469,206713,114864,143755,11714,1275,1982,715
５人以上,"M 宿泊業,飲食サービス業",平成26,2014,5月,153379,204684,113208,150750,200342,111919,140482,10268,2629,4342,1289
５人以上,"M 宿泊業,飲食サービス業",平成26,2014,6月,187069,264524,126038,150801,199730,112247,139912,10889,36268,64794,13791
５人以上,"M 宿泊業,飲食サービス業",平成26,2014,7月,188106,244134,141348,150753,197175,112012,140135,10618,37353,46959,29336
５人以上,"M 宿泊業,飲食サービス業",平成26,2014,8月,155858,207774,112465,153854,204098,111858,143034,10820,2004,3676,607
５人以上,"M 宿泊業,飲食サービス業",平成26,2014,9月,162923,223604,112237,159716,218476,110635,148719,10997,3207,5128,1602
５人以上,"M 宿泊業,飲食サービス業",平成26,2014,10月,152379,202079,110794,151150,199957,110312,140230,10920,1229,2122,482
５人以上,"M 宿泊業,飲食サービス業",平成26,2014,11月,162147,211352,122004,146266,196513,105274,135996,10270,15881,14839,16730
５人以上,"M 宿泊業,飲食サービス業",平成26,2014,12月,209885,301149,132599,155512,206752,112120,144306,11206,54373,94397,20479
５人以上,"N 生活関連サービス業,娯楽業",平成18,2006,年平均,－,－,－,－,－,－,－,－,－,－,－
５人以上,"N 生活関連サービス業,娯楽業",平成19,2007,年平均,－,－,－,－,－,－,－,－,－,－,－
５人以上,"N 生活関連サービス業,娯楽業",平成20,2008,年平均,－,－,－,－,－,－,－,－,－,－,－
５人以上,"N 生活関連サービス業,娯楽業",平成21,2009,年平均,－,－,－,－,－,－,－,－,－,－,－
５人以上,"N 生活関連サービス業,娯楽業",平成22,2010,年平均,256482,318828,198408,229168,281954,179998,216997,12171,27314,36874,18410
５人以上,"N 生活関連サービス業,娯楽業",平成23,2011,年平均,267437,340131,199711,236206,296788,179765,224764,11442,31231,43343,19946
５人以上,"N 生活関連サービス業,娯楽業",平成24,2012,年平均,291358,370920,207542,252158,315203,185743,239740,12418,39200,55717,21799
５人以上,"N 生活関連サービス業,娯楽業",平成25,2013,年平均,287355,364701,217308,247465,306131,194335,234812,12653,39890,58570,22973
５人以上,"N 生活関連サービス業,娯楽業",平成26,2014,年平均,285610,357927,220571,247401,303682,196784,232926,14475,38209,54245,23787
５人以上,"N 生活関連サービス業,娯楽業",平成26,2014,1月,249476,299415,202712,240469,290886,193257,226360,14109,9007,8529,9455
５人以上,"N 生活関連サービス業,娯楽業",平成26,2014,2月,253931,303607,208633,250645,299493,206102,236987,13658,3286,4114,2531
５人以上,"N 生活関連サービス業,娯楽業",平成26,2014,3月,259192,312992,210958,252728,305187,205696,238705,14023,6464,7805,5262
５人以上,"N 生活関連サービス業,娯楽業",平成26,2014,4月,256362,309499,210212,252144,304664,206529,234746,17398,4218,4835,3683
５人以上,"N 生活関連サービス業,娯楽業",平成26,2014,5月,258580,313431,210400,256315,311160,208139,239601,16714,2265,2271,2261
５人以上,"N 生活関連サービス業,娯楽業",平成26,2014,6月,383965,484868,295657,249460,299075,206038,232806,16654,134505,185793,89619
５人以上,"N 生活関連サービス業,娯楽業",平成26,2014,7月,343283,450587,247609,239834,296964,188895,223578,16256,103449,153623,58714
５人以上,"N 生活関連サービス業,娯楽業",平成26,2014,8月,239412,300140,186033,238466,298913,185334,226893,11573,946,1227,699
５人以上,"N 生活関連サービス業,娯楽業",平成26,2014,9月,252362,315378,196532,247318,309021,192652,234430,12888,5044,6357,3880
５人以上,"N 生活関連サービス業,娯楽業",平成26,2014,10月,251665,316870,193093,246004,309201,189235,233096,12908,5661,7669,3858
５人以上,"N 生活関連サービス業,娯楽業",平成26,2014,11月,266640,338758,199425,253833,318953,193140,240067,13766,12807,19805,6285
５人以上,"N 生活関連サービス業,娯楽業",平成26,2014,12月,408303,539616,284184,241913,300485,186549,228208,13705,166390,239131,97635
５人以上,"O 教育,学習支援業",平成18,2006,年平均,445034,529851,361881,332062,390772,274504,324478,7584,112972,139079,87377
５人以上,"O 教育,学習支援業",平成19,2007,年平均,489442,581658,389456,361109,426458,290254,346258,14851,128333,155200,99202
５人以上,"O 教育,学習支援業",平成20,2008,年平均,486084,584866,366624,353877,417694,276701,338868,15009,132207,167172,89923
５人以上,"O 教育,学習支援業",平成21,2009,年平均,443303,541608,334841,331563,400054,255995,324826,6737,111740,141554,78846
５人以上,"O 教育,学習支援業",平成22,2010,年平均,456012,561323,341527,344514,418196,264412,337833,6681,111498,143127,77115
５人以上,"O 教育,学習支援業",平成23,2011,年平均,447272,556791,330482,339430,414567,259304,333271,6159,107842,142224,71178
５人以上,"O 教育,学習支援業",平成24,2012,年平均,412285,481831,338853,321585,371520,268860,314195,7390,90700,110311,69993
５人以上,"O 教育,学習支援業",平成25,2013,年平均,440224,523668,345558,333318,389510,269570,325525,7793,106906,134158,75988
５人以上,"O 教育,学習支援業",平成26,2014,年平均,428092,507380,340035,326513,383478,263249,318892,7621,101579,123902,76786
５人以上,"O 教育,学習支援業",平成26,2014,1月,333266,390448,264523,328736,384433,261778,322167,6569,4530,6015,2745
５人以上,"O 教育,学習支援業",平成26,2014,2月,335327,390613,268144,333158,387967,266554,325111,8047,2169,2646,1590
５人以上,"O 教育,学習支援業",平成26,2014,3月,375198,444995,292718,341429,402402,269376,332589,8840,33769,42593,23342
５人以上,"O 教育,学習支援業",平成26,2014,4月,375238,442455,296664,349540,410952,277752,339065,10475,25698,31503,18912
５人以上,"O 教育,学習支援業",平成26,2014,5月,343396,403614,275189,333167,394113,264135,323969,9198,10229,9501,11054
５人以上,"O 教育,学習支援業",平成26,2014,6月,744715,894525,573718,326863,384715,260829,318906,7957,417852,509810,312889
５人以上,"O 教育,学習支援業",平成26,2014,7月,380535,445446,312780,315864,371283,258016,308666,7198,64671,74163,54764
５人以上,"O 教育,学習支援業",平成26,2014,8月,338150,403224,270485,320865,377831,261631,313809,7056,17285,25393,8854
５人以上,"O 教育,学習支援業",平成26,2014,9月,327840,387318,265794,321908,379214,262128,316584,5324,5932,8104,3666
５人以上,"O 教育,学習支援業",平成26,2014,10月,347731,408648,282880,321510,376025,263475,314954,6556,26221,32623,19405
５人以上,"O 教育,学習支援業",平成26,2014,11月,324946,379250,268012,315445,370502,257721,308285,7160,9501,8748,10291
５人以上,"O 教育,学習支援業",平成26,2014,12月,898234,1086522,696037,311150,361064,257548,303980,7170,587084,725458,438489
５人以上,"P 医療,福祉",平成18,2006,年平均,374793,559359,308715,293731,430920,244615,277412,16319,81062,128439,64100
５人以上,"P 医療,福祉",平成19,2007,年平均,354338,487943,314149,285418,397991,251556,270885,14533,68920,89952,62593
５人以上,"P 医療,福祉",平成20,2008,年平均,366662,513383,325218,295914,422364,260196,279455,16459,70748,91019,65022
５人以上,"P 医療,福祉",平成21,2009,年平均,345684,449304,311544,288100,386360,255726,272044,16056,57584,62944,55818
５人以上,"P 医療,福祉",平成22,2010,年平均,347116,457879,309835,288825,392150,254048,270388,18437,58291,65729,55787
５人以上,"P 医療,福祉",平成23,2011,年平均,335533,442366,300349,278047,375683,245892,260025,18022,57486,66683,54457
５人以上,"P 医療,福祉",平成24,2012,年平均,340396,466756,293011,288512,400816,246398,270997,17515,51884,65940,46613
５人以上,"P 医療,福祉",平成25,2013,年平均,342758,475513,291546,289555,407175,244182,271901,17654,53203,68338,47364
５人以上,"P 医療,福祉",平成26,2014,年平均,340286,453342,295330,283722,381652,244780,266373,17349,56564,71690,50550
５人以上,"P 医療,福祉",平成26,2014,1月,281990,378355,242723,279017,375531,239690,261651,17366,2973,2824,3033
５人以上,"P 医療,福祉",平成26,2014,2月,285004,384366,245313,282741,381240,243394,264484,18257,2263,3126,1919
５人以上,"P 医療,福祉",平成26,2014,3月,285800,381668,247839,275928,367743,239571,258388,17540,9872,13925,8268
５人以上,"P 医療,福祉",平成26,2014,4月,302658,407457,261821,289822,392564,249786,271213,18609,12836,14893,12035
５人以上,"P 医療,福祉",平成26,2014,5月,286023,385332,246892,282031,380715,243147,264372,17659,3992,4617,3745
５人以上,"P 医療,福祉",平成26,2014,6月,479045,656182,409340,286102,383336,247840,268399,17703,192943,272846,161500
５人以上,"P 医療,福祉",平成26,2014,7月,371757,472883,331132,285679,384488,245985,268459,17220,86078,88395,85147
５人以上,"P 医療,福祉",平成26,2014,8月,284648,379863,246475,282493,377962,244219,265771,16722,2155,1901,2256
５人以上,"P 医療,福祉",平成26,2014,9月,287492,389699,246858,284651,383499,245352,267685,16966,2841,6200,1506
５人以上,"P 医療,福祉",平成26,2014,10月,293296,395135,252466,287178,387403,246995,270471,16707,6118,7732,5471
５人以上,"P 医療,福祉",平成26,2014,11月,321377,439768,274642,285789,382270,247703,267353,18436,35588,57498,26939
５人以上,"P 医療,福祉",平成26,2014,12月,600140,767337,533937,283028,382995,243445,267981,15047,317112,384342,290492
５人以上,Q 複合サービス事業,平成18,2006,年平均,389842,467141,214236,300403,358753,167846,272206,28197,89439,108388,46390
５人以上,Q 複合サービス事業,平成19,2007,年平均,428395,487287,270817,341269,389418,212437,313838,27431,87126,97869,58380
５人以上,Q 複合サービス事業,平成20,2008,年平均,490192,564342,304022,374668,429662,236593,352101,22567,115524,134680,67429
５人以上,Q 複合サービス事業,平成21,2009,年平均,499713,605329,298431,380485,457693,233343,357429,23056,119228,147636,65088
５人以上,Q 複合サービス事業,平成22,2010,年平均,507640,599775,316557,378824,444804,241985,348741,30083,128816,154971,74572
５人以上,Q 複合サービス事業,平成23,2011,年平均,474333,556236,303417,378106,441848,245089,352603,25503,96227,114388,58328
５人以上,Q 複合サービス事業,平成24,2012,年平均,368945,474242,259265,297527,378185,213512,280201,17326,71418,96057,45753
５人以上,Q 複合サービス事業,平成25,2013,年平均,399988,516805,285634,306643,391742,223337,288998,17645,93345,125063,62297
５人以上,Q 複合サービス事業,平成26,2014,年平均,415608,512478,308444,321480,393939,241321,302831,18649,94128,118539,67123
５人以上,Q 複合サービス事業,平成26,2014,1月,323972,408462,239718,323386,407660,239348,301504,21882,586,802,370
５人以上,Q 複合サービス事業,平成26,2014,2月,324215,401053,244410,323702,400654,243779,303116,20586,513,399,631
５人以上,Q 複合サービス事業,平成26,2014,3月,429174,542844,312333,327326,404354,248149,307488,19838,101848,138490,64184
５人以上,Q 複合サービス事業,平成26,2014,4月,346370,432553,257454,320356,397111,241166,299697,20659,26014,35442,16288
５人以上,Q 複合サービス事業,平成26,2014,5月,326833,400165,251092,324026,398001,247622,304445,19581,2807,2164,3470
５人以上,Q 複合サービス事業,平成26,2014,6月,714990,871753,553502,325503,399149,249637,307150,18353,389487,472604,303865
５人以上,Q 複合サービス事業,平成26,2014,7月,368947,458433,262591,320658,391415,236563,302763,17895,48289,67018,26028
５人以上,Q 複合サービス事業,平成26,2014,8月,322064,393381,236399,317151,386661,233658,302292,14859,4913,6720,2741
５人以上,Q 複合サービス事業,平成26,2014,9月,317241,386438,234757,314038,381847,233208,300875,13163,3203,4591,1549
５人以上,Q 複合サービス事業,平成26,2014,10月,346616,422295,256461,320606,388249,240024,303150,17456,26010,34046,16437
５人以上,Q 複合サービス事業,平成26,2014,11月,321975,391069,239384,319926,388447,238020,299099,20827,2049,2622,1364
５人以上,Q 複合サービス事業,平成26,2014,12月,848626,1043737,615893,321013,386476,242927,302392,18621,527613,657261,372966
５人以上,R サービス業（他に分類されないもの）,平成18,2006,年平均,－,－,－,－,－,－,－,－,－,－,－
５人以上,R サービス業（他に分類されないもの）,平成19,2007,年平均,－,－,－,－,－,－,－,－,－,－,－
５人以上,R サービス業（他に分類されないもの）,平成20,2008,年平均,－,－,－,－,－,－,－,－,－,－,－
５人以上,R サービス業（他に分類されないもの）,平成21,2009,年平均,－,－,－,－,－,－,－,－,－,－,－
５人以上,R サービス業（他に分類されないもの）,平成22,2010,年平均,330929,416179,234136,281874,345355,209798,261509,20365,49055,70824,24338
５人以上,R サービス業（他に分類されないもの）,平成23,2011,年平均,321627,414186,223572,273042,341393,200633,253232,19810,48585,72793,22939
５人以上,R サービス業（他に分類されないもの）,平成24,2012,年平均,305251,377320,213479,263844,318189,194642,239628,24216,41407,59131,18837
５人以上,R サービス業（他に分類されないもの）,平成25,2013,年平均,308779,380043,217615,263450,317086,194837,239690,23760,45329,62957,22778
５人以上,R サービス業（他に分類されないもの）,平成26,2014,年平均,312354,387887,218860,265278,322599,194327,240548,24730,47076,65288,24533
５人以上,R サービス業（他に分類されないもの）,平成26,2014,1月,262272,321017,192508,255753,311823,189166,232361,23392,6519,9194,3342
５人以上,R サービス業（他に分類されないもの）,平成26,2014,2月,265225,323989,193486,258215,315541,188232,234059,24156,7010,8448,5254
５人以上,R サービス業（他に分類されないもの）,平成26,2014,3月,284232,349018,200521,268484,326121,194010,240715,27769,15748,22897,6511
５人以上,R サービス業（他に分類されないもの）,平成26,2014,4月,275887,332054,205314,269164,322766,201815,243785,25379,6723,9288,3499
５人以上,R サービス業（他に分類されないもの）,平成26,2014,5月,267469,323107,200842,262405,317178,196813,238653,23752,5064,5929,4029
５人以上,R サービス業（他に分類されないもの）,平成26,2014,6月,437532,553919,293461,267369,323512,197871,244067,23302,170163,230407,95590
５人以上,R サービス業（他に分類されないもの）,平成26,2014,7月,342557,424230,234122,276985,332985,202636,250820,26165,65572,91245,31486
５人以上,R サービス業（他に分類されないもの）,平成26,2014,8月,277461,342076,198029,263557,319789,194431,239880,23677,13904,22287,3598
５人以上,R サービス業（他に分類されないもの）,平成26,2014,9月,273430,335921,197300,265350,325698,191831,241343,24007,8080,10223,5469
５人以上,R サービス業（他に分類されないもの）,平成26,2014,10月,277738,341017,200475,269023,328211,196755,243880,25143,8715,12806,3720
５人以上,R サービス業（他に分類されないもの）,平成26,2014,11月,275757,339616,197570,261517,321789,187721,236158,25359,14240,17827,9849
５人以上,R サービス業（他に分類されないもの）,平成26,2014,12月,506778,661190,314003,265496,324967,191251,240807,24689,241282,336223,122752
５人以上,E09、10 食料品製造業、飲料・たばこ・飼料製造業,平成18,2006,年平均,422746,522766,256805,333745,404601,216191,309477,24268,89001,118165,40614
５人以上,E09、10 食料品製造業、飲料・たばこ・飼料製造業,平成19,2007,年平均,368362,490957,207134,294653,384913,175949,271332,23321,73709,106044,31185
５人以上,E09、10 食料品製造業、飲料・たばこ・飼料製造業,平成20,2008,年平均,361275,505049,194768,284970,389340,164097,261607,23363,76305,115709,30671
５人以上,E09、10 食料品製造業、飲料・たばこ・飼料製造業,平成21,2009,年平均,451469,564554,248846,347765,431692,197387,320587,27178,103704,132862,51459
５人以上,E09、10 食料品製造業、飲料・たばこ・飼料製造業,平成22,2010,年平均,477810,585640,269390,365659,447170,208109,336131,29528,112151,138470,61281
５人以上,E09、10 食料品製造業、飲料・たばこ・飼料製造業,平成23,2011,年平均,473265,573095,274220,369326,446698,215057,340063,29263,103939,126397,59163
５人以上,E09、10 食料品製造業、飲料・たばこ・飼料製造業,平成24,2012,年平均,466201,573222,266965,376607,463036,215705,348872,27735,89594,110186,51260
５人以上,E09、10 食料品製造業、飲料・たばこ・飼料製造業,平成25,2013,年平均,447194,562932,255103,358433,448457,209019,330370,28063,88761,114475,46084
５人以上,E09、10 食料品製造業、飲料・たばこ・飼料製造業,平成26,2014,年平均,470125,583114,276587,368687,455594,219824,340871,27816,101438,127520,56763
５人以上,E09、10 食料品製造業、飲料・たばこ・飼料製造業,平成26,2014,1月,378320,461636,230232,363103,443820,219634,336950,26153,15217,17816,10598
５人以上,E09、10 食料品製造業、飲料・たばこ・飼料製造業,平成26,2014,2月,374866,460253,219995,367047,449460,217570,341468,25579,7819,10793,2425
５人以上,E09、10 食料品製造業、飲料・たばこ・飼料製造業,平成26,2014,3月,379903,469377,224675,371915,459695,219625,344345,27570,7988,9682,5050
５人以上,E09、10 食料品製造業、飲料・たばこ・飼料製造業,平成26,2014,4月,375942,464377,228383,364707,450296,221897,334263,30444,11235,14081,6486
５人以上,E09、10 食料品製造業、飲料・たばこ・飼料製造業,平成26,2014,5月,373013,455940,226390,370488,453330,224017,341983,28505,2525,2610,2373
５人以上,E09、10 食料品製造業、飲料・たばこ・飼料製造業,平成26,2014,6月,795422,985925,459929,370593,455715,220686,343064,27529,424829,530210,239243
５人以上,E09、10 食料品製造業、飲料・たばこ・飼料製造業,平成26,2014,7月,522950,657912,304762,363814,453245,219234,336006,27808,159136,204667,85528
５人以上,E09、10 食料品製造業、飲料・たばこ・飼料製造業,平成26,2014,8月,375852,470186,219022,370869,463674,216583,343018,27851,4983,6512,2439
５人以上,E09、10 食料品製造業、飲料・たばこ・飼料製造業,平成26,2014,9月,372184,463113,222931,364766,454002,218292,339355,25411,7418,9111,4639
５人以上,E09、10 食料品製造業、飲料・たばこ・飼料製造業,平成26,2014,10月,378076,471116,222852,372596,464396,219441,345587,27009,5480,6720,3411
５人以上,E09、10 食料品製造業、飲料・たばこ・飼料製造業,平成26,2014,11月,388158,476618,232299,374294,460452,222490,344396,29898,13864,16166,9809
５人以上,E09、10 食料品製造業、飲料・たばこ・飼料製造業,平成26,2014,12月,916691,1149582,521522,370033,459332,218510,340065,29968,546658,690250,303012
５人以上,E11 繊維工業,平成18,2006,年平均,－,－,－,－,－,－,－,－,－,－,－
５人以上,E11 繊維工業,平成19,2007,年平均,－,－,－,－,－,－,－,－,－,－,－
５人以上,E11 繊維工業,平成20,2008,年平均,－,－,－,－,－,－,－,－,－,－,－
５人以上,E11 繊維工業,平成21,2009,年平均,－,－,－,－,－,－,－,－,－,－,－
５人以上,E11 繊維工業,平成22,2010,年平均,397696,491569,270855,336716,407377,241239,328781,7935,60980,84192,29616
５人以上,E11 繊維工業,平成23,2011,年平均,419476,522968,274286,338995,414428,233169,331072,7923,80481,108540,41117
５人以上,E11 繊維工業,平成24,2012,年平均,465979,584357,283116,354380,433900,231543,337309,17071,111599,150457,51573
５人以上,E11 繊維工業,平成25,2013,年平均,470824,581173,295545,366739,443437,244910,344781,21958,104085,137736,50635
５人以上,E11 繊維工業,平成26,2014,年平均,377609,508595,273143,319973,423463,237436,306269,13704,57636,85132,35707
５人以上,E11 繊維工業,平成26,2014,1月,324589,423299,243983,317871,420514,234053,303787,14084,6718,2785,9930
５人以上,E11 繊維工業,平成26,2014,2月,321728,426433,235734,320469,424569,234971,305497,14972,1259,1864,763
５人以上,E11 繊維工業,平成26,2014,3月,317571,431015,228085,311734,422885,224056,297444,14290,5837,8130,4029
５人以上,E11 繊維工業,平成26,2014,4月,349217,463358,256009,339570,451227,248390,322793,16777,9647,12131,7619
５人以上,E11 繊維工業,平成26,2014,5月,304841,400543,235220,304145,399273,234941,293401,10744,696,1270,279
５人以上,E11 繊維工業,平成26,2014,6月,462319,658875,320449,305997,408561,231969,295289,10708,156322,250314,88480
５人以上,E11 繊維工業,平成26,2014,7月,464637,628908,327935,321502,425446,235002,307652,13850,143135,203462,92933
５人以上,E11 繊維工業,平成26,2014,8月,336997,424722,263825,324980,422639,243522,310368,14612,12017,2083,20303
５人以上,E11 繊維工業,平成26,2014,9月,325432,431953,237940,323659,429958,236350,311088,12571,1773,1995,1590
５人以上,E11 繊維工業,平成26,2014,10月,350476,452373,265740,333922,434998,249869,319292,14630,16554,17375,15871
５人以上,E11 繊維工業,平成26,2014,11月,324106,423393,242043,322005,423216,238351,305731,16274,2101,177,3692
５人以上,E11 繊維工業,平成26,2014,12月,651227,967000,416048,314271,415539,238850,303304,10967,336956,551461,177198
５人以上,E12 木材・木製品製造業（家具を除く）,平成18,2006,年平均,457193,483627,337590,414601,438761,305284,383087,31514,42592,44866,32306
５人以上,E12 木材・木製品製造業（家具を除く）,平成19,2007,年平均,362425,411596,232724,341287,383504,229929,314644,26643,21138,28092,2795
５人以上,E12 木材・木製品製造業（家具を除く）,平成20,2008,年平均,351828,393094,214993,322586,366268,177741,299295,23291,29242,26826,37252
５人以上,E12 木材・木製品製造業（家具を除く）,平成21,2009,年平均,347145,395031,258941,315052,361048,230330,300167,14885,32093,33983,28611
５人以上,E12 木材・木製品製造業（家具を除く）,平成22,2010,年平均,320899,339691,256826,283602,299366,229852,271579,12023,37297,40325,26974
５人以上,E12 木材・木製品製造業（家具を除く）,平成23,2011,年平均,332627,361623,255347,295679,316818,239340,272358,23321,36948,44805,16007
５人以上,E12 木材・木製品製造業（家具を除く）,平成24,2012,年平均,366884,423106,209106,299758,338111,192126,280466,19292,67126,84995,16980
５人以上,E12 木材・木製品製造業（家具を除く）,平成25,2013,年平均,367421,413339,222776,322613,362640,196525,308392,14221,44808,50699,26251
５人以上,E12 木材・木製品製造業（家具を除く）,平成26,2014,年平均,379906,417616,227382,324531,357177,192492,308318,16213,55375,60439,34890
５人以上,E12 木材・木製品製造業（家具を除く）,平成26,2014,1月,517979,589376,286132,334335,376826,196355,326979,7356,183644,212550,89777
５人以上,E12 木材・木製品製造業（家具を除く）,平成26,2014,2月,334421,373610,188839,318072,355548,178851,300955,17117,16349,18062,9988
５人以上,E12 木材・木製品製造業（家具を除く）,平成26,2014,3月,285549,312935,177288,275765,300688,177241,258981,16784,9784,12247,47
５人以上,E12 木材・木製品製造業（家具を除く）,平成26,2014,4月,352287,385813,208200,336013,367985,198605,317565,18448,16274,17828,9595
５人以上,E12 木材・木製品製造業（家具を除く）,平成26,2014,5月,327522,358016,196264,324967,355542,193359,308185,16782,2555,2474,2905
５人以上,E12 木材・木製品製造業（家具を除く）,平成26,2014,6月,447964,493574,256482,333354,365941,196545,315062,18292,114610,127633,59937
５人以上,E12 木材・木製品製造業（家具を除く）,平成26,2014,7月,352323,378622,242296,328660,362240,188166,311567,17093,23663,16382,54130
５人以上,E12 木材・木製品製造業（家具を除く）,平成26,2014,8月,392692,424558,259368,329933,362334,194372,314415,15518,62759,62224,64996
５人以上,E12 木材・木製品製造業（家具を除く）,平成26,2014,9月,337065,370194,198458,321454,351666,195054,304997,16457,15611,18528,3404
５人以上,E12 木材・木製品製造業（家具を除く）,平成26,2014,10月,355875,389811,215793,339298,371863,204874,322702,16596,16577,17948,10919
５人以上,E12 木材・木製品製造業（家具を除く）,平成26,2014,11月,334124,367561,195731,330627,363489,194610,313522,17105,3497,4072,1121
５人以上,E12 木材・木製品製造業（家具を除く）,平成26,2014,12月,520717,573572,297089,322350,352806,193493,305350,17000,198367,220766,103596
５人以上,E13 家具・装備品製造業,平成18,2006,年平均,369650,396139,274905,331347,351735,258425,305872,25475,38303,44404,16480
５人以上,E13 家具・装備品製造業,平成19,2007,年平均,410549,450275,234425,363141,397982,208675,358288,4853,47408,52293,25750
５人以上,E13 家具・装備品製造業,平成20,2008,年平均,383556,405073,275583,351429,372302,246689,347416,4013,32127,32771,28894
５人以上,E13 家具・装備品製造業,平成21,2009,年平均,416967,446157,336843,353749,378537,285707,329741,24008,63218,67620,51136
５人以上,E13 家具・装備品製造業,平成22,2010,年平均,412089,455872,272029,342075,376755,231135,321051,21024,70014,79117,40894
５人以上,E13 家具・装備品製造業,平成23,2011,年平均,433301,473135,292384,358702,389386,250155,337416,21286,74599,83749,42229
５人以上,E13 家具・装備品製造業,平成24,2012,年平均,405651,471245,262936,347693,401249,231170,327689,20004,57958,69996,31766
５人以上,E13 家具・装備品製造業,平成25,2013,年平均,489876,559568,295959,395460,451302,240078,370740,24720,94416,108266,55881
５人以上,E13 家具・装備品製造業,平成26,2014,年平均,520456,601859,312916,414496,480921,245142,391017,23479,105960,120938,67774
５人以上,E13 家具・装備品製造業,平成26,2014,1月,439508,504362,260635,398276,456309,238218,376029,22247,41232,48053,22417
５人以上,E13 家具・装備品製造業,平成26,2014,2月,404177,462400,241945,400378,458193,239284,376961,23417,3799,4207,2661
５人以上,E13 家具・装備品製造業,平成26,2014,3月,553281,637193,319952,403522,462448,239670,379407,24115,149759,174745,80282
５人以上,E13 家具・装備品製造業,平成26,2014,4月,417814,474556,261932,406606,462917,251909,379142,27464,11208,11639,10023
５人以上,E13 家具・装備品製造業,平成26,2014,5月,410332,468299,250793,402770,459353,247038,378611,24159,7562,8946,3755
５人以上,E13 家具・装備品製造業,平成26,2014,6月,751532,870495,423935,400813,456674,246985,380114,20699,350719,413821,176950
５人以上,E13 家具・装備品製造業,平成26,2014,7月,633809,727784,405968,426291,498441,251365,402972,23319,207518,229343,154603
５人以上,E13 家具・装備品製造業,平成26,2014,8月,426554,500209,247276,423177,496240,245341,399792,23385,3377,3969,1935
５人以上,E13 家具・装備品製造業,平成26,2014,9月,424398,498094,247956,419619,493104,243682,400468,19151,4779,4990,4274
５人以上,E13 家具・装備品製造業,平成26,2014,10月,444828,526324,254387,432649,512468,246128,407539,25110,12179,13856,8259
５人以上,E13 家具・装備品製造業,平成26,2014,11月,440659,522685,252178,430394,510569,246167,405771,24623,10265,12116,6011
５人以上,E13 家具・装備品製造業,平成26,2014,12月,894898,1039002,567229,429446,510611,244891,405392,24054,465452,528391,322338
５人以上,E14 パルプ・紙・紙加工品製造業,平成18,2006,年平均,398766,473250,261729,313288,363953,220074,287674,25614,85478,109297,41655
５人以上,E14 パルプ・紙・紙加工品製造業,平成19,2007,年平均,432944,506788,246034,330665,384735,193805,310746,19919,102279,122053,52229
５人以上,E14 パルプ・紙・紙加工品製造業,平成20,2008,年平均,408396,482974,240581,331586,386474,208076,314910,16676,76810,96500,32505
５人以上,E14 パルプ・紙・紙加工品製造業,平成21,2009,年平均,358488,447868,223832,297925,362429,200746,281305,16620,60563,85439,23086
５人以上,E14 パルプ・紙・紙加工品製造業,平成22,2010,年平均,379522,436594,249454,313665,357494,213777,297211,16454,65857,79100,35677
５人以上,E14 パルプ・紙・紙加工品製造業,平成23,2011,年平均,368929,445972,213955,303709,361425,187613,287868,15841,65220,84547,26342
５人以上,E14 パルプ・紙・紙加工品製造業,平成24,2012,年平均,405049,499819,257820,328265,395214,224258,310189,18076,76784,104605,33562
５人以上,E14 パルプ・紙・紙加工品製造業,平成25,2013,年平均,432359,500063,306617,352774,398246,268321,334279,18495,79585,101817,38296
５人以上,E14 パルプ・紙・紙加工品製造業,平成26,2014,年平均,433206,497279,300312,359590,405369,264639,337920,21670,73616,91910,35673
５人以上,E14 パルプ・紙・紙加工品製造業,平成26,2014,1月,368253,411369,266120,353534,395288,254628,334048,19486,14719,16081,11492
５人以上,E14 パルプ・紙・紙加工品製造業,平成26,2014,2月,358481,392325,276631,351035,389428,258184,331110,19925,7446,2897,18447
５人以上,E14 パルプ・紙・紙加工品製造業,平成26,2014,3月,364371,404422,268177,355058,392921,264120,331530,23528,9313,11501,4057
５人以上,E14 パルプ・紙・紙加工品製造業,平成26,2014,4月,362451,403014,264144,359612,399202,263664,334082,25530,2839,3812,480
５人以上,E14 パルプ・紙・紙加工品製造業,平成26,2014,5月,422293,489705,282504,419578,485943,281961,396676,22902,2715,3762,543
５人以上,E14 パルプ・紙・紙加工品製造業,平成26,2014,6月,701185,827288,426331,349357,390106,260541,327772,21585,351828,437182,165790
５人以上,E14 パルプ・紙・紙加工品製造業,平成26,2014,7月,397042,457075,277277,350174,393899,262943,329968,20206,46868,63176,14334
５人以上,E14 パルプ・紙・紙加工品製造業,平成26,2014,8月,354507,400978,264921,344314,390209,255838,326468,17846,10193,10769,9083
５人以上,E14 パルプ・紙・紙加工品製造業,平成26,2014,9月,362399,418600,269234,361769,417597,269224,337270,24499,630,1003,10
５人以上,E14 パルプ・紙・紙加工品製造業,平成26,2014,10月,358841,409089,262498,357236,406993,261834,333182,24054,1605,2096,664
５人以上,E14 パルプ・紙・紙加工品製造業,平成26,2014,11月,366576,415142,278149,364065,411625,277471,341182,22883,2511,3517,678
５人以上,E14 パルプ・紙・紙加工品製造業,平成26,2014,12月,759526,909479,457349,349467,393238,261263,331695,17772,410059,516241,196086
５人以上,E15 印刷・同関連業,平成18,2006,年平均,405145,455063,265981,343878,384421,230848,314082,29796,61267,70642,35133
５人以上,E15 印刷・同関連業,平成19,2007,年平均,431501,477189,292133,376247,414677,259020,347392,28855,55254,62512,33113
５人以上,E15 印刷・同関連業,平成20,2008,年平均,441706,483057,303424,388455,424381,268317,359964,28491,53251,58676,35107
５人以上,E15 印刷・同関連業,平成21,2009,年平均,387925,422444,274084,335153,363027,243227,304982,30171,52772,59417,30857
５人以上,E15 印刷・同関連業,平成22,2010,年平均,387927,422214,268244,336810,365682,236028,307596,29214,51117,56532,32216
５人以上,E15 印刷・同関連業,平成23,2011,年平均,388544,423032,269136,338193,366840,239011,308731,29462,50351,56192,30125
５人以上,E15 印刷・同関連業,平成24,2012,年平均,404313,443654,292580,348589,380604,257661,315381,33208,55724,63050,34919
５人以上,E15 印刷・同関連業,平成25,2013,年平均,402261,439309,293994,342124,370893,258050,308633,33491,60137,68416,35944
５人以上,E15 印刷・同関連業,平成26,2014,年平均,402780,442748,281032,340157,372647,241190,311159,28998,62623,70101,39842
５人以上,E15 印刷・同関連業,平成26,2014,1月,351093,382583,254133,329096,358326,239095,304102,24994,21997,24257,15038
５人以上,E15 印刷・同関連業,平成26,2014,2月,340606,369829,248730,333555,362314,243140,303200,30355,7051,7515,5590
５人以上,E15 印刷・同関連業,平成26,2014,3月,352754,384471,254699,341839,372741,246302,306449,35390,10915,11730,8397
５人以上,E15 印刷・同関連業,平成26,2014,4月,349409,379950,255897,344065,374122,252036,311168,32897,5344,5828,3861
５人以上,E15 印刷・同関連業,平成26,2014,5月,356985,390534,256555,345588,377297,250668,320532,25056,11397,13237,5887
５人以上,E15 印刷・同関連業,平成26,2014,6月,498657,551035,341267,340568,371781,246776,312563,28005,158089,179254,94491
５人以上,E15 印刷・同関連業,平成26,2014,7月,523524,579122,355532,345587,380410,240369,318830,26757,177937,198712,115163
５人以上,E15 印刷・同関連業,平成26,2014,8月,350228,385371,243834,339964,374135,236511,313256,26708,10264,11236,7323
５人以上,E15 印刷・同関連業,平成26,2014,9月,353631,389821,243394,342987,378381,235175,315246,27741,10644,11440,8219
５人以上,E15 印刷・同関連業,平成26,2014,10月,350463,385403,245028,342427,377091,237823,312536,29891,8036,8312,7205
５人以上,E15 印刷・同関連業,平成26,2014,11月,346979,381227,242281,336672,370283,233924,305275,31397,10307,10944,8357
５人以上,E15 印刷・同関連業,平成26,2014,12月,659813,736595,428374,339456,375021,232254,310608,28848,320357,361574,196120
５人以上,E16、17 化学工業、石油製品・石炭製品製造業,平成18,2006,年平均,－,－,－,－,－,－,－,－,－,－,－
５人以上,E16、17 化学工業、石油製品・石炭製品製造業,平成19,2007,年平均,－,－,－,－,－,－,－,－,－,－,－
５人以上,E16、17 化学工業、石油製品・石炭製品製造業,平成20,2008,年平均,－,－,－,－,－,－,－,－,－,－,－
５人以上,E16、17 化学工業、石油製品・石炭製品製造業,平成21,2009,年平均,－,－,－,－,－,－,－,－,－,－,－
５人以上,E16、17 化学工業、石油製品・石炭製品製造業,平成22,2010,年平均,691119,766146,481910,503587,558545,350338,483519,20068,187532,207601,131572
５人以上,E16、17 化学工業、石油製品・石炭製品製造業,平成23,2011,年平均,767381,855321,522930,525635,584783,361217,499571,26064,241746,270538,161713
５人以上,E16、17 化学工業、石油製品・石炭製品製造業,平成24,2012,年平均,657727,745754,485133,469594,529727,351692,447954,21640,188133,216027,133441
５人以上,E16、17 化学工業、石油製品・石炭製品製造業,平成25,2013,年平均,636073,717640,473003,471276,528440,356994,450313,20963,164797,189200,116009
５人以上,E16、17 化学工業、石油製品・石炭製品製造業,平成26,2014,年平均,660872,743726,501435,477549,535911,365243,455999,21550,183323,207815,136192
５人以上,E16、17 化学工業、石油製品・石炭製品製造業,平成26,2014,1月,485418,536575,380066,476872,532469,362376,458551,18321,8546,4106,17690
５人以上,E16、17 化学工業、石油製品・石炭製品製造業,平成26,2014,2月,488191,540732,381542,480468,537216,365280,458634,21834,7723,3516,16262
５人以上,E16、17 化学工業、石油製品・石炭製品製造業,平成26,2014,3月,698720,787385,520877,487324,542300,377055,466747,20577,211396,245085,143822
５人以上,E16、17 化学工業、石油製品・石炭製品製造業,平成26,2014,4月,692600,779759,526223,492584,548546,385758,469214,23370,200016,231213,140465
５人以上,E16、17 化学工業、石油製品・石炭製品製造業,平成26,2014,5月,498231,554659,386353,480008,533276,374396,457411,22597,18223,21383,11957
５人以上,E16、17 化学工業、石油製品・石炭製品製造業,平成26,2014,6月,1101906,1211312,891131,482699,538031,376099,462061,20638,619207,673281,515032
５人以上,E16、17 化学工業、石油製品・石炭製品製造業,平成26,2014,7月,720063,834054,499235,465444,520448,358887,444460,20984,254619,313606,140348
５人以上,E16、17 化学工業、石油製品・石炭製品製造業,平成26,2014,8月,484002,545297,368284,477785,537463,365119,455740,22045,6217,7834,3165
５人以上,E16、17 化学工業、石油製品・石炭製品製造業,平成26,2014,9月,491865,549613,381588,474749,533404,362741,457027,17722,17116,16209,18847
５人以上,E16、17 化学工業、石油製品・石炭製品製造業,平成26,2014,10月,551620,634084,393907,455022,516222,337977,432505,22517,96598,117862,55930
５人以上,E16、17 化学工業、石油製品・石炭製品製造業,平成26,2014,11月,484674,552713,365535,481123,548531,363088,455647,25476,3551,4182,2447
５人以上,E16、17 化学工業、石油製品・石炭製品製造業,平成26,2014,12月,1226763,1407744,899810,476251,543722,354362,453716,22535,750512,864022,545448
５人以上,E18 プラスチック製品製造業（別掲を除く）,平成18,2006,年平均,461884,554382,233829,338832,397140,195073,325097,13735,123052,157242,38756
５人以上,E18 プラスチック製品製造業（別掲を除く）,平成19,2007,年平均,328640,425293,176893,272451,346839,155661,260188,12263,56189,78454,21232
５人以上,E18 プラスチック製品製造業（別掲を除く）,平成20,2008,年平均,315622,405632,169992,261123,332772,145201,244446,16677,54499,72860,24791
５人以上,E18 プラスチック製品製造業（別掲を除く）,平成21,2009,年平均,417285,476631,241334,359917,409827,211940,346702,13215,57368,66804,29394
５人以上,E18 プラスチック製品製造業（別掲を除く）,平成22,2010,年平均,432573,497688,231663,356264,406934,199925,341791,14473,76309,90754,31738
５人以上,E18 プラスチック製品製造業（別掲を除く）,平成23,2011,年平均,495243,556386,282664,385467,427965,237711,370306,15161,109776,128421,44953
５人以上,E18 プラスチック製品製造業（別掲を除く）,平成24,2012,年平均,468293,547400,290740,362368,419744,233590,345308,17060,105925,127656,57150
５人以上,E18 プラスチック製品製造業（別掲を除く）,平成25,2013,年平均,432811,520010,285095,363620,438549,236690,343148,20472,69191,81461,48405
５人以上,E18 プラスチック製品製造業（別掲を除く）,平成26,2014,年平均,468532,569097,287127,370827,446801,233780,350474,20353,97705,122296,53347
５人以上,E18 プラスチック製品製造業（別掲を除く）,平成26,2014,1月,361400,443233,231336,358323,439436,229403,332878,25445,3077,3797,1933
５人以上,E18 プラスチック製品製造業（別掲を除く）,平成26,2014,2月,391561,473046,256696,387444,467176,255479,363910,23534,4117,5870,1217
５人以上,E18 プラスチック製品製造業（別掲を除く）,平成26,2014,3月,380237,457680,246579,377494,454374,244809,355697,21797,2743,3306,1770
５人以上,E18 プラスチック製品製造業（別掲を除く）,平成26,2014,4月,401199,482794,262436,386436,465498,251980,363896,22540,14763,17296,10456
５人以上,E18 プラスチック製品製造業（別掲を除く）,平成26,2014,5月,407813,500003,243363,394252,480433,240521,374441,19811,13561,19570,2842
５人以上,E18 プラスチック製品製造業（別掲を除く）,平成26,2014,6月,583639,695239,383529,397784,482739,245450,377533,20251,185855,212500,138079
５人以上,E18 プラスチック製品製造業（別掲を除く）,平成26,2014,7月,671853,854955,339251,356062,431093,219770,338454,17608,315791,423862,119481
５人以上,E18 プラスチック製品製造業（別掲を除く）,平成26,2014,8月,363458,441452,220368,356010,431736,217081,339216,16794,7448,9716,3287
５人以上,E18 プラスチック製品製造業（別掲を除く）,平成26,2014,9月,360322,433061,228654,353984,425087,225278,334721,19263,6338,7974,3376
５人以上,E18 プラスチック製品製造業（別掲を除く）,平成26,2014,10月,372504,444527,233176,361687,433446,222869,341598,20089,10817,11081,10307
５人以上,E18 プラスチック製品製造業（別掲を除く）,平成26,2014,11月,465694,543983,306047,366301,433012,230265,347488,18813,99393,110971,75782
５人以上,E18 プラスチック製品製造業（別掲を除く）,平成26,2014,12月,796551,963606,477090,358481,426496,228415,337806,20675,438070,537110,248675
５人以上,E19 ゴム製品製造業,平成18,2006,年平均,469122,510791,299766,350469,377160,241989,334751,15718,118653,133631,57777
５人以上,E19 ゴム製品製造業,平成19,2007,年平均,475630,516051,293924,360122,386927,239626,345718,14404,115508,129124,54298
５人以上,E19 ゴム製品製造業,平成20,2008,年平均,480927,527831,282588,368088,400855,229531,349815,18273,112839,126976,53057
５人以上,E19 ゴム製品製造業,平成21,2009,年平均,397254,438593,250359,312478,340862,211616,297570,14908,84776,97731,38743
５人以上,E19 ゴム製品製造業,平成22,2010,年平均,436907,473556,294733,331341,355508,237588,315949,15392,105566,118048,57145
５人以上,E19 ゴム製品製造業,平成23,2011,年平均,437191,477041,277945,330478,357039,224339,314358,16120,106713,120002,53606
５人以上,E19 ゴム製品製造業,平成24,2012,年平均,306564,356843,183844,276635,320221,170252,269108,7527,29929,36622,13592
５人以上,E19 ゴム製品製造業,平成25,2013,年平均,339440,374763,223131,288902,316981,196445,273436,15466,50538,57782,26686
５人以上,E19 ゴム製品製造業,平成26,2014,年平均,384958,421564,256456,324835,351741,230385,299450,25385,60123,69823,26071
５人以上,E19 ゴム製品製造業,平成26,2014,1月,370924,380907,324885,365779,375674,320144,340625,25154,5145,5233,4741
５人以上,E19 ゴム製品製造業,平成26,2014,2月,336260,352105,262260,335386,351113,261937,300188,35198,874,992,323
５人以上,E19 ゴム製品製造業,平成26,2014,3月,364659,382650,292069,332613,346439,276829,305163,27450,32046,36211,15240
５人以上,E19 ゴム製品製造業,平成26,2014,4月,312366,340001,208761,310900,338293,208204,289136,21764,1466,1708,557
５人以上,E19 ゴム製品製造業,平成26,2014,5月,310599,338389,206835,304210,332300,199325,286199,18011,6389,6089,7510
５人以上,E19 ゴム製品製造業,平成26,2014,6月,407568,485951,199370,317629,362577,198240,290256,27373,89939,123374,1130
５人以上,E19 ゴム製品製造業,平成26,2014,7月,576865,646660,347498,342307,374381,236903,315965,26342,234558,272279,110595
５人以上,E19 ゴム製品製造業,平成26,2014,8月,310434,342961,199766,309519,341842,199543,287208,22311,915,1119,223
５人以上,E19 ゴム製品製造業,平成26,2014,9月,326921,356185,226273,325896,355394,224445,302449,23447,1025,791,1828
５人以上,E19 ゴム製品製造業,平成26,2014,10月,319324,361325,220146,317123,358776,218765,286703,30420,2201,2549,1381
５人以上,E19 ゴム製品製造業,平成26,2014,11月,317686,346452,222690,311728,340345,217223,285971,25757,5958,6107,5467
５人以上,E19 ゴム製品製造業,平成26,2014,12月,654048,740034,368646,323096,351101,230145,299142,23954,330952,388933,138501
５人以上,E21 窯業・土石製品製造業,平成18,2006,年平均,471710,530359,295788,350694,389626,233916,330604,20090,121016,140733,61872
５人以上,E21 窯業・土石製品製造業,平成19,2007,年平均,555782,595522,373336,448042,480285,300014,422109,25933,107740,115237,73322
５人以上,E21 窯業・土石製品製造業,平成20,2008,年平均,556576,603525,376413,445594,484402,296670,428275,17319,110982,119123,79743
５人以上,E21 窯業・土石製品製造業,平成21,2009,年平均,543265,582670,346937,415723,445565,267042,405794,9929,127542,137105,79895
５人以上,E21 窯業・土石製品製造業,平成22,2010,年平均,494873,539927,315844,391976,425034,260613,381867,10109,102897,114893,55231
５人以上,E21 窯業・土石製品製造業,平成23,2011,年平均,523648,607513,298499,395283,451489,244390,386148,9135,128365,156024,54109
５人以上,E21 窯業・土石製品製造業,平成24,2012,年平均,413928,476782,241537,346052,394351,213583,314860,31192,67876,82431,27954
５人以上,E21 窯業・土石製品製造業,平成25,2013,年平均,463986,497548,315348,364712,389821,253513,334209,30503,99274,107727,61835
５人以上,E21 窯業・土石製品製造業,平成26,2014,年平均,510661,565169,288245,393348,433668,228824,365668,27680,117313,131501,59421
５人以上,E21 窯業・土石製品製造業,平成26,2014,1月,372089,405464,239988,371521,404753,239988,343751,27770,568,711,0
５人以上,E21 窯業・土石製品製造業,平成26,2014,2月,375566,410253,239989,375167,409752,239989,343052,32115,399,501,0
５人以上,E21 窯業・土石製品製造業,平成26,2014,3月,426753,465990,270932,381402,416035,243867,348697,32705,45351,49955,27065
５人以上,E21 窯業・土石製品製造業,平成26,2014,4月,380170,412502,247206,375294,407260,243836,343098,32196,4876,5242,3370
５人以上,E21 窯業・土石製品製造業,平成26,2014,5月,373264,401795,255756,371770,400532,253309,342958,28812,1494,1263,2447
５人以上,E21 窯業・土石製品製造業,平成26,2014,6月,543481,595168,334037,381326,412311,255770,353948,27378,162155,182857,78267
５人以上,E21 窯業・土石製品製造業,平成26,2014,7月,801075,890191,431109,410184,456803,216644,385190,24994,390891,433388,214465
５人以上,E21 窯業・土石製品製造業,平成26,2014,8月,411126,458547,212456,406531,454891,203928,383516,23015,4595,3656,8528
５人以上,E21 窯業・土石製品製造業,平成26,2014,9月,424414,473746,221864,418689,467746,217265,393998,24691,5725,6000,4599
５人以上,E21 窯業・土石製品製造業,平成26,2014,10月,409477,456986,214329,409461,456967,214329,384895,24566,16,19,0
５人以上,E21 窯業・土石製品製造業,平成26,2014,11月,406642,454710,208901,406557,454635,208774,382322,24235,85,75,127
５人以上,E21 窯業・土石製品製造業,平成26,2014,12月,1197743,1343855,586366,412110,461510,205407,382298,29812,785633,882345,380959
５人以上,E22 鉄鋼業,平成18,2006,年平均,694634,763216,407531,444087,481912,285745,426750,17337,250547,281304,121786
５人以上,E22 鉄鋼業,平成19,2007,年平均,931390,1039588,488657,438697,471712,303604,413847,24850,492693,567876,185053
５人以上,E22 鉄鋼業,平成20,2008,年平均,636002,710994,362764,397349,432852,267991,383936,13413,238653,278142,94773
５人以上,E22 鉄鋼業,平成21,2009,年平均,614812,678702,358446,426296,464969,271115,410019,16277,188516,213733,87331
５人以上,E22 鉄鋼業,平成22,2010,年平均,591056,641116,371047,434248,465392,297372,410171,24077,156808,175724,73675
５人以上,E22 鉄鋼業,平成23,2011,年平均,627392,692853,372252,440682,480880,284007,415421,25261,186710,211973,88245
５人以上,E22 鉄鋼業,平成24,2012,年平均,585811,634864,374532,426398,457047,294388,406453,19945,159413,177817,80144
５人以上,E22 鉄鋼業,平成25,2013,年平均,584561,631714,380430,433317,462499,306986,413569,19748,151244,169215,73444
５人以上,E22 鉄鋼業,平成26,2014,年平均,653260,713074,405015,436463,469162,300753,413202,23261,216797,243912,104262
５人以上,E22 鉄鋼業,平成26,2014,1月,481065,518305,310165,435911,463471,309432,411254,24657,45154,54834,733
５人以上,E22 鉄鋼業,平成26,2014,2月,439811,467567,312855,438262,465865,312009,412818,25444,1549,1702,846
５人以上,E22 鉄鋼業,平成26,2014,3月,461284,489583,330805,451949,480505,320287,423759,28190,9335,9078,10518
５人以上,E22 鉄鋼業,平成26,2014,4月,450573,478839,319642,448838,476904,318830,421475,27363,1735,1935,812
５人以上,E22 鉄鋼業,平成26,2014,5月,431217,459700,302057,428911,457112,301034,405557,23354,2306,2588,1023
５人以上,E22 鉄鋼業,平成26,2014,6月,1758941,1927919,1005087,444915,474844,311393,419679,25236,1314026,1453075,693694
５人以上,E22 鉄鋼業,平成26,2014,7月,499968,549106,313255,434499,469816,300302,412121,22378,65469,79290,12953
５人以上,E22 鉄鋼業,平成26,2014,8月,367438,396482,240864,360839,389163,237404,335790,25049,6599,7319,3460
５人以上,E22 鉄鋼業,平成26,2014,9月,454452,490719,317606,432513,468998,294845,412654,19859,21939,21721,22761
５人以上,E22 鉄鋼業,平成26,2014,10月,436319,476760,291460,433476,473313,290779,412200,21276,2843,3447,681
５人以上,E22 鉄鋼業,平成26,2014,11月,457141,501297,294863,454377,497989,294101,435207,19170,2764,3308,762
５人以上,E22 鉄鋼業,平成26,2014,12月,1492209,1694564,751685,434329,473181,292150,416737,17592,1057880,1221383,459535
５人以上,E23 非鉄金属製造業,平成18,2006,年平均,587105,667618,305330,415312,468734,228350,395768,19544,171793,198884,76980
５人以上,E23 非鉄金属製造業,平成19,2007,年平均,633237,760290,298411,443016,524520,228226,423923,19093,190221,235770,70185
５人以上,E23 非鉄金属製造業,平成20,2008,年平均,631498,729356,338043,448619,516554,244895,430735,17884,182879,212802,93148
５人以上,E23 非鉄金属製造業,平成21,2009,年平均,510211,560958,343377,394056,434493,261116,384291,9765,116155,126465,82261
５人以上,E23 非鉄金属製造業,平成22,2010,年平均,508788,553112,324248,395862,430872,250097,381832,14030,112926,122240,74151
５人以上,E23 非鉄金属製造業,平成23,2011,年平均,528030,579500,326534,407529,446987,253058,394053,13476,120501,132513,73476
５人以上,E23 非鉄金属製造業,平成24,2012,年平均,545858,600632,349603,418425,459943,269667,399737,18688,127433,140689,79936
５人以上,E23 非鉄金属製造業,平成25,2013,年平均,572081,636297,357565,430806,477825,273738,410710,20096,141275,158472,83827
５人以上,E23 非鉄金属製造業,平成26,2014,年平均,573620,635887,354390,445379,491252,283871,425213,20166,128241,144635,70519
５人以上,E23 非鉄金属製造業,平成26,2014,1月,435230,476562,288644,430258,471496,284009,414950,15308,4972,5066,4635
５人以上,E23 非鉄金属製造業,平成26,2014,2月,461362,508927,295787,442015,488120,281522,420733,21282,19347,20807,14265
５人以上,E23 非鉄金属製造業,平成26,2014,3月,458067,502694,308953,432936,476337,287918,410280,22656,25131,26357,21035
５人以上,E23 非鉄金属製造業,平成26,2014,4月,451245,495742,294535,446231,490284,291083,423629,22602,5014,5458,3452
５人以上,E23 非鉄金属製造業,平成26,2014,5月,433679,475023,293644,431493,472670,292022,410539,20954,2186,2353,1622
５人以上,E23 非鉄金属製造業,平成26,2014,6月,1335326,1506044,713536,457667,503935,289149,437835,19832,877659,1002109,424387
５人以上,E23 非鉄金属製造業,平成26,2014,7月,515675,580851,282562,442073,504015,220526,422146,19927,73602,76836,62036
５人以上,E23 非鉄金属製造業,平成26,2014,8月,465287,508666,306473,455364,500265,290978,438252,17112,9923,8401,15495
５人以上,E23 非鉄金属製造業,平成26,2014,9月,474858,518655,318906,447863,490401,296395,428142,19721,26995,28254,22511
５人以上,E23 非鉄金属製造業,平成26,2014,10月,454710,499654,290298,450593,495360,286826,430994,19599,4117,4294,3472
５人以上,E23 非鉄金属製造業,平成26,2014,11月,466521,514136,311024,443093,488416,295081,419007,24086,23428,25720,15943
５人以上,E23 非鉄金属製造業,平成26,2014,12月,919152,1017573,559939,464985,512924,290019,446040,18945,454167,504649,269920
５人以上,E24 金属製品製造業,平成18,2006,年平均,386600,444283,243653,324557,374735,200209,293282,31275,62043,69548,43444
５人以上,E24 金属製品製造業,平成19,2007,年平均,374598,428581,211643,325089,371098,186206,309677,15412,49509,57483,25437
５人以上,E24 金属製品製造業,平成20,2008,年平均,379471,427996,205962,327768,368011,183873,310189,17579,51703,59985,22089
５人以上,E24 金属製品製造業,平成21,2009,年平均,331441,371031,202128,300682,335643,186487,285605,15077,30759,35388,15641
５人以上,E24 金属製品製造業,平成22,2010,年平均,350411,383191,224261,318817,347459,208592,303144,15673,31594,35732,15669
５人以上,E24 金属製品製造業,平成23,2011,年平均,332370,363652,221742,297370,325388,198284,280633,16737,35000,38264,23458
５人以上,E24 金属製品製造業,平成24,2012,年平均,409119,441696,297028,335439,358730,255300,321302,14137,73680,82966,41728
５人以上,E24 金属製品製造業,平成25,2013,年平均,412916,450385,287702,339678,368188,244402,321532,18146,73238,82197,43300
５人以上,E24 金属製品製造業,平成26,2014,年平均,417295,450373,303973,333297,357903,248998,313753,19544,83998,92470,54975
５人以上,E24 金属製品製造業,平成26,2014,1月,340596,368723,246843,325562,354250,229939,298142,27420,15034,14473,16904
５人以上,E24 金属製品製造業,平成26,2014,2月,336672,366465,238105,332696,361702,236734,310599,22097,3976,4763,1371
５人以上,E24 金属製品製造業,平成26,2014,3月,335962,363051,247586,320670,347400,233465,300967,19703,15292,15651,14121
５人以上,E24 金属製品製造業,平成26,2014,4月,344154,371048,255150,338772,364933,252195,316549,22223,5382,6115,2955
５人以上,E24 金属製品製造業,平成26,2014,5月,337539,362720,254896,335239,359960,254102,316185,19054,2300,2760,794
５人以上,E24 金属製品製造業,平成26,2014,6月,687473,769638,420710,338486,363811,256263,320265,18221,348987,405827,164447
５人以上,E24 金属製品製造業,平成26,2014,7月,452070,476630,366532,338988,363366,254085,320367,18621,113082,113264,112447
５人以上,E24 金属製品製造業,平成26,2014,8月,340209,363611,258136,329239,352777,246689,314694,14545,10970,10834,11447
５人以上,E24 金属製品製造業,平成26,2014,9月,349860,372797,267028,339636,362993,255290,321797,17839,10224,9804,11738
５人以上,E24 金属製品製造業,平成26,2014,10月,339890,361566,261400,332882,354867,253271,312877,20005,7008,6699,8129
５人以上,E24 金属製品製造業,平成26,2014,11月,340987,362667,262869,334312,355856,256686,316145,18167,6675,6811,6183
５人以上,E24 金属製品製造業,平成26,2014,12月,789410,851810,566002,332528,352956,259389,315489,17039,456882,498854,306613
５人以上,E25 はん用機械器具製造業,平成18,2006,年平均,－,－,－,－,－,－,－,－,－,－,－
５人以上,E25 はん用機械器具製造業,平成19,2007,年平均,－,－,－,－,－,－,－,－,－,－,－
５人以上,E25 はん用機械器具製造業,平成20,2008,年平均,－,－,－,－,－,－,－,－,－,－,－
５人以上,E25 はん用機械器具製造業,平成21,2009,年平均,－,－,－,－,－,－,－,－,－,－,－
５人以上,E25 はん用機械器具製造業,平成22,2010,年平均,420616,461896,282324,358777,394716,238380,346986,11791,61839,67180,43944
５人以上,E25 はん用機械器具製造業,平成23,2011,年平均,453223,490010,299866,372755,402996,246687,357141,15614,80468,87014,53179
５人以上,E25 はん用機械器具製造業,平成24,2012,年平均,549807,588967,345713,430066,461180,267908,402409,27657,119741,127787,77805
５人以上,E25 はん用機械器具製造業,平成25,2013,年平均,547270,581521,360024,424137,452094,271303,396053,28084,123133,129427,88721
５人以上,E25 はん用機械器具製造業,平成26,2014,年平均,549407,582796,374990,424851,452360,281149,400317,24534,124556,130436,93841
５人以上,E25 はん用機械器具製造業,平成26,2014,1月,420572,449335,274542,414257,442649,270114,397526,16731,6315,6686,4428
５人以上,E25 はん用機械器具製造業,平成26,2014,2月,414812,442547,269000,414812,442547,269000,394008,20804,0,0,0
５人以上,E25 はん用機械器具製造業,平成26,2014,3月,429597,458382,276928,418986,446364,273775,397059,21927,10611,12018,3153
５人以上,E25 はん用機械器具製造業,平成26,2014,4月,477544,509370,308940,426020,452448,286015,399721,26299,51524,56922,22925
５人以上,E25 はん用機械器具製造業,平成26,2014,5月,472155,500304,325350,423355,449238,288369,399495,23860,48800,51066,36981
５人以上,E25 はん用機械器具製造業,平成26,2014,6月,642300,682812,432180,424581,451531,284800,400036,24545,217719,231281,147380
５人以上,E25 はん用機械器具製造業,平成26,2014,7月,819125,860740,603816,426485,453917,284556,401518,24967,392640,406823,319260
５人以上,E25 はん用機械器具製造業,平成26,2014,8月,460454,492774,292637,426985,455205,280453,402654,24331,33469,37569,12184
５人以上,E25 はん用機械器具製造業,平成26,2014,9月,435456,463628,288463,428479,456267,283492,405367,23112,6977,7361,4971
５人以上,E25 はん用機械器具製造業,平成26,2014,10月,438475,466728,290667,427616,455659,280910,399400,28216,10859,11069,9757
５人以上,E25 はん用機械器具製造業,平成26,2014,11月,432200,460691,282143,431955,460400,282143,401146,30809,245,291,0
５人以上,E25 はん用機械器具製造業,平成26,2014,12月,1144550,1200018,851988,434293,461688,289801,405692,28601,710257,738330,562187
５人以上,E26 生産用機械器具製造業,平成18,2006,年平均,－,－,－,－,－,－,－,－,－,－,－
５人以上,E26 生産用機械器具製造業,平成19,2007,年平均,－,－,－,－,－,－,－,－,－,－,－
５人以上,E26 生産用機械器具製造業,平成20,2008,年平均,－,－,－,－,－,－,－,－,－,－,－
５人以上,E26 生産用機械器具製造業,平成21,2009,年平均,－,－,－,－,－,－,－,－,－,－,－
５人以上,E26 生産用機械器具製造業,平成22,2010,年平均,401907,420237,319656,348017,365016,271740,333658,14359,53890,55221,47916
５人以上,E26 生産用機械器具製造業,平成23,2011,年平均,395990,413502,314621,349255,364900,276563,325779,23476,46735,48602,38058
５人以上,E26 生産用機械器具製造業,平成24,2012,年平均,424970,457406,278836,346410,373528,224239,326559,19851,78560,83878,54597
５人以上,E26 生産用機械器具製造業,平成25,2013,年平均,543754,583041,374140,409334,438759,282299,391692,17642,134420,144282,91841
５人以上,E26 生産用機械器具製造業,平成26,2014,年平均,545458,593557,362520,412306,447092,280003,393924,18382,133152,146465,82517
５人以上,E26 生産用機械器具製造業,平成26,2014,1月,434855,466807,296207,431553,463280,293882,412767,18786,3302,3527,2325
５人以上,E26 生産用機械器具製造業,平成26,2014,2月,430825,463288,292772,430825,463288,292772,412102,18723,0,0,0
５人以上,E26 生産用機械器具製造業,平成26,2014,3月,461765,495683,325394,442324,476706,304089,425045,17279,19441,18977,21305
５人以上,E26 生産用機械器具製造業,平成26,2014,4月,543868,586551,362190,441057,472746,306173,419494,21563,102811,113805,56017
５人以上,E26 生産用機械器具製造業,平成26,2014,5月,452479,486821,311706,442755,476499,304434,421961,20794,9724,10322,7272
５人以上,E26 生産用機械器具製造業,平成26,2014,6月,1006839,1095947,653186,438641,473473,300401,419058,19583,568198,622474,352785
５人以上,E26 生産用機械器具製造業,平成26,2014,7月,563498,617183,374921,390902,425993,267638,371630,19272,172596,191190,107283
５人以上,E26 生産用機械器具製造業,平成26,2014,8月,382075,417731,258764,382075,417731,258764,364240,17835,0,0,0
５人以上,E26 生産用機械器具製造業,平成26,2014,9月,394965,431285,269285,386425,422694,260922,368846,17579,8540,8591,8363
５人以上,E26 生産用機械器具製造業,平成26,2014,10月,462848,510739,297439,382528,418301,258974,365941,16587,80320,92438,38465
５人以上,E26 生産用機械器具製造業,平成26,2014,11月,644743,707692,423576,385519,420183,263729,368407,17112,259224,287509,159847
５人以上,E26 生産用機械器具製造業,平成26,2014,12月,765630,842969,487111,392704,428685,263126,377410,15294,372926,414284,223985
５人以上,E27 業務用機械器具製造業,平成18,2006,年平均,－,－,－,－,－,－,－,－,－,－,－
５人以上,E27 業務用機械器具製造業,平成19,2007,年平均,－,－,－,－,－,－,－,－,－,－,－
５人以上,E27 業務用機械器具製造業,平成20,2008,年平均,－,－,－,－,－,－,－,－,－,－,－
５人以上,E27 業務用機械器具製造業,平成21,2009,年平均,－,－,－,－,－,－,－,－,－,－,－
５人以上,E27 業務用機械器具製造業,平成22,2010,年平均,524663,577919,329066,400081,438495,258997,380533,19548,124582,139424,70069
５人以上,E27 業務用機械器具製造業,平成23,2011,年平均,541140,596010,342270,399496,437406,262094,378855,20641,141644,158604,80176
５人以上,E27 業務用機械器具製造業,平成24,2012,年平均,519180,554428,352830,402412,430201,271266,379800,22612,116768,124227,81564
５人以上,E27 業務用機械器具製造業,平成25,2013,年平均,525033,568218,326692,414249,448428,257273,392848,21401,110784,119790,69419
５人以上,E27 業務用機械器具製造業,平成26,2014,年平均,551209,597965,337781,418344,454965,251179,396446,21898,132865,143000,86602
５人以上,E27 業務用機械器具製造業,平成26,2014,1月,411526,449402,244539,407816,445266,242708,387833,19983,3710,4136,1831
５人以上,E27 業務用機械器具製造業,平成26,2014,2月,417385,455284,248293,414351,452042,246188,392383,21968,3034,3242,2105
５人以上,E27 業務用機械器具製造業,平成26,2014,3月,460380,496709,291380,420356,457767,246322,397152,23204,40024,38942,45058
５人以上,E27 業務用機械器具製造業,平成26,2014,4月,499890,547600,277034,423643,459427,256492,399685,23958,76247,88173,20542
５人以上,E27 業務用機械器具製造業,平成26,2014,5月,472540,509980,304588,422012,459097,255651,400708,21304,50528,50883,48937
５人以上,E27 業務用機械器具製造業,平成26,2014,6月,541557,581508,363549,420308,456673,258276,399487,20821,121249,124835,105273
５人以上,E27 業務用機械器具製造業,平成26,2014,7月,894824,981660,501047,425065,461566,259542,403139,21926,469759,520094,241505
５人以上,E27 業務用機械器具製造業,平成26,2014,8月,473340,510337,304924,413226,449008,250338,392236,20990,60114,61329,54586
５人以上,E27 業務用機械器具製造業,平成26,2014,9月,429435,466397,256212,417855,453865,249091,397499,20356,11580,12532,7121
５人以上,E27 業務用機械器具製造業,平成26,2014,10月,421463,456784,258462,416930,452657,252060,394093,22837,4533,4127,6402
５人以上,E27 業務用機械器具製造業,平成26,2014,11月,462549,502675,277418,418356,454902,249741,395585,22771,44193,47773,27677
５人以上,E27 業務用機械器具製造業,平成26,2014,12月,1120177,1205234,724277,420017,457099,247419,397343,22674,700160,748135,476858
５人以上,E28 電子部品・デバイス・電子回路製造業,平成18,2006,年平均,555526,612819,317321,418315,459409,247459,385083,33232,137211,153410,69862
５人以上,E28 電子部品・デバイス・電子回路製造業,平成19,2007,年平均,557122,629506,314971,426012,477889,252466,400466,25546,131110,151617,62505
５人以上,E28 電子部品・デバイス・電子回路製造業,平成20,2008,年平均,565921,650076,309038,417514,475893,239311,392380,25134,148407,174183,69727
５人以上,E28 電子部品・デバイス・電子回路製造業,平成21,2009,年平均,513926,569740,304891,426168,470033,261884,409556,16612,87758,99707,43007
５人以上,E28 電子部品・デバイス・電子回路製造業,平成22,2010,年平均,552382,603054,343781,448067,488048,283477,424640,23427,104315,115006,60304
５人以上,E28 電子部品・デバイス・電子回路製造業,平成23,2011,年平均,553023,608711,327200,454909,499705,273253,432930,21979,98114,109006,53947
５人以上,E28 電子部品・デバイス・電子回路製造業,平成24,2012,年平均,595507,639679,405709,512545,553163,338015,488180,24365,82962,86516,67694
５人以上,E28 電子部品・デバイス・電子回路製造業,平成25,2013,年平均,567860,611284,393396,475910,513163,326236,459321,16589,91950,98121,67160
５人以上,E28 電子部品・デバイス・電子回路製造業,平成26,2014,年平均,562808,604361,388169,468313,505217,313212,441987,26326,94495,99144,74957
５人以上,E28 電子部品・デバイス・電子回路製造業,平成26,2014,1月,504897,528098,403826,468978,505473,310000,453340,15638,35919,22625,93826
５人以上,E28 電子部品・デバイス・電子回路製造業,平成26,2014,2月,475681,511589,318726,467979,503906,310939,452721,15258,7702,7683,7787
５人以上,E28 電子部品・デバイス・電子回路製造業,平成26,2014,3月,478346,516020,317730,461802,497601,309182,442815,18987,16544,18419,8548
５人以上,E28 電子部品・デバイス・電子回路製造業,平成26,2014,4月,476395,511187,328500,469672,503820,324514,448800,20872,6723,7367,3986
５人以上,E28 電子部品・デバイス・電子回路製造業,平成26,2014,5月,526589,571913,337637,468558,507427,306518,448293,20265,58031,64486,31119
５人以上,E28 電子部品・デバイス・電子回路製造業,平成26,2014,6月,758747,808040,552941,476909,516696,310790,456709,20200,281838,291344,242151
５人以上,E28 電子部品・デバイス・電子回路製造業,平成26,2014,7月,499742,539316,312519,435020,466963,283899,394876,40144,64722,72353,28620
５人以上,E28 電子部品・デバイス・電子回路製造業,平成26,2014,8月,506298,536781,386196,462670,500311,314369,430747,31923,43628,36470,71827
５人以上,E28 電子部品・デバイス・電子回路製造業,平成26,2014,9月,489040,527344,333479,478183,516555,322347,445744,32439,10857,10789,11132
５人以上,E28 電子部品・デバイス・電子回路製造業,平成26,2014,10月,484657,522963,325810,479996,517783,323302,447885,32111,4661,5180,2508
５人以上,E28 電子部品・デバイス・電子回路製造業,平成26,2014,11月,475686,514812,320593,473902,512727,320005,438123,35779,1784,2085,588
５人以上,E28 電子部品・デバイス・電子回路製造業,平成26,2014,12月,1080764,1170932,710731,475884,514211,318596,443839,32045,604880,656721,392135
５人以上,E29 電気機械器具製造業,平成18,2006,年平均,－,－,－,－,－,－,－,－,－,－,－
５人以上,E29 電気機械器具製造業,平成19,2007,年平均,－,－,－,－,－,－,－,－,－,－,－
５人以上,E29 電気機械器具製造業,平成20,2008,年平均,－,－,－,－,－,－,－,－,－,－,－
５人以上,E29 電気機械器具製造業,平成21,2009,年平均,－,－,－,－,－,－,－,－,－,－,－
５人以上,E29 電気機械器具製造業,平成22,2010,年平均,583261,632687,377601,431038,467232,280437,403741,27297,152223,165455,97164
５人以上,E29 電気機械器具製造業,平成23,2011,年平均,579546,632770,369573,437896,477275,282542,409826,28070,141650,155495,87031
５人以上,E29 電気機械器具製造業,平成24,2012,年平均,564889,607026,372920,418316,446854,288300,377224,41092,146573,160172,84620
５人以上,E29 電気機械器具製造業,平成25,2013,年平均,559846,598358,381373,421826,449305,294482,381084,40742,138020,149053,86891
５人以上,E29 電気機械器具製造業,平成26,2014,年平均,590798,631314,410859,442946,471861,314529,398521,44425,147852,159453,96330
５人以上,E29 電気機械器具製造業,平成26,2014,1月,425310,452637,296253,423950,451389,294363,382180,41770,1360,1248,1890
５人以上,E29 電気機械器具製造業,平成26,2014,2月,436463,464715,308280,436123,464401,307822,393718,42405,340,314,458
５人以上,E29 電気機械器具製造業,平成26,2014,3月,475932,509101,316939,443743,473179,302646,397965,45778,32189,35922,14293
５人以上,E29 電気機械器具製造業,平成26,2014,4月,480981,511386,343374,467126,497383,330186,420429,46697,13855,14003,13188
５人以上,E29 電気機械器具製造業,平成26,2014,5月,448999,477817,320192,446126,474770,318101,401398,44728,2873,3047,2091
５人以上,E29 電気機械器具製造業,平成26,2014,6月,627392,659609,484887,433356,462192,305806,391509,41847,194036,197417,179081
５人以上,E29 電気機械器具製造業,平成26,2014,7月,1098610,1201869,660322,447020,477586,317285,400799,46221,651590,724283,343037
５人以上,E29 電気機械器具製造業,平成26,2014,8月,453218,483206,325313,446423,476948,316228,402558,43865,6795,6258,9085
５人以上,E29 電気機械器具製造業,平成26,2014,9月,444788,475232,314041,440841,471290,310069,402448,38393,3947,3942,3972
５人以上,E29 電気機械器具製造業,平成26,2014,10月,449680,474852,341010,448911,474062,340331,400203,48708,769,790,679
５人以上,E29 電気機械器具製造業,平成26,2014,11月,490617,523271,342741,442143,470085,315607,394745,47398,48474,53186,27134
５人以上,E29 電気機械器具製造業,平成26,2014,12月,1260343,1358852,843299,439678,469379,313933,394417,45261,820665,889473,529366
５人以上,E30 情報通信機械器具製造業,平成18,2006,年平均,－,－,－,－,－,－,－,－,－,－,－
５人以上,E30 情報通信機械器具製造業,平成19,2007,年平均,－,－,－,－,－,－,－,－,－,－,－
５人以上,E30 情報通信機械器具製造業,平成20,2008,年平均,－,－,－,－,－,－,－,－,－,－,－
５人以上,E30 情報通信機械器具製造業,平成21,2009,年平均,－,－,－,－,－,－,－,－,－,－,－
５人以上,E30 情報通信機械器具製造業,平成22,2010,年平均,617369,680022,397731,448796,489649,305581,421449,27347,168573,190373,92150
５人以上,E30 情報通信機械器具製造業,平成23,2011,年平均,625051,691130,400718,450413,493031,305730,422632,27781,174638,198099,94988
５人以上,E30 情報通信機械器具製造業,平成24,2012,年平均,567672,602703,410692,437938,464686,318075,412483,25455,129734,138017,92617
５人以上,E30 情報通信機械器具製造業,平成25,2013,年平均,600564,641407,421713,451101,480850,320831,418142,32959,149463,160557,100882
５人以上,E30 情報通信機械器具製造業,平成26,2014,年平均,623068,669873,433287,461051,494193,326671,434113,26938,162017,175680,106616
５人以上,E30 情報通信機械器具製造業,平成26,2014,1月,459734,494129,319314,452432,485576,317119,425954,26478,7302,8553,2195
５人以上,E30 情報通信機械器具製造業,平成26,2014,2月,457372,491054,319653,456292,489751,319487,427558,28734,1080,1303,166
５人以上,E30 情報通信機械器具製造業,平成26,2014,3月,466211,499992,327551,462963,496406,325692,433688,29275,3248,3586,1859
５人以上,E30 情報通信機械器具製造業,平成26,2014,4月,474561,507831,338721,473321,506429,338144,442615,30706,1240,1402,577
５人以上,E30 情報通信機械器具製造業,平成26,2014,5月,460545,492416,330695,458797,490395,330061,432422,26375,1748,2021,634
５人以上,E30 情報通信機械器具製造業,平成26,2014,6月,1393694,1504618,943484,463930,495881,334249,438078,25852,929764,1008737,609235
５人以上,E30 情報通信機械器具製造業,平成26,2014,7月,493935,529345,350590,459731,493047,324863,433988,25743,34204,36298,25727
５人以上,E30 情報通信機械器具製造業,平成26,2014,8月,456292,488644,325878,455018,487180,325369,429099,25919,1274,1464,509
５人以上,E30 情報通信機械器具製造業,平成26,2014,9月,465554,498830,332642,462711,495691,330981,440724,21987,2843,3139,1661
５人以上,E30 情報通信機械器具製造業,平成26,2014,10月,467879,502462,329208,461610,495563,325467,435260,26350,6269,6899,3741
５人以上,E30 情報通信機械器具製造業,平成26,2014,11月,463839,498323,324898,463177,497531,324761,435006,28171,662,792,137
５人以上,E30 情報通信機械器具製造業,平成26,2014,12月,1442757,1558825,973031,462806,497202,323606,435288,27518,979951,1061623,649425
５人以上,E31 輸送用機械器具製造業,平成18,2006,年平均,530136,572531,346979,405969,438613,264940,370117,35852,124167,133918,82039
５人以上,E31 輸送用機械器具製造業,平成19,2007,年平均,507408,537317,312575,403908,428427,244185,365684,38224,103500,108890,68390
５人以上,E31 輸送用機械器具製造業,平成20,2008,年平均,540491,571817,356469,404469,428617,262612,373164,31305,136022,143200,93857
５人以上,E31 輸送用機械器具製造業,平成21,2009,年平均,567725,617519,415182,434359,473413,314717,419738,14621,133366,144106,100465
５人以上,E31 輸送用機械器具製造業,平成22,2010,年平均,566617,617840,392990,434549,472202,306920,414938,19611,132068,145638,86070
５人以上,E31 輸送用機械器具製造業,平成23,2011,年平均,576920,622617,400303,430809,464608,300179,407738,23071,146111,158009,100124
５人以上,E31 輸送用機械器具製造業,平成24,2012,年平均,466057,487004,329778,365332,382200,255589,332098,33234,100725,104804,74189
５人以上,E31 輸送用機械器具製造業,平成25,2013,年平均,486690,507936,352512,370263,387781,259629,339292,30971,116427,120155,92883
５人以上,E31 輸送用機械器具製造業,平成26,2014,年平均,593812,630006,416148,437663,467914,289169,411105,26558,156149,162092,126979
５人以上,E31 輸送用機械器具製造業,平成26,2014,1月,436802,466431,272835,436612,466214,272798,414910,21702,190,217,37
５人以上,E31 輸送用機械器具製造業,平成26,2014,2月,360547,374309,259262,360405,374150,259240,319501,40904,142,159,22
５人以上,E31 輸送用機械器具製造業,平成26,2014,3月,443981,474901,283915,443124,473922,283689,419139,23985,857,979,226
５人以上,E31 輸送用機械器具製造業,平成26,2014,4月,452997,484088,294993,452513,483554,294762,427690,24823,484,534,231
５人以上,E31 輸送用機械器具製造業,平成26,2014,5月,437050,467078,290638,423697,452647,282545,402679,21018,13353,14431,8093
５人以上,E31 輸送用機械器具製造業,平成26,2014,6月,777480,819531,571304,430912,461254,282146,408360,22552,346568,358277,289158
５人以上,E31 輸送用機械器具製造業,平成26,2014,7月,808212,877834,510853,462426,497285,313540,434891,27535,345786,380549,197313
５人以上,E31 輸送用機械器具製造業,平成26,2014,8月,752582,805948,525048,458791,494575,306221,432208,26583,293791,311373,218827
５人以上,E31 輸送用機械器具製造業,平成26,2014,9月,460117,496445,305375,458367,494597,304041,433314,25053,1750,1848,1334
５人以上,E31 輸送用機械器具製造業,平成26,2014,10月,424326,454870,271445,420608,451431,266333,396589,24019,3718,3439,5112
５人以上,E31 輸送用機械器具製造業,平成26,2014,11月,432775,464129,267722,431876,463127,267363,407482,24394,899,1002,359
５人以上,E31 輸送用機械器具製造業,平成26,2014,12月,1343480,1437025,962715,473598,512692,314471,437565,36033,869882,924333,648244
５人以上,E32、20 その他の製造業、なめし革・同製品・毛皮製造業,平成18,2006,年平均,－,－,－,－,－,－,－,－,－,－,－
５人以上,E32、20 その他の製造業、なめし革・同製品・毛皮製造業,平成19,2007,年平均,－,－,－,－,－,－,－,－,－,－,－
５人以上,E32、20 その他の製造業、なめし革・同製品・毛皮製造業,平成20,2008,年平均,－,－,－,－,－,－,－,－,－,－,－
５人以上,E32、20 その他の製造業、なめし革・同製品・毛皮製造業,平成21,2009,年平均,－,－,－,－,－,－,－,－,－,－,－
５人以上,E32、20 その他の製造業、なめし革・同製品・毛皮製造業,平成22,2010,年平均,385805,452161,257347,330743,385613,224520,314352,16391,55062,66548,32827
５人以上,E32、20 その他の製造業、なめし革・同製品・毛皮製造業,平成23,2011,年平均,380989,441135,262971,327550,375986,232510,309682,17868,53439,65149,30461
５人以上,E32、20 その他の製造業、なめし革・同製品・毛皮製造業,平成24,2012,年平均,462944,531255,313674,367416,418206,256433,351215,16201,95528,113049,57241
５人以上,E32、20 その他の製造業、なめし革・同製品・毛皮製造業,平成25,2013,年平均,445458,514688,290474,358642,413379,236104,340844,17798,86816,101309,54370
５人以上,E32、20 その他の製造業、なめし革・同製品・毛皮製造業,平成26,2014,年平均,437504,510499,276104,353234,410426,226777,335213,18021,84270,100073,49327
５人以上,E32、20 その他の製造業、なめし革・同製品・毛皮製造業,平成26,2014,1月,336675,395856,213278,331936,390963,208860,315868,16068,4739,4893,4418
５人以上,E32、20 その他の製造業、なめし革・同製品・毛皮製造業,平成26,2014,2月,353561,412283,228067,350253,409510,223618,333460,16793,3308,2773,4449
５人以上,E32、20 その他の製造業、なめし革・同製品・毛皮製造業,平成26,2014,3月,362828,426662,229598,355745,418328,225125,338022,17723,7083,8334,4473
５人以上,E32、20 その他の製造業、なめし革・同製品・毛皮製造業,平成26,2014,4月,360566,420672,226445,349211,407195,219826,329881,19330,11355,13477,6619
５人以上,E32、20 その他の製造業、なめし革・同製品・毛皮製造業,平成26,2014,5月,349775,409481,223886,347812,407028,222955,326511,21301,1963,2453,931
５人以上,E32、20 その他の製造業、なめし革・同製品・毛皮製造業,平成26,2014,6月,637206,754559,394617,351894,410235,231292,332712,19182,285312,344324,163325
５人以上,E32、20 その他の製造業、なめし革・同製品・毛皮製造業,平成26,2014,7月,603744,700901,362272,352793,399922,235659,335413,17380,250951,300979,126613
５人以上,E32、20 その他の製造業、なめし革・同製品・毛皮製造業,平成26,2014,8月,370432,415191,258846,348013,397518,224597,332910,15103,22419,17673,34249
５人以上,E32、20 その他の製造業、なめし革・同製品・毛皮製造業,平成26,2014,9月,379742,443101,241738,369269,430127,236713,353911,15358,10473,12974,5025
５人以上,E32、20 その他の製造業、なめし革・同製品・毛皮製造業,平成26,2014,10月,368386,425917,236339,361663,417797,232822,342991,18672,6723,8120,3517
５人以上,E32、20 その他の製造業、なめし革・同製品・毛皮製造業,平成26,2014,11月,363826,421652,232435,361378,418500,231585,341782,19596,2448,3152,850
５人以上,E32、20 その他の製造業、なめし革・同製品・毛皮製造業,平成26,2014,12月,751035,885622,460538,357977,417835,228779,338407,19570,393058,467787,231759
５人以上,I-1 卸売業,平成18,2006,年平均,561176,637967,361318,419059,471643,282203,402123,16936,142117,166324,79115
５人以上,I-1 卸売業,平成19,2007,年平均,531368,604397,334700,402225,452453,266961,385700,16525,129143,151944,67739
５人以上,I-1 卸売業,平成20,2008,年平均,529711,598398,344381,402035,449911,272859,384968,17067,127676,148487,71522
５人以上,I-1 卸売業,平成21,2009,年平均,506925,581223,338544,395027,448773,273224,378348,16679,111898,132450,65320
５人以上,I-1 卸売業,平成22,2010,年平均,513973,590819,345443,390833,446044,269752,374571,16262,123140,144775,75691
５人以上,I-1 卸売業,平成23,2011,年平均,501683,577452,334920,383443,437686,264057,367967,15476,118240,139766,70863
５人以上,I-1 卸売業,平成24,2012,年平均,497635,588760,321206,384041,449627,257058,367815,16226,113594,139133,64148
５人以上,I-1 卸売業,平成25,2013,年平均,506545,595777,333182,389104,452629,265685,371748,17356,117441,143148,67497
５人以上,I-1 卸売業,平成26,2014,年平均,508121,591714,339648,389768,448593,271213,373867,15901,118353,143121,68435
５人以上,I-1 卸売業,平成26,2014,1月,403812,464239,281483,392295,450594,274272,377311,14984,11517,13645,7211
５人以上,I-1 卸売業,平成26,2014,2月,408206,470738,283296,393796,453922,273692,377825,15971,14410,16816,9604
５人以上,I-1 卸売業,平成26,2014,3月,466647,548773,303438,393288,453610,273410,376851,16437,73359,95163,30028
５人以上,I-1 卸売業,平成26,2014,4月,413780,473185,295837,396311,453491,282783,378748,17563,17469,19694,13054
５人以上,I-1 卸売業,平成26,2014,5月,408010,469565,284760,391061,448634,275785,374513,16548,16949,20931,8975
５人以上,I-1 卸売業,平成26,2014,6月,776277,912381,505367,391975,450298,275885,376108,15867,384302,462083,229482
５人以上,I-1 卸売業,平成26,2014,7月,667695,789943,422730,384106,443384,265322,368671,15435,283589,346559,157408
５人以上,I-1 卸売業,平成26,2014,8月,409738,473898,280568,391314,451222,270704,376268,15046,18424,22676,9864
５人以上,I-1 卸売業,平成26,2014,9月,405381,466408,281593,390360,449190,271027,376120,14240,15021,17218,10566
５人以上,I-1 卸売業,平成26,2014,10月,391308,451249,269437,383106,441832,263706,367192,15914,8202,9417,5731
５人以上,I-1 卸売業,平成26,2014,11月,404121,466259,274856,386769,444903,265834,369959,16810,17352,21356,9022
５人以上,I-1 卸売業,平成26,2014,12月,937577,1108405,589011,382990,442369,261831,366984,16006,554587,666036,327180
５人以上,I-2 小売業,平成18,2006,年平均,－,－,－,－,－,－,－,－,－,－,－
５人以上,I-2 小売業,平成19,2007,年平均,－,－,－,－,－,－,－,－,－,－,－
５人以上,I-2 小売業,平成20,2008,年平均,－,－,－,－,－,－,－,－,－,－,－
５人以上,I-2 小売業,平成21,2009,年平均,－,－,－,－,－,－,－,－,－,－,－
５人以上,I-2 小売業,平成22,2010,年平均,257577,345607,174480,228008,299533,160492,217730,10278,29569,46074,13988
５人以上,I-2 小売業,平成23,2011,年平均,247469,333159,174863,219473,290628,159183,210900,8573,27996,42531,15680
５人以上,I-2 小売業,平成24,2012,年平均,243067,319468,182878,212277,274457,163291,201962,10315,30790,45011,19587
５人以上,I-2 小売業,平成25,2013,年平均,235770,312708,176403,206909,270416,157905,196041,10868,28861,42292,18498
５人以上,I-2 小売業,平成26,2014,年平均,234490,310621,180004,202591,262816,159489,191167,11424,31899,47805,20515
５人以上,I-2 小売業,平成26,2014,1月,217437,286609,164858,207145,269879,159459,195383,11762,10292,16730,5399
５人以上,I-2 小売業,平成26,2014,2月,211230,277642,162340,207136,270730,160321,196053,11083,4094,6912,2019
５人以上,I-2 小売業,平成26,2014,3月,214614,286628,164978,199217,262890,155331,187797,11420,15397,23738,9647
５人以上,I-2 小売業,平成26,2014,4月,218723,284237,171588,209383,270562,165366,195991,13392,9340,13675,6222
５人以上,I-2 小売業,平成26,2014,5月,207377,266128,165459,202222,261361,160028,191088,11134,5155,4767,5431
５人以上,I-2 小売業,平成26,2014,6月,287189,380902,219124,204579,264013,161411,194078,10501,82610,116889,57713
５人以上,I-2 小売業,平成26,2014,7月,282370,389422,207642,199171,256846,158911,187980,11191,83199,132576,48731
５人以上,I-2 小売業,平成26,2014,8月,207887,270242,163942,199685,258123,158501,188166,11519,8202,12119,5441
５人以上,I-2 小売業,平成26,2014,9月,205895,264846,163843,200131,258186,158719,189423,10708,5764,6660,5124
５人以上,I-2 小売業,平成26,2014,10月,206740,271295,160984,198958,258728,156593,187919,11039,7782,12567,4391
５人以上,I-2 小売業,平成26,2014,11月,213133,279550,165871,202866,262853,160179,191339,11527,10267,16697,5692
５人以上,I-2 小売業,平成26,2014,12月,341602,471903,249219,200594,259008,159178,188790,11804,141008,212895,90041
５人以上,M75 宿泊業,平成18,2006,年平均,－,－,－,－,－,－,－,－,－,－,－
５人以上,M75 宿泊業,平成19,2007,年平均,－,－,－,－,－,－,－,－,－,－,－
５人以上,M75 宿泊業,平成20,2008,年平均,－,－,－,－,－,－,－,－,－,－,－
５人以上,M75 宿泊業,平成21,2009,年平均,－,－,－,－,－,－,－,－,－,－,－
５人以上,M75 宿泊業,平成22,2010,年平均,292537,343686,227952,262714,308138,205357,246893,15821,29823,35548,22595
５人以上,M75 宿泊業,平成23,2011,年平均,319114,366856,243397,286200,330547,215868,273835,12365,32914,36309,27529
５人以上,M75 宿泊業,平成24,2012,年平均,294977,364699,194646,258949,315000,178291,242347,16602,36028,49699,16355
５人以上,M75 宿泊業,平成25,2013,年平均,311910,383394,214299,269503,326826,191229,251030,18473,42407,56568,23070
５人以上,M75 宿泊業,平成26,2014,年平均,343906,409514,253472,288168,339241,217770,269418,18750,55738,70273,35702
５人以上,M75 宿泊業,平成26,2014,1月,288848,351093,213343,279679,340739,205613,257492,22187,9169,10354,7730
５人以上,M75 宿泊業,平成26,2014,2月,288530,346026,210295,285864,343007,208110,268053,17811,2666,3019,2185
５人以上,M75 宿泊業,平成26,2014,3月,325061,388149,238406,290063,347100,211720,271332,18731,34998,41049,26686
５人以上,M75 宿泊業,平成26,2014,4月,301310,354039,228914,294852,347160,223033,273486,21366,6458,6879,5881
５人以上,M75 宿泊業,平成26,2014,5月,307665,365671,229402,291941,345817,219250,272738,19203,15724,19854,10152
５人以上,M75 宿泊業,平成26,2014,6月,416585,515011,276640,287443,335105,219675,268594,18849,129142,179906,56965
５人以上,M75 宿泊業,平成26,2014,7月,429868,474491,367956,282350,330450,215615,265769,16581,147518,144041,152341
５人以上,M75 宿泊業,平成26,2014,8月,288789,340484,217460,286019,336657,216149,268927,17092,2770,3827,1311
５人以上,M75 宿泊業,平成26,2014,9月,313899,367434,237947,289628,338650,220078,272174,17454,24271,28784,17869
５人以上,M75 宿泊業,平成26,2014,10月,288701,336375,220755,286166,333352,218916,267354,18812,2535,3023,1839
５人以上,M75 宿泊業,平成26,2014,11月,292291,338544,225229,290590,336708,223722,270641,19949,1701,1836,1507
５人以上,M75 宿泊業,平成26,2014,12月,579710,724692,376104,293323,336790,232280,276291,17032,286387,387902,143824
５人以上,MS Ｍ一括分,平成18,2006,年平均,－,－,－,－,－,－,－,－,－,－,－
５人以上,MS Ｍ一括分,平成19,2007,年平均,－,－,－,－,－,－,－,－,－,－,－
５人以上,MS Ｍ一括分,平成20,2008,年平均,－,－,－,－,－,－,－,－,－,－,－
５人以上,MS Ｍ一括分,平成21,2009,年平均,－,－,－,－,－,－,－,－,－,－,－
５人以上,MS Ｍ一括分,平成22,2010,年平均,146723,202680,99956,139324,189357,97508,132554,6770,7399,13323,2448
５人以上,MS Ｍ一括分,平成23,2011,年平均,141098,193582,95514,133469,180486,92633,128081,5388,7629,13096,2881
５人以上,MS Ｍ一括分,平成24,2012,年平均,149889,203815,108836,140810,190177,103228,132615,8195,9079,13638,5608
５人以上,MS Ｍ一括分,平成25,2013,年平均,146722,196147,107491,137062,181807,101545,127550,9512,9660,14340,5946
５人以上,MS Ｍ一括分,平成26,2014,年平均,148177,199674,108459,138447,184610,102842,128266,10181,9730,15064,5617
５人以上,MS Ｍ一括分,平成26,2014,1月,138671,184409,104017,134784,178398,101740,124489,10295,3887,6011,2277
５人以上,MS Ｍ一括分,平成26,2014,2月,139717,186738,103651,138120,185125,102066,127009,11111,1597,1613,1585
５人以上,MS Ｍ一括分,平成26,2014,3月,140892,189794,104051,138255,185130,102942,128201,10054,2637,4664,1109
５人以上,MS Ｍ一括分,平成26,2014,4月,141694,188236,106889,140959,186943,106570,130250,10709,735,1293,319
５人以上,MS Ｍ一括分,平成26,2014,5月,137455,182239,104326,136177,180060,103715,126832,9345,1278,2179,611
５人以上,MS Ｍ一括分,平成26,2014,6月,163748,229433,115033,136917,180765,104397,126837,10080,26831,48668,10636
５人以上,MS Ｍ一括分,平成26,2014,7月,163909,213840,124313,137582,179648,104224,127560,10022,26327,34192,20089
５人以上,MS Ｍ一括分,平成26,2014,8月,142610,190459,104572,140682,186802,104018,130488,10194,1928,3657,554
５人以上,MS Ｍ一括分,平成26,2014,9月,147857,204556,102942,146752,202561,102543,136400,10352,1105,1995,399
５人以上,MS Ｍ一括分,平成26,2014,10月,138765,184261,102674,137666,182259,102292,127534,10132,1099,2002,382
５人以上,MS Ｍ一括分,平成26,2014,11月,149107,194013,114532,131806,177402,96700,122505,9301,17301,16611,17832
５人以上,MS Ｍ一括分,平成26,2014,12月,172299,244748,114028,141506,189436,102956,130892,10614,30793,55312,11072
５人以上,P83 医療業,平成18,2006,年平均,－,－,－,－,－,－,－,－,－,－,－
５人以上,P83 医療業,平成19,2007,年平均,－,－,－,－,－,－,－,－,－,－,－
５人以上,P83 医療業,平成20,2008,年平均,－,－,－,－,－,－,－,－,－,－,－
５人以上,P83 医療業,平成21,2009,年平均,－,－,－,－,－,－,－,－,－,－,－
５人以上,P83 医療業,平成22,2010,年平均,399346,534240,350682,333767,463275,287047,306826,26941,65579,70965,63635
５人以上,P83 医療業,平成23,2011,年平均,395808,511822,353833,326292,441020,284783,300271,26021,69516,70802,69050
５人以上,P83 医療業,平成24,2012,年平均,387946,531729,330662,333570,469431,279442,309697,23873,54376,62298,51220
５人以上,P83 医療業,平成25,2013,年平均,396215,553355,333389,336301,485269,276743,312773,23528,59914,68086,56646
５人以上,P83 医療業,平成26,2014,年平均,383116,508840,333898,316383,431155,271453,294215,22168,66733,77685,62445
５人以上,P83 医療業,平成26,2014,1月,313316,428607,267541,311901,427371,266055,289062,22839,1415,1236,1486
５人以上,P83 医療業,平成26,2014,2月,319636,438691,273402,318836,437189,272875,294658,24178,800,1502,527
５人以上,P83 医療業,平成26,2014,3月,309382,421683,266698,300737,408988,259593,278378,22359,8645,12695,7105
５人以上,P83 医療業,平成26,2014,4月,337154,460550,290446,320880,443993,274279,297918,22962,16274,16557,16167
５人以上,P83 医療業,平成26,2014,5月,319083,437927,273449,313555,431211,268378,291646,21909,5528,6716,5071
５人以上,P83 医療業,平成26,2014,6月,542786,733398,469239,321258,437505,276405,299004,22254,221528,295893,192834
５人以上,P83 医療業,平成26,2014,7月,435899,540383,393957,321161,434703,275583,299051,22110,114738,105680,118374
５人以上,P83 医療業,平成26,2014,8月,317171,423739,274101,314944,422212,271591,292642,22302,2227,1527,2510
５人以上,P83 医療業,平成26,2014,9月,318635,434799,272921,316410,429312,271979,294206,22204,2225,5487,942
５人以上,P83 医療業,平成26,2014,10月,324573,443311,276963,320175,438093,272893,298693,21482,4398,5218,4070
５人以上,P83 医療業,平成26,2014,11月,357822,496420,303615,319186,429633,275989,295589,23597,38636,66787,27626
５人以上,P83 医療業,平成26,2014,12月,695965,840960,639040,317144,433401,271502,299236,17908,378821,407559,367538
５人以上,PS Ｐ一括分,平成18,2006,年平均,－,－,－,－,－,－,－,－,－,－,－
５人以上,PS Ｐ一括分,平成19,2007,年平均,－,－,－,－,－,－,－,－,－,－,－
５人以上,PS Ｐ一括分,平成20,2008,年平均,－,－,－,－,－,－,－,－,－,－,－
５人以上,PS Ｐ一括分,平成21,2009,年平均,－,－,－,－,－,－,－,－,－,－,－
５人以上,PS Ｐ一括分,平成22,2010,年平均,282555,351574,261307,233273,293134,214844,225347,7926,49282,58440,46463
５人以上,PS Ｐ一括分,平成23,2011,年平均,261023,341243,237657,218408,280557,200305,210275,8133,42615,60686,37352
５人以上,PS Ｐ一括分,平成24,2012,年平均,286398,385563,251754,237344,315071,210190,227049,10295,49054,70492,41564
５人以上,PS Ｐ一括分,平成25,2013,年平均,281731,381549,244793,236190,312907,207800,225240,10950,45541,68642,36993
５人以上,PS Ｐ一括分,平成26,2014,年平均,291220,391266,250723,246305,326281,213932,234477,11828,44915,64985,36791
５人以上,PS Ｐ一括分,平成26,2014,1月,246405,323463,214080,241663,318903,209261,230513,11150,4742,4560,4819
５人以上,PS Ｐ一括分,平成26,2014,2月,245455,324932,212679,241520,320030,209143,230025,11495,3935,4902,3536
５人以上,PS Ｐ一括分,平成26,2014,3月,258919,338803,225803,247648,323561,216178,235602,12046,11271,15242,9625
５人以上,PS Ｐ一括分,平成26,2014,4月,263413,349672,228686,254487,336590,221434,240830,13657,8926,13082,7252
５人以上,PS Ｐ一括分,平成26,2014,5月,248350,327715,216156,246109,325398,213945,233293,12816,2241,2317,2211
５人以上,PS Ｐ一括分,平成26,2014,6月,406410,570796,340269,246041,323436,214901,233523,12518,160369,247360,125368
５人以上,PS Ｐ一括分,平成26,2014,7月,298401,395776,259251,245100,327127,212121,233473,11627,53301,68649,47130
５人以上,PS Ｐ一括分,平成26,2014,8月,247281,328825,214894,245210,326489,212928,234898,10312,2071,2336,1966
５人以上,PS Ｐ一括分,平成26,2014,9月,251621,338562,216648,248071,331553,214489,237138,10933,3550,7009,2159
５人以上,PS Ｐ一括分,平成26,2014,10月,257115,339395,224130,249008,328754,217039,237826,11182,8107,10641,7091
５人以上,PS Ｐ一括分,平成26,2014,11月,279170,375091,240897,247112,328199,214757,234654,12458,32058,46892,26140
５人以上,PS Ｐ一括分,平成26,2014,12月,489614,683524,412079,243678,325613,210916,231930,11748,245936,357911,201163
５人以上,R91 職業紹介・労働者派遣業,平成18,2006,年平均,－,－,－,－,－,－,－,－,－,－,－
５人以上,R91 職業紹介・労働者派遣業,平成19,2007,年平均,－,－,－,－,－,－,－,－,－,－,－
５人以上,R91 職業紹介・労働者派遣業,平成20,2008,年平均,－,－,－,－,－,－,－,－,－,－,－
５人以上,R91 職業紹介・労働者派遣業,平成21,2009,年平均,－,－,－,－,－,－,－,－,－,－,－
５人以上,R91 職業紹介・労働者派遣業,平成22,2010,年平均,244437,307897,220809,228548,279440,209599,210568,17980,15889,28457,11210
５人以上,R91 職業紹介・労働者派遣業,平成23,2011,年平均,235336,301932,210576,222762,275712,203076,203655,19107,12574,26220,7500
５人以上,R91 職業紹介・労働者派遣業,平成24,2012,年平均,262425,334050,222942,245701,300755,215353,224615,21086,16724,33295,7589
５人以上,R91 職業紹介・労働者派遣業,平成25,2013,年平均,259610,324418,219068,241904,291969,210584,222246,19658,17706,32449,8484
５人以上,R91 職業紹介・労働者派遣業,平成26,2014,年平均,274984,353833,228391,251354,312898,214987,232565,18789,23630,40935,13404
５人以上,R91 職業紹介・労働者派遣業,平成26,2014,1月,236980,297509,205950,235217,294722,204712,218017,17200,1763,2787,1238
５人以上,R91 職業紹介・労働者派遣業,平成26,2014,2月,247626,307984,212101,247380,307671,211894,228451,18929,246,313,207
５人以上,R91 職業紹介・労働者派遣業,平成26,2014,3月,268404,338498,222118,258784,323050,216347,233618,25166,9620,15448,5771
５人以上,R91 職業紹介・労働者派遣業,平成26,2014,4月,263384,328393,224325,256074,314577,220924,235260,20814,7310,13816,3401
５人以上,R91 職業紹介・労働者派遣業,平成26,2014,5月,247362,302385,218109,246587,301083,217614,229764,16823,775,1302,495
５人以上,R91 職業紹介・労働者派遣業,平成26,2014,6月,351662,492383,268004,253161,312347,217975,235531,17630,98501,180036,50029
５人以上,R91 職業紹介・労働者派遣業,平成26,2014,7月,296613,362492,252836,269217,330284,228638,248409,20808,27396,32208,24198
５人以上,R91 職業紹介・労働者派遣業,平成26,2014,8月,246273,308284,212297,245591,307612,211609,229939,15652,682,672,688
５人以上,R91 職業紹介・労働者派遣業,平成26,2014,9月,246566,312650,209293,241660,306188,205265,224559,17101,4906,6462,4028
５人以上,R91 職業紹介・労働者派遣業,平成26,2014,10月,262885,328447,225183,255573,315244,221258,236071,19502,7312,13203,3925
５人以上,R91 職業紹介・労働者派遣業,平成26,2014,11月,272493,349815,224523,251019,317390,209842,231868,19151,21474,32425,14681
５人以上,R91 職業紹介・労働者派遣業,平成26,2014,12月,356880,492508,269204,255928,319072,215108,239015,16913,100952,173436,54096
５人以上,R92 その他の事業サービス業,平成18,2006,年平均,－,－,－,－,－,－,－,－,－,－,－
５人以上,R92 その他の事業サービス業,平成19,2007,年平均,－,－,－,－,－,－,－,－,－,－,－
５人以上,R92 その他の事業サービス業,平成20,2008,年平均,－,－,－,－,－,－,－,－,－,－,－
５人以上,R92 その他の事業サービス業,平成21,2009,年平均,－,－,－,－,－,－,－,－,－,－,－
５人以上,R92 その他の事業サービス業,平成22,2010,年平均,330410,400809,224766,277644,332685,195047,256993,20651,52766,68124,29719
５人以上,R92 その他の事業サービス業,平成23,2011,年平均,322641,403381,218254,267826,329971,187481,248763,19063,54815,73410,30773
５人以上,R92 その他の事業サービス業,平成24,2012,年平均,283916,350932,191342,244404,297348,171269,222664,21740,39512,53584,20073
５人以上,R92 その他の事業サービス業,平成25,2013,年平均,287011,356025,194897,243878,298155,171435,222440,21438,43133,57870,23462
５人以上,R92 その他の事業サービス業,平成26,2014,年平均,286049,359123,192039,244325,302502,169480,221446,22879,41724,56621,22559
５人以上,R92 その他の事業サービス業,平成26,2014,1月,246326,304746,171808,237637,293150,166826,215465,22172,8689,11596,4982
５人以上,R92 その他の事業サービス業,平成26,2014,2月,244573,303092,171615,235936,294254,163228,214670,21266,8637,8838,8387
５人以上,R92 その他の事業サービス業,平成26,2014,3月,260612,323923,177499,249029,307680,172033,225451,23578,11583,16243,5466
５人以上,R92 その他の事業サービス業,平成26,2014,4月,254223,310915,179065,249094,303453,177030,224270,24824,5129,7462,2035
５人以上,R92 その他の事業サービス業,平成26,2014,5月,251178,308386,176684,245977,303071,171631,221952,24025,5201,5315,5053
５人以上,R92 その他の事業サービス業,平成26,2014,6月,399519,504239,262381,248671,306017,173573,225954,22717,150848,198222,88808
５人以上,R92 その他の事業サービス業,平成26,2014,7月,313511,394316,202639,254584,313409,173870,230992,23592,58927,80907,28769
５人以上,R92 その他の事業サービス業,平成26,2014,8月,245448,301571,172601,240514,295155,169590,219053,21461,4934,6416,3011
５人以上,R92 その他の事業サービス業,平成26,2014,9月,254102,316655,176257,245728,305968,170761,223933,21795,8374,10687,5496
５人以上,R92 その他の事業サービス業,平成26,2014,10月,254751,321139,170996,246320,307806,168749,224032,22288,8431,13333,2247
５人以上,R92 その他の事業サービス業,平成26,2014,11月,244080,308280,164793,236932,297385,162273,213406,23526,7148,10895,2520
５人以上,R92 その他の事業サービス業,平成26,2014,12月,462981,608699,278863,241539,302112,165004,218211,23328,221442,306587,113859
５人以上,RS Ｒ一括分,平成18,2006,年平均,－,－,－,－,－,－,－,－,－,－,－
５人以上,RS Ｒ一括分,平成19,2007,年平均,－,－,－,－,－,－,－,－,－,－,－
５人以上,RS Ｒ一括分,平成20,2008,年平均,－,－,－,－,－,－,－,－,－,－,－
５人以上,RS Ｒ一括分,平成21,2009,年平均,－,－,－,－,－,－,－,－,－,－,－
５人以上,RS Ｒ一括分,平成22,2010,年平均,459923,504526,327592,371025,405676,268221,347843,23182,88898,98850,59371
５人以上,RS Ｒ一括分,平成23,2011,年平均,444365,493505,300151,358862,397300,246057,336190,22672,85503,96205,54094
５人以上,RS Ｒ一括分,平成24,2012,年平均,421354,463876,295276,344371,376924,247849,308908,35463,76983,86952,47427
５人以上,RS Ｒ一括分,平成25,2013,年平均,433452,470936,327067,348581,377132,267550,312880,35701,84871,93804,59517
５人以上,RS Ｒ一括分,平成26,2014,年平均,440526,476086,334560,347733,375556,264823,309878,37855,92793,100530,69737
５人以上,RS Ｒ一括分,平成26,2014,1月,341870,372023,257236,336196,364828,255830,301527,34669,5674,7195,1406
５人以上,RS Ｒ一括分,平成26,2014,2月,349330,380589,255481,339113,368170,251877,299855,39258,10217,12419,3604
５人以上,RS Ｒ一括分,平成26,2014,3月,375699,413748,260213,339792,370713,245941,296043,43749,35907,43035,14272
５人以上,RS Ｒ一括分,平成26,2014,4月,358175,384879,283140,347236,374036,271933,314568,32668,10939,10843,11207
５人以上,RS Ｒ一括分,平成26,2014,5月,342616,370935,268381,332708,360796,259079,301289,31419,9908,10139,9302
５人以上,RS Ｒ一括分,平成26,2014,6月,661684,712061,523617,343016,372604,261925,310892,32124,318668,339457,261692
５人以上,RS Ｒ一括分,平成26,2014,7月,490219,535745,347293,356425,381255,278473,315578,40847,133794,154490,68820
５人以上,RS Ｒ一括分,平成26,2014,8月,417018,456797,293322,358396,384651,276754,317711,40685,58622,72146,16568
５人以上,RS Ｒ一括分,平成26,2014,9月,368077,393365,283672,356938,381982,273346,317284,39654,11139,11383,10326
５人以上,RS Ｒ一括分,平成26,2014,10月,368773,394776,287935,357398,383432,276464,316173,41225,11375,11344,11471
５人以上,RS Ｒ一括分,平成26,2014,11月,379837,405496,300858,352326,380981,264125,313361,38965,27511,24515,36733
５人以上,RS Ｒ一括分,平成26,2014,12月,838799,897069,658702,353726,382407,265081,314700,39026,485073,514662,393621
５人以上,TK1 特掲産業１（注１）,平成18,2006,年平均,640575,688418,458346,476502,510093,348556,452757,23745,164073,178325,109790
５人以上,TK1 特掲産業１（注１）,平成19,2007,年平均,598070,652679,390780,455838,494713,308273,428399,27439,142232,157966,82507
５人以上,TK1 特掲産業１（注１）,平成20,2008,年平均,589748,650752,363721,436264,479157,277340,409717,26547,153484,171595,86381
５人以上,TK1 特掲産業１（注１）,平成21,2009,年平均,551820,620399,364894,423702,470289,296718,402303,21399,128118,150110,68176
５人以上,TK1 特掲産業１（注１）,平成22,2010,年平均,568097,633338,372470,437738,484899,296324,417380,20358,130359,148439,76146
５人以上,TK1 特掲産業１（注１）,平成23,2011,年平均,526719,582861,361055,423993,465787,300667,404990,19003,102726,117074,60388
５人以上,TK1 特掲産業１（注１）,平成24,2012,年平均,544421,610508,366790,423439,470589,296709,403829,19610,120982,139919,70081
５人以上,TK1 特掲産業１（注１）,平成25,2013,年平均,551530,614891,371744,417806,462952,289705,398915,18891,133724,151939,82039
５人以上,TK1 特掲産業１（注１）,平成26,2014,年平均,556524,613341,380366,421944,462783,295324,403693,18251,134580,150558,85042
５人以上,TK1 特掲産業１（注１）,平成26,2014,1月,428372,477034,290642,400363,445105,273726,384126,16237,28009,31929,16916
５人以上,TK1 特掲産業１（注１）,平成26,2014,2月,435466,484001,294499,430159,478750,289028,408365,21794,5307,5251,5471
５人以上,TK1 特掲産業１（注１）,平成26,2014,3月,465802,520114,311683,409723,452502,288328,391086,18637,56079,67612,23355
５人以上,TK1 特掲産業１（注１）,平成26,2014,4月,436290,484320,294808,425794,473369,285652,405696,20098,10496,10951,9156
５人以上,TK1 特掲産業１（注１）,平成26,2014,5月,518374,575946,340984,424927,465832,298892,407846,17081,93447,110114,42092
５人以上,TK1 特掲産業１（注１）,平成26,2014,6月,883528,997170,538846,418401,458807,295848,399766,18635,465127,538363,242998
５人以上,TK1 特掲産業１（注１）,平成26,2014,7月,581884,615034,471426,435360,473340,308808,416223,19137,146524,141694,162618
５人以上,TK1 特掲産業１（注１）,平成26,2014,8月,423195,457955,306900,419140,454226,301753,402372,16768,4055,3729,5147
５人以上,TK1 特掲産業１（注１）,平成26,2014,9月,481326,526240,327865,424583,460333,302433,407748,16835,56743,65907,25432
５人以上,TK1 特掲産業１（注１）,平成26,2014,10月,430664,468119,310979,420350,457206,302580,402434,17916,10314,10913,8399
５人以上,TK1 特掲産業１（注１）,平成26,2014,11月,528506,584464,348818,425943,464964,300643,408254,17689,102563,119500,48175
５人以上,TK1 特掲産業１（注１）,平成26,2014,12月,1066702,1166299,748497,428980,468855,301584,410818,18162,637722,697444,446913
５人以上,TK2 特掲産業２（注２）,平成18,2006,年平均,－,－,－,－,－,－,－,－,－,－,－
５人以上,TK2 特掲産業２（注２）,平成19,2007,年平均,－,－,－,－,－,－,－,－,－,－,－
５人以上,TK2 特掲産業２（注２）,平成20,2008,年平均,－,－,－,－,－,－,－,－,－,－,－
５人以上,TK2 特掲産業２（注２）,平成21,2009,年平均,－,－,－,－,－,－,－,－,－,－,－
５人以上,TK2 特掲産業２（注２）,平成22,2010,年平均,481372,556737,340380,410513,475643,288668,386570,23943,70859,81094,51712
５人以上,TK2 特掲産業２（注２）,平成23,2011,年平均,487079,559844,347179,411310,473957,290864,386499,24811,75769,85887,56315
５人以上,TK2 特掲産業２（注２）,平成24,2012,年平均,527537,588862,388856,429256,477472,320220,393790,35466,98281,111390,68636
５人以上,TK2 特掲産業２（注２）,平成25,2013,年平均,494971,546382,374196,405241,444659,312640,369334,35907,89730,101723,61556
５人以上,TK2 特掲産業２（注２）,平成26,2014,年平均,482901,536072,366750,395894,438430,302976,360946,34948,87007,97642,63774
５人以上,TK2 特掲産業２（注２）,平成26,2014,1月,419564,459075,330835,404525,449859,302719,375697,28828,15039,9216,28116
５人以上,TK2 特掲産業２（注２）,平成26,2014,2月,398433,440470,304542,396129,437925,302777,364147,31982,2304,2545,1765
５人以上,TK2 特掲産業２（注２）,平成26,2014,3月,408731,452054,313312,401772,444417,307844,361890,39882,6959,7637,5468
５人以上,TK2 特掲産業２（注２）,平成26,2014,4月,404079,449241,307746,398583,443286,303229,362335,36248,5496,5955,4517
５人以上,TK2 特掲産業２（注２）,平成26,2014,5月,402784,445421,310527,396158,440066,301151,355726,40432,6626,5355,9376
５人以上,TK2 特掲産業２（注２）,平成26,2014,6月,660762,767911,429782,399548,444276,303127,355822,43726,261214,323635,126655
５人以上,TK2 特掲産業２（注２）,平成26,2014,7月,528502,586899,403457,395044,437779,303536,362327,32717,133458,149120,99921
５人以上,TK2 特掲産業２（注２）,平成26,2014,8月,399797,439277,310367,391921,432469,300071,361048,30873,7876,6808,10296
５人以上,TK2 特掲産業２（注２）,平成26,2014,9月,582123,662438,410232,415543,462624,314780,381147,34396,166580,199814,95452
５人以上,TK2 特掲産業２（注２）,平成26,2014,10月,394055,433105,310894,381732,421631,296763,348961,32771,12323,11474,14131
５人以上,TK2 特掲産業２（注２）,平成26,2014,11月,405400,444467,318709,388740,428785,299877,355155,33585,16660,15682,18832
５人以上,TK2 特掲産業２（注２）,平成26,2014,12月,780985,843887,642807,381451,418640,299758,347895,33556,399534,425247,343049
５人以上,TK3 特掲産業３（注３）,平成18,2006,年平均,－,－,－,－,－,－,－,－,－,－,－
５人以上,TK3 特掲産業３（注３）,平成19,2007,年平均,－,－,－,－,－,－,－,－,－,－,－
５人以上,TK3 特掲産業３（注３）,平成20,2008,年平均,－,－,－,－,－,－,－,－,－,－,－
５人以上,TK3 特掲産業３（注３）,平成21,2009,年平均,－,－,－,－,－,－,－,－,－,－,－
５人以上,TK3 特掲産業３（注３）,平成22,2010,年平均,489476,545162,365280,420940,466620,319061,389532,31408,68536,78542,46219
５人以上,TK3 特掲産業３（注３）,平成23,2011,年平均,526282,564471,407563,443279,474949,344827,409658,33621,83003,89522,62736
５人以上,TK3 特掲産業３（注３）,平成24,2012,年平均,534465,610477,411809,457516,516082,363011,413300,44216,76949,94395,48798
５人以上,TK3 特掲産業３（注３）,平成25,2013,年平均,528425,602098,410098,448371,503472,359872,403284,45087,80054,98626,50226
５人以上,TK3 特掲産業３（注３）,平成26,2014,年平均,550964,635634,425399,453258,511757,366504,404765,48493,97706,123877,58895
５人以上,TK3 特掲産業３（注３）,平成26,2014,1月,433112,482383,350982,430826,479674,349402,390441,40385,2286,2709,1580
５人以上,TK3 特掲産業３（注３）,平成26,2014,2月,458040,513162,371254,450349,504063,365780,408891,41458,7691,9099,5474
５人以上,TK3 特掲産業３（注３）,平成26,2014,3月,444290,495728,369340,432830,487951,352513,388164,44666,11460,7777,16827
５人以上,TK3 特掲産業３（注３）,平成26,2014,4月,461673,516441,372585,450604,504212,363403,406566,44038,11069,12229,9182
５人以上,TK3 特掲産業３（注３）,平成26,2014,5月,524870,589681,426074,447342,506692,356870,403758,43584,77528,82989,69204
５人以上,TK3 特掲産業３（注３）,平成26,2014,6月,946825,1170496,605980,442062,506567,343764,400324,41738,504763,663929,262216
５人以上,TK3 特掲産業３（注３）,平成26,2014,7月,466953,523484,371279,450343,505905,356309,404309,46034,16610,17579,14970
５人以上,TK3 特掲産業３（注３）,平成26,2014,8月,444692,499178,361424,443973,499124,359688,387477,56496,719,54,1736
５人以上,TK3 特掲産業３（注３）,平成26,2014,9月,461088,533526,355204,460878,533436,354819,404816,56062,210,90,385
５人以上,TK3 特掲産業３（注３）,平成26,2014,10月,518724,565316,449638,472888,536501,378565,412412,60476,45836,28815,71073
５人以上,TK3 特掲産業３（注３）,平成26,2014,11月,533659,603170,473675,531932,602508,471028,475123,56809,1727,662,2647
５人以上,TK3 特掲産業３（注３）,平成26,2014,12月,985222,1249735,614811,452445,533487,338958,392014,60431,532777,716248,275853
５人以上,TK4 特掲産業４（注４）,平成18,2006,年平均,258601,313153,206293,241276,291464,193153,231825,9451,17325,21689,13140
５人以上,TK4 特掲産業４（注４）,平成19,2007,年平均,220295,272979,186644,209338,258520,177923,203473,5865,10957,14459,8721
５人以上,TK4 特掲産業４（注４）,平成20,2008,年平均,213030,251744,191788,202279,237406,183005,198020,4259,10751,14338,8783
５人以上,TK4 特掲産業４（注４）,平成21,2009,年平均,261205,332096,218906,238164,297630,202682,228083,10081,23041,34466,16224
５人以上,TK4 特掲産業４（注４）,平成22,2010,年平均,253308,312061,214840,238206,291543,203284,229720,8486,15102,20518,11556
５人以上,TK4 特掲産業４（注４）,平成23,2011,年平均,277529,349946,216820,250561,308605,201901,241846,8715,26968,41341,14919
５人以上,TK4 特掲産業４（注４）,平成24,2012,年平均,257160,331590,202436,236518,298483,190959,228491,8027,20642,33107,11477
５人以上,TK4 特掲産業４（注４）,平成25,2013,年平均,288675,398617,229799,253155,337004,208252,241849,11306,35520,61613,21547
５人以上,TK4 特掲産業４（注４）,平成26,2014,年平均,264260,369473,215568,234726,317081,196612,223698,11028,29534,52392,18956
５人以上,TK4 特掲産業４（注４）,平成26,2014,1月,251426,343824,210782,230834,316935,192960,217807,13027,20592,26889,17822
５人以上,TK4 特掲産業４（注４）,平成26,2014,2月,256148,353738,211901,251609,345918,208850,239985,11624,4539,7820,3051
５人以上,TK4 特掲産業４（注４）,平成26,2014,3月,250407,343560,207695,247163,337297,205836,235203,11960,3244,6263,1859
５人以上,TK4 特掲産業４（注４）,平成26,2014,4月,258454,359939,215822,254286,353857,212458,238032,16254,4168,6082,3364
５人以上,TK4 特掲産業４（注４）,平成26,2014,5月,247264,334969,209592,243395,331825,205411,228935,14460,3869,3144,4181
５人以上,TK4 特掲産業４（注４）,平成26,2014,6月,354272,553427,268132,245298,333344,207216,231922,13376,108974,220083,60916
５人以上,TK4 特掲産業４（注４）,平成26,2014,7月,286385,406200,227266,222033,297388,184851,212209,9824,64352,108812,42415
５人以上,TK4 特掲産業４（注４）,平成26,2014,8月,217976,290399,186214,215964,286617,184978,208916,7048,2012,3782,1236
５人以上,TK4 特掲産業４（注４）,平成26,2014,9月,220781,294953,186850,218003,290656,184767,210674,7329,2778,4297,2083
５人以上,TK4 特掲産業４（注４）,平成26,2014,10月,233230,309551,194287,228528,307507,188229,220037,8491,4702,2044,6058
５人以上,TK4 特掲産業４（注４）,平成26,2014,11月,266396,390112,202246,228903,303241,190357,219483,9420,37493,86871,11889
５人以上,TK4 特掲産業４（注４）,平成26,2014,12月,325913,444919,264833,231574,308215,192238,222050,9524,94339,136704,72595
５人以上,TK5 特掲産業５（注５）,平成18,2006,年平均,442226,478341,248433,356626,385857,199773,319021,37605,85600,92484,48660
５人以上,TK5 特掲産業５（注５）,平成19,2007,年平均,460706,489806,267751,368580,389363,230772,334069,34511,92126,100443,36979
５人以上,TK5 特掲産業５（注５）,平成20,2008,年平均,429007,456737,255580,350332,370904,221672,318842,31490,78675,85833,33908
５人以上,TK5 特掲産業５（注５）,平成21,2009,年平均,460159,488810,278131,364481,386813,222599,332026,32455,95678,101997,55532
５人以上,TK5 特掲産業５（注５）,平成22,2010,年平均,455084,484276,280581,366628,388571,235458,331215,35413,88456,95705,45123
５人以上,TK5 特掲産業５（注５）,平成23,2011,年平均,460077,495909,280726,364729,391500,230733,329478,35251,95348,104409,49993
５人以上,TK5 特掲産業５（注５）,平成24,2012,年平均,462016,483563,307483,368018,383269,258643,317461,50557,93998,100294,48840
５人以上,TK5 特掲産業５（注５）,平成25,2013,年平均,464644,486699,310873,368127,384090,256827,314037,54090,96517,102609,54046
５人以上,TK5 特掲産業５（注５）,平成26,2014,年平均,473749,495719,287747,366871,382710,232777,306076,60795,106878,113009,54970
５人以上,TK5 特掲産業５（注５）,平成26,2014,1月,362119,380097,223151,356826,374556,219770,300828,55998,5293,5541,3381
５人以上,TK5 特掲産業５（注５）,平成26,2014,2月,361984,379234,231594,357979,375431,226060,301240,56739,4005,3803,5534
５人以上,TK5 特掲産業５（注５）,平成26,2014,3月,426986,444086,270486,375141,391364,226662,303636,71505,51845,52722,43824
５人以上,TK5 特掲産業５（注５）,平成26,2014,4月,366335,381304,236613,360400,375536,229234,305517,54883,5935,5768,7379
５人以上,TK5 特掲産業５（注５）,平成26,2014,5月,362085,377336,232504,351812,366919,223456,298950,52862,10273,10417,9048
５人以上,TK5 特掲産業５（注５）,平成26,2014,6月,720928,752197,452349,355747,370673,227544,301226,54521,365181,381524,224805
５人以上,TK5 特掲産業５（注５）,平成26,2014,7月,551412,580902,314666,371216,387053,244072,303256,67960,180196,193849,70594
５人以上,TK5 特掲産業５（注５）,平成26,2014,8月,487348,511599,291341,375633,391897,244183,308749,66884,111715,119702,47158
５人以上,TK5 特掲産業５（注５）,平成26,2014,9月,390032,403351,241702,378058,391013,233775,316578,61480,11974,12338,7927
５人以上,TK5 特掲産業５（注５）,平成26,2014,10月,386111,402730,247965,377222,393264,243879,313497,63725,8889,9466,4086
５人以上,TK5 特掲産業５（注５）,平成26,2014,11月,378511,394731,242977,373276,389689,236132,309682,63594,5235,5042,6845
５人以上,TK5 特掲産業５（注５）,平成26,2014,12月,903427,954917,472430,370201,385780,239799,310489,59712,533226,569137,232631
５人以上,TT1 特掲積上げ産業１（注６）,平成18,2006,年平均,－,－,－,－,－,－,－,－,－,－,－
５人以上,TT1 特掲積上げ産業１（注６）,平成19,2007,年平均,－,－,－,－,－,－,－,－,－,－,－
５人以上,TT1 特掲積上げ産業１（注６）,平成20,2008,年平均,－,－,－,－,－,－,－,－,－,－,－
５人以上,TT1 特掲積上げ産業１（注６）,平成21,2009,年平均,－,－,－,－,－,－,－,－,－,－,－
５人以上,TT1 特掲積上げ産業１（注６）,平成22,2010,年平均,552303,602151,363503,421570,457903,283958,398926,22644,130733,144248,79545
５人以上,TT1 特掲積上げ産業１（注６）,平成23,2011,年平均,558609,609373,365212,423949,460761,283707,399567,24382,134660,148612,81505
５人以上,TT1 特掲積上げ産業１（注６）,平成24,2012,年平均,536362,571661,368125,419449,446949,288383,390754,28695,116913,124712,79742
５人以上,TT1 特掲積上げ産業１（注６）,平成25,2013,年平均,551101,588326,376565,425371,453966,291300,396824,28547,125730,134360,85265
５人以上,TT1 特掲積上げ産業１（注６）,平成26,2014,年平均,579294,621662,392594,439857,472427,296332,411495,28362,139437,149235,96262
５人以上,TT1 特掲積上げ産業１（注６）,平成26,2014,1月,440750,471591,300007,433333,465410,286952,408399,24934,7417,6181,13055
５人以上,TT1 特掲積上げ産業１（注６）,平成26,2014,2月,429240,458620,291573,427478,456802,290075,398767,28711,1762,1818,1498
５人以上,TT1 特掲積上げ産業１（注６）,平成26,2014,3月,462069,495712,308522,442987,475679,293778,415109,27878,19082,20033,14744
５人以上,TT1 特掲積上げ産業１（注６）,平成26,2014,4月,484214,520121,321826,452836,484849,308060,423305,29531,31378,35272,13766
５人以上,TT1 特掲積上げ産業１（注６）,平成26,2014,5月,465243,498626,317588,441431,473459,299770,414513,26918,23812,25167,17818
５人以上,TT1 特掲積上げ産業１（注６）,平成26,2014,6月,830970,886073,588801,441191,473660,298495,414894,26297,389779,412413,290306
５人以上,TT1 特掲積上げ産業１（注６）,平成26,2014,7月,764213,830813,477463,439375,472486,296812,409099,30276,324838,358327,180651
５人以上,TT1 特掲積上げ産業１（注６）,平成26,2014,8月,497457,533391,346036,437997,471627,296287,409565,28432,59460,61764,49749
５人以上,TT1 特掲積上げ産業１（注６）,平成26,2014,9月,447848,482080,302294,441464,475397,297182,415242,26222,6384,6683,5112
５人以上,TT1 特掲積上げ産業１（注６）,平成26,2014,10月,448669,481654,305314,437551,469744,297640,407781,29770,11118,11910,7674
５人以上,TT1 特掲積上げ産業１（注６）,平成26,2014,11月,478956,515170,319448,438198,471264,292558,407570,30628,40758,43906,26890
５人以上,TT1 特掲積上げ産業１（注６）,平成26,2014,12月,1205291,1297522,813513,444450,478966,297834,413647,30803,760841,818556,515679
,,,,,,,,,,,,,,,
東京都の賃金、労働時間及び雇用の動き（毎月勤労統計調査）平成26年年報,,,,,,,,,,,,,,,
第１－１表　産業、性別常用労働者の１人平均月間現金給与額　（事業所規模５人以上）,,,,,,,,,,,,,,,
（注１）＊L71　学術・開発研究機関,,,,,,,,,,,,,,,
（注２）＊L72　専門サービス業（他に分類されないもの）、L74　技術サービス業（他に分類されないもの）,,,,,,,,,,,,,,,
（注３）＊L73　広告業,,,,,,,,,,,,,,,
（注４）＊N78　洗濯・理容・美容・浴場業,,,,,,,,,,,,,,,
（注５）＊R89　自動車整備業、R90　機械等修理業（別掲を除く）,,,,,,,,,,,,,,,
（注６）＊E25、E26、E27、E28、E29、E30、E31,,,,,,,,,,,,,,,
