町丁目,世帯数[世帯],人口（男）[人],人口（女）[人],計[人]
総 数,375981,358149,379117,737266
旭丘,4832,3677,3644,7321
旭丘１丁目,3297,2470,2380,4850
旭丘２丁目,1535,1207,1264,2471
小竹町,5642,4550,4962,9512
小竹町１丁目,3031,2516,2653,5169
小竹町２丁目,2611,2034,2309,4343
栄町,2445,1874,2088,3962
羽沢,3830,3201,3389,6590
羽沢１丁目,908,653,706,1359
羽沢２丁目,1918,1616,1705,3321
羽沢３丁目,1004,932,978,1910
豊玉上,4359,3064,3495,6559
豊玉上１丁目,1523,1153,1198,2351
豊玉上２丁目,2836,1911,2297,4208
豊玉中,6051,5372,5319,10691
豊玉中１丁目,1367,1216,1189,2405
豊玉中２丁目,1840,1628,1496,3124
豊玉中３丁目,1953,1568,1612,3180
豊玉中４丁目,891,960,1022,1982
豊玉南,4464,4315,4343,8658
豊玉南１丁目,1258,1162,1230,2392
豊玉南２丁目,1099,986,1009,1995
豊玉南３丁目,2107,2167,2104,4271
豊玉北,12288,9286,10087,19373
豊玉北１丁目,1671,1217,1413,2630
豊玉北２丁目,1509,1147,1300,2447
豊玉北３丁目,2041,1544,1578,3122
豊玉北４丁目,2630,1946,2070,4016
豊玉北５丁目,2618,1869,2034,3903
豊玉北６丁目,1819,1563,1692,3255
中村,4998,4768,5163,9931
中村１丁目,1221,1204,1291,2495
中村２丁目,1555,1591,1676,3267
中村３丁目,2222,1973,2196,4169
中村南,5613,5263,5561,10824
中村南１丁目,2021,2053,2110,4163
中村南２丁目,2085,1801,1859,3660
中村南３丁目,1507,1409,1592,3001
中村北,6866,5532,6184,11716
中村北１丁目,2171,1804,1970,3774
中村北２丁目,1694,1502,1550,3052
中村北３丁目,1310,934,1092,2026
中村北４丁目,1691,1292,1572,2864
桜台,14219,12330,13140,25470
桜台１丁目,3272,2471,2618,5089
桜台２丁目,2638,2299,2443,4742
桜台３丁目,2446,2278,2463,4741
桜台４丁目,2077,1612,1773,3385
桜台５丁目,2011,1976,1978,3954
桜台６丁目,1775,1694,1865,3559
練馬,8953,7023,7424,14447
練馬１丁目,2639,1997,2083,4080
練馬２丁目,1810,1482,1516,2998
練馬３丁目,2319,1743,1821,3564
練馬４丁目,2185,1801,2004,3805
向山,5780,5397,5606,11003
向山１丁目,1126,876,897,1773
向山２丁目,1314,1277,1277,2554
向山３丁目,1265,1175,1286,2461
向山４丁目,2075,2069,2146,4215
貫井,11251,9884,10389,20273
貫井１丁目,2705,2407,2713,5120
貫井２丁目,2101,1708,1751,3459
貫井３丁目,2825,2394,2550,4944
貫井４丁目,2215,2108,2181,4289
貫井５丁目,1405,1267,1194,2461
錦,3085,3035,3142,6177
錦１丁目,1803,1735,1836,3571
錦２丁目,1282,1300,1306,2606
氷川台,7122,6629,6989,13618
氷川台１丁目,123,111,133,244
氷川台２丁目,1405,1506,1482,2988
氷川台３丁目,2842,2527,2638,5165
氷川台４丁目,2752,2485,2736,5221
平和台,6772,6883,7059,13942
平和台１丁目,1750,1811,1786,3597
平和台２丁目,1557,1491,1593,3084
平和台３丁目,2037,2145,2202,4347
平和台４丁目,1428,1436,1478,2914
早宮,9496,9279,9966,19245
早宮１丁目,3045,2870,3080,5950
早宮２丁目,2104,2010,2104,4114
早宮３丁目,2272,2272,2496,4768
早宮４丁目,2075,2127,2286,4413
春日町,12785,12275,13414,25689
春日町１丁目,2119,2084,2283,4367
春日町２丁目,2243,2210,2358,4568
春日町３丁目,2159,1916,2180,4096
春日町４丁目,2220,2177,2294,4471
春日町５丁目,2205,2128,2368,4496
春日町６丁目,1839,1760,1931,3691
高松,8193,8952,9086,18038
高松１丁目,1501,1498,1556,3054
高松２丁目,1159,1206,1311,2517
高松３丁目,1253,1560,1618,3178
高松４丁目,1513,1756,1754,3510
高松５丁目,1335,1360,1355,2715
高松６丁目,1432,1572,1492,3064
北町,15115,13247,12821,26068
北町１丁目,2791,2256,2305,4561
北町２丁目,3251,3092,3152,6244
北町３丁目,1542,1335,1372,2707
北町４丁目,972,915,57,972
北町５丁目,1313,1213,1212,2425
北町６丁目,1529,1193,1389,2582
北町７丁目,1572,1407,1469,2876
北町８丁目,2145,1836,1865,3701
田柄,13595,14539,14940,29479
田柄１丁目,2445,2448,2641,5089
田柄２丁目,3698,3472,3635,7107
田柄３丁目,2451,2933,2871,5804
田柄４丁目,3127,3635,3675,7310
田柄５丁目,1874,2051,2118,4169
光が丘,12726,12773,14693,27466
光が丘１丁目,1559,1231,1440,2671
光が丘２丁目,2591,2466,3076,5542
光が丘３丁目,3958,4307,4720,9027
光が丘４丁目,0,0,0,0
光が丘５丁目,1601,1496,1838,3334
光が丘６丁目,470,476,577,1053
光が丘７丁目,2547,2797,3042,5839
旭町,6731,6414,6532,12946
旭町１丁目,1900,2065,2159,4224
旭町２丁目,2601,2308,2330,4638
旭町３丁目,2230,2041,2043,4084
土支田,6089,6906,6962,13868
土支田１丁目,1617,1771,1816,3587
土支田２丁目,1293,1446,1455,2901
土支田３丁目,1751,1999,2079,4078
土支田４丁目,1428,1690,1612,3302
富士見台,7873,7609,7994,15603
富士見台１丁目,1547,1524,1612,3136
富士見台２丁目,2308,2084,2157,4241
富士見台３丁目,2165,1983,2159,4142
富士見台４丁目,1853,2018,2066,4084
南田中,6432,6093,6487,12580
南田中１丁目,1225,1249,1279,2528
南田中２丁目,854,869,889,1758
南田中３丁目,1429,1258,1428,2686
南田中４丁目,1572,1610,1590,3200
南田中５丁目,1352,1107,1301,2408
高野台,7294,7061,7900,14961
高野台１丁目,1738,1600,1900,3500
高野台２丁目,1469,1494,1600,3094
高野台３丁目,1513,1415,1560,2975
高野台４丁目,1202,1144,1311,2455
高野台５丁目,1372,1408,1529,2937
谷原,5616,6425,6594,13019
谷原１丁目,939,1049,1037,2086
谷原２丁目,830,869,912,1781
谷原３丁目,830,977,1050,2027
谷原４丁目,757,993,955,1948
谷原５丁目,1267,1388,1469,2857
谷原６丁目,993,1149,1171,2320
三原台,4164,4617,4702,9319
三原台１丁目,1941,2102,2101,4203
三原台２丁目,865,1025,1004,2029
三原台３丁目,1358,1490,1597,3087
石神井町,14706,13257,14677,27934
石神井町１丁目,1780,1414,1750,3164
石神井町２丁目,2356,2080,2412,4492
石神井町３丁目,1919,1556,1722,3278
石神井町４丁目,1755,1657,1794,3451
石神井町５丁目,934,882,897,1779
石神井町６丁目,1608,1490,1611,3101
石神井町７丁目,2120,2030,2162,4192
石神井町８丁目,2234,2148,2329,4477
石神井台,14739,14990,15896,30886
石神井台１丁目,732,803,837,1640
石神井台２丁目,2156,2322,2369,4691
石神井台３丁目,2721,2660,2832,5492
石神井台４丁目,2186,2119,2435,4554
石神井台５丁目,1761,1969,2003,3972
石神井台６丁目,1346,1464,1537,3001
石神井台７丁目,2141,1807,1919,3726
石神井台８丁目,1696,1846,1964,3810
下石神井,8838,9024,9303,18327
下石神井１丁目,1319,1356,1403,2759
下石神井２丁目,1572,1653,1733,3386
下石神井３丁目,1104,1185,1234,2419
下石神井４丁目,1960,1727,1823,3550
下石神井５丁目,1285,1305,1341,2646
下石神井６丁目,1598,1798,1769,3567
東大泉,17804,16340,18293,34633
東大泉１丁目,2418,2225,2531,4756
東大泉２丁目,2986,2899,3186,6085
東大泉３丁目,2628,2172,2629,4801
東大泉４丁目,1667,1403,1482,2885
東大泉５丁目,2001,1750,2041,3791
東大泉６丁目,3289,2943,3410,6353
東大泉７丁目,2815,2948,3014,5962
西大泉町,12,11,19,30
西大泉,9832,10847,11250,22097
西大泉１丁目,1919,2041,2026,4067
西大泉２丁目,1285,1435,1542,2977
西大泉３丁目,1685,1791,1872,3663
西大泉４丁目,1474,1763,1841,3604
西大泉５丁目,2208,2374,2515,4889
西大泉６丁目,1261,1443,1454,2897
南大泉,12420,13199,13851,27050
南大泉１丁目,2135,2307,2419,4726
南大泉２丁目,1909,2178,2301,4479
南大泉３丁目,2247,2371,2465,4836
南大泉４丁目,3043,3109,3195,6304
南大泉５丁目,2262,2299,2468,4767
南大泉６丁目,824,935,1003,1938
大泉町,10001,11039,11329,22368
大泉町１丁目,2277,2664,2677,5341
大泉町２丁目,2173,2315,2440,4755
大泉町３丁目,1721,1926,1951,3877
大泉町４丁目,1653,1900,1921,3821
大泉町５丁目,1042,1087,1112,2199
大泉町６丁目,1135,1147,1228,2375
大泉学園町,15496,16796,17659,34455
大泉学園町１丁目,1474,1538,1649,3187
大泉学園町２丁目,1900,1927,2039,3966
大泉学園町３丁目,1324,1619,1575,3194
大泉学園町４丁目,1869,2108,2248,4356
大泉学園町５丁目,2073,2338,2427,4765
大泉学園町６丁目,2276,2502,2657,5159
大泉学園町７丁目,2346,2412,2624,5036
大泉学園町８丁目,2162,2313,2407,4720
大泉学園町９丁目,72,39,33,72
関町北,11603,10559,11596,22155
関町北１丁目,2068,1636,1884,3520
関町北２丁目,2776,2170,2512,4682
関町北３丁目,2202,2051,2144,4195
関町北４丁目,2136,2000,2152,4152
関町北５丁目,2421,2702,2904,5606
関町南,8698,8505,9035,17540
関町南１丁目,1350,1225,1317,2542
関町南２丁目,2144,2066,2216,4282
関町南３丁目,2048,2092,2110,4202
関町南４丁目,3156,3122,3392,6514
上石神井南町,1104,1114,1114,2228
立野町,2394,2518,2724,5242
上石神井,10685,9112,9682,18794
上石神井１丁目,3424,2641,2792,5433
上石神井２丁目,2341,2068,2220,4288
上石神井３丁目,2295,2098,2239,4337
上石神井４丁目,2625,2305,2431,4736
関町東,2970,2565,2614,5179
関町東１丁目,2029,1831,1858,3689
関町東２丁目,941,734,756,1490
羽沢１丁目,9Vz�i^茯NﾒA乾jﾇ裔c弛ﾑ蒿5┥ｱ､ｩｳ)Hﾁ:RcY^yﾙ晞4｢｣mRﾌﾃ;ｼﾌ�3ﾛM�5H櫢ｸ緡V溯Eｬｨu5Dｷ  }]Xｹ9Q�-dｷｯn魔q螽bLC�ﾚu~ﾍ禦�nﾋﾃ{nﾎ�ﾉﾞ敍裔ｪ_Tﾑ2TT)<��	ﾋ3`80><e桾C&`lj�⊥勢rb�"7ﾓｼ讚ｬu�元鬚`2gﾊL彫2ﾍｹ創ﾍﾃkLTZ/Sﾎﾞﾄ<|ﾀｪ�#Uv｢ﾚ`y�8傅g霹;ﾕ!ﾙ/�0ﾙw汯淳CX掉ﾕ｡ k( ｶK{湫ﾄ3$T7xVｬﾐ;ｯ�+粍pm･w^>H萵ｿｲ噬�6ｴFo勀ﾑ\m6L$･ｹ旛儖Pｬ��4瓏昉皦∽}ai:鬪oyﾝu:�v央+aｼ	�ｹ/��ｾ,oyｽgbzcOﾑ6"�?ｮ_�M�b�ﾎｺeｲﾛc髄UE7燾D枚ｿdｯO]�ﾂﾏ諟ｭ毓x�$��{
:S�6ﾙXB#�9訛�z4ｲ"9ｬｾ+｢ﾇﾍ-Z"ﾜ`cU俿Uﾅ梱"鵐Uﾋ｢NﾐRY>ﾓﾕﾁ�ｱ鰥ﾍｴ<{Uﾃ散R\[XdPu>K#ﾊ4﨡罐�/g攴ｹ%ﾄ9?�!�<\{0��^ﾐ鑓�%q|�(;K ﾄ�L/徨ｰ}gﾔ富ﾝ綷2е�ｽxｦ>.:9_EGﾜﾂ律ｻ鋩肘b-%(у｢�柾ｿXﾓ1]脯`P-佶｣~ﾎK窗簡(ﾘﾀﾜｶﾞL饉ﾛ｢ZGｸ.ﾗ鳧"h*Aь��PK    ﾋ^撒漾�.�  �     201611chouchoubetu.csv]�;勝Wﾆ{K�|�ｷ87@	ｲ^'�B($♀K$Eﾇ孰ｽ�8��,ｪTQ=R
ﾚ�U$Д(x~s.�ｿQ慵�yﾏ�3逋冏貎yz'�8ｮｳ�ｾﾃ_ﾟ=ｮ_ｿ﨔ﾍﾞｼ桄ｫﾟｹ~}�GW?羆ｻwｿ�珊\I9覲ﾞs9j�9┰wﾞﾃ�ｩﾔ(A�4ｷ�,ﾉ[ﾟｶｭcp�ｩｦ#ﾄ闔ﾔﾜ珍`r洙;ｼｯ碣!7iFw｣ｧ7ｿｺyz膵竭Rﾒ｣ｶ|�ﾚ掴ﾕCO旌ﾋr昱v9o些~H>ｾ陽�ﾊ掃購�<V律E廉�:C��ﾁﾗｩ羔tDﾏ#ｭ?$sﾗｦビ祿ﾛ當HS8ﾔ樫[b=tｨzDﾊ/LﾞC;ｺ恨=毫_}~､臺'Oﾄｽ6pqﾉ貔>ｹI~ﾒ#q�ｶﾆ<m壁|G飲ﾉG?4nﾞ>r期MﾗヽﾗO奛,ﾙZ�ﾆｸ��{ﾎ軻KﾇG!o航<_�昭.浚;B�'砿ｦQc>jｭG,�)ｾ}v$ｹR^�<ｪ訪]ｲm�ﾃ%ﾆ@ｷ5ｦ∇NN7偰ｴNkφ�臓ｪ\疲O^ci	ｻ配ﾁﾍｭﾗ!=]��!4l閙k,H 掎ｿ｡､朗鷭dﾎ�+r\h[聳�-ﾘ�ｦk♭ｴﾆ袂(	 i紺独聊ｸ?v!hd7ｦｫ��ｽy靏'械S;xELﾗ井臠�uy1�2褫Шi@7-GT^ﾋﾇ	�#>ﾖ鉑瓲莠�ﾈｲ�;f�*%ｿ�猪:kﾑ悌skL:Ti仙ZｶﾆtqLiP`ﾋﾅ��&齲KQ g�Q�0ｸｪ恂p%�ｷﾜﾞukL貝ﾊﾞ銧l豪Nﾂ銭@ｱsｨｸ隆%8@ﾚdA'V����ｬ� ﾌW@T･��鯡ｬ酸ﾇｮ ﾋ Yｰ暈�rﾔ墫惣ｷTJ咄yIﾊｬ9'�:Sｭs]SJ
>郡~9�nm:GｬｹO_驢戞ｦ�ｸ迴ｾ朗ﾇ獲ﾕ挽･ﾄ遷tECｴｼ淤0我Zｺｷﾍﾜｫﾁ并ｧ|MAﾃ�u螟)湲蛻瓰2ｱ隱M獷���｡B�ﾈr侑Ihｹ籟-lｺFj
G薙�0･+�.隧ﾈｱa.ｼ!�o%ｼﾟﾓ念毆ｲ薊&�ｬ椰鋻;B┃Qｩ)W2ｷﾁR･tﾈｶﾓｯ!ﾄ��ｮg,&p:5=ﾅ)櫻ｫｪﾏ⇔-ｬ	作o4焦ﾛｼUﾒﾞｧ|竅ｭW�･ y��疊｣FGRrt*最ﾕﾄ�?蕋�f$ﾂ､/ｬDd@,g�ｽﾋﾗﾏ#E濂謬6)ﾍY!.[ｸW`z*V ｻ-搴G*石｡｡ﾒrﾛﾓ%ﾅ�JM�ﾈ躰c:･�3AT�9�ﾀ.�ﾍ�1諏Vｪ赫ｩｪｺ^,ｪ/�2ｰpｴﾆ!ｫ6�9�w1A湾	Kﾎc先ｹ7坎hi[c｢*P1｣�#Dｨ�愽o>�%Lｦ(Eｩ蔕B史
ｬ!Z�j､bﾋｱﾎｹ#7 m�-	Tｬ註Ks餞$BT
PUQｩxｭｿ鱈｢J+ﾜ�.P�"I>揵�Dﾐｼｽﾇﾅ+�"EY屡�!_:H｀; �綽a_xﾕ#�,r�	ｺｩｱ�{ｬu痾k,�WJﾓZHyA惷n才･ﾑyxﾒｭvIT�ｱ｢薐ﾊFﾕVb��Sﾑ!9X� wﾔ��-廛H蘚U゛Qｧ|蝮`!�')ﾉｮL���Q�煩kH茉JｨT5託Lｾbｮ2訓aﾖﾗ�｢ 3!GPｪﾒ!2�利"DW;&[絅㏄g.���ｴPﾀﾁ;_ﾛqmt:�ｧb^ﾅyﾊ鉉u4FﾛGｱP ｱﾉﾇ餤Dｻﾅﾗ綢閉D�ﾘ蜊ﾒYBｦ���9ﾛｫ P蕷匁)qﾊﾌﾍ�ｹL{i｢�U｡ﾑ(U粤�｢，9bZU�2､ﾋ1ﾑ$f符T�念ﾇXW埋9袁pT鈬髪ﾎ�ｹ�>'ﾞ洽�茲式��ﾒｧ�ﾕﾙｼ｢;ﾝ4gW�z�j�ｸ燦<-u8猛p]�ﾜL･ｶ�'ﾕｱ1｣凍Q群豢ﾇ<E､eJﾖ=ﾖ礫W~k茎ｸ�昻ﾞｨｯR ﾐGJﾋﾔｷ紀映�;pg�WEMd@*Wﾇ}ﾅﾓｻ
ﾕJ奔�%
g�!Z輜ﾍﾈｯ%Ooﾗｧ|�3聡ｬb�$U�)ｿX9隅:ｪｬｶUﾆﾝ���7n_9ｲ�8ｬ弑H竓t海ｸﾝ}ｭﾖХｸ憐[c3疋ﾌｴｻｪcnkｬNﾎzﾉh0ﾓﾛ+kｨｷ肓0Dhq��韭*ｺｫt�亥5kwFa壺>�過=wｻu^8ｱ9ﾐ��,g:+ゼ
�!]�甸ﾌｭｦﾓXG璟焉ｷｯｨ9.禰ﾅ鎖'協ｲ�'2�9ｲqｷi�ﾃPﾚ��0咐ｷx･)~�tSc9ﾖ?`ﾋﾘﾅ(ﾔﾔｸ\m犯托�%｢ﾎ$�'"ｵbQｫ
傍�nｶ�KｳｶF9U�k,RDｺｶr 蝪麸講#3校｢+S丘ﾚ袱ｪF`8ｼ�=愆n黒v国�-ｫ偏鉞W朽'2|ｰ	KYf域Hd]ﾑﾘｫﾍu��いﾅｬ[��ﾅL8W劉�iﾇ ｲt�&拂	�1亘'+ｷｧpﾙ�站沖+ﾋｨ﨤ﾂ,ZH噺鍰ｺ㈱ｷ暢[I5�u�7dｧ\1&��Kｦﾆﾞr8U佛gｰ狡乖P0袞�]�/ｬC~黠｢Nﾊ皓�46:6柁F陰ｵ筆ｦｬ7ｯFｦTｬﾃﾙ:e厄iｺ｢�甅g#ｵ!Keﾐ勿ｹ=耀TｦﾛT
mNﾏ鉧4��倒ﾘｹ哘`0SH5'ﾊDﾌﾖ儷:0ｪ,Y�ｯC3桙�｣�+ｦtF趨ﾆt_ｳjﾑ�a%2�&W*i6\ﾚ:ｫ蕁�Eｨ*ﾎY懋Lgｵｯtr昶ﾕﾐﾏu.W�｡�"Tｪﾊ厥fmﾔn&My0�u油ｨ�6fjｴ簀�3摎訖ﾍ嘶軍h駘ｺｪ�ｭ｣1)l4ﾛｭｳUｭp�%ﾞｧj纎ﾋ倹さ%v+D=α纊ﾚYD口j6M�?ﾗY=)ｸ:?墹鷲┨ﾎ
x<G忌ﾆﾁJ8ｷy｡ﾏｸzqs�ｽz��/�+魃)m古Dﾓｸﾊ!ﾟ�ｦ$ﾐwpｩ犧ｩ1!ﾓa昊8ｻ澑<3ﾑｩqqFR< 1�ﾃJ[c�7{ｫ;6廉ｳ��ﾝ<｢,｣$ｶSﾉｹS��､炬ｳﾇﾂｰ/(Aﾓ+O�	7 �
�5ｸ�ｧhX/gH�Gﾏ ﾆﾇ｣�繚x'G�&$9ｺｽ�ﾘ怺ｫﾊ�9mf25藤T=�ﾂ誘xm,�ﾆ\%15V{7ⅷ>7ﾐ 6橳ｩq��5｢M�1�Oｦe､辛T�帖ZY2閭*繙ｩｱ鉐0.
ﾔ( ﾊﾖXｷ･fF9ﾌｭik,ﾒo\[ﾗ｡烹vﾜ�ｮｱｰｯﾟ罧､>uKD4ｫ;I~Kaｾｫ�.�%ﾞﾃﾕﾂ���聊X參f�ﾓ瘟|ZcﾕﾟFr��ﾖ墻ｭｱｦｫ8ｻ得ｺ脯�;�2a�r�nﾌPN�m^W��&ﾆｻ?`削膸Ye*ｩBLｵ;鴈框｡ﾁ�0�.ﾄ邏��23jcﾟ､J}NkM�(午ﾃﾔZi曻�9���<�>掵�}ﾗ�ﾏﾛuHoｭfﾌV
尉x1Zj豕�ﾛｵZb｣H6ﾓ｡ﾍｴ^杤兤~ﾖﾃｦ�ｿyﾊ�gLﾀCQ輾冩`C~ﾊ6譬u�6�� sﾇ �4ﾏ'ｧｭｱ｢�*lｮav�ﾟV廡ﾈa}Kﾒ％�N埼Y�ｲ@eｲ(o�6wｹ}ｦ皐厩妤
c�ﾅ�-ﾜｺ1ｾu勹Bﾘk�[�6ﾚIc'ｾ0� ﾓ�ﾚe%ネﾃY=ﾔ*娠}>��3 鄕前┓uﾟ��ﾉ3竑�rﾛ秘ｧﾍﾖﾛ\葱粱ﾂ睦�A靆翻}ﾆ�ﾔW>ﾋ人ｶﾎ"掎}ｲgxn搴>?F�｢ﾟL\ｲuﾖW5[でX1%ｪ傚絆淀�+B也ｳcﾔ<d﨤T#8听5ﾕ@1ﾅｸ5N<�b功|｢	�PK    ﾍ^撒P	槓v  �     201612chouchoubetu.csvUY;ｯ^W撝t�?��1顥BﾟG)Bｹ	I��v9�q%YｩREF�Hn(hcｺ[EBHрｵfﾏ�丐/使ﾎ>ｳgﾖｬy悍�7ｿ渼ﾗ/ｯ楡ﾍ�`ｻz�笵?ｾyｻo_ｽ��y�酣/罐�ｾuﾋ5撚ｷ\r文�B[Kｹ･v|?ﾟ､ｶ5IP�2剪�ﾗW�ﾂ巳�-蝨6i#奩槎#�f恭�-ｦJMﾉﾇG倫o~sﾃ[�&"q��6�$麟駟矧g`T*Cｶ�,酵~著ｶ8jﾜR
m店靏ﾑG�K�$烙ﾊ萌�}馞k\��O#lｸz�{k�U鷏ｬﾎq侑.ﾔﾇ貌ﾋｹ董ｨ|､ｼuﾘﾊCbkｳ�>�ﾛ藐乢�ｾ�ﾃbr區7J-�)ｸr簷ｦaｷm婦x�.葺甯�ｷ"ﾞc�'菰\跚ｧ�\ceﾀZX~ｹ�U2ﾊ  bKc^B�5 間�ﾓ8U獄ﾛﾖ摺葵Mﾝ&⑫ﾂｹ恥洪Jw�!��｢�,30"�1ｼ>HAd･-絞 ｮ'�!uj<{秀ﾃｨﾜS<ﾆ2ｹt｡ﾑ?ﾆIBXi!､ﾕ梁Pﾛ螺9iﾂX	Qｶｬ�ｩﾁ海ｱﾛ纐鉙K耄5�㈹ﾂﾜY銛-ｭ胝2�$ﾀﾍ�_2q:2&�ohSｲ���?ｰ#!ﾖ&ｷ^ｮ&ﾘ_	芒ﾉﾝﾇ85x0ｦ0�1蛻rAF箏@gﾉ"Sj.｢/>^ﾀ1ﾔ･a�ひｩｧｬｸ拒x糊`ﾀcL┿VF漸ｶﾊ�*i.tbﾁ�8;0	菻ﾒzﾜMｨﾀ1ﾒP�ﾒ㌍�	$ｴA�骼沫ﾂｩQ�"Aﾍ\?ﾗｯ`ｽ b1E!�*ﾁ角雙�5(ｩ*�ﾅ菷%#ｰ�<uM&ｷ ｝ b6�cｦ嵬ﾍｺﾞ	R!|2 ﾗ鋧Lｮｷ"Dｻ�2Ln]｣�%Do���-}ｫaK||� E��Bﾟ*ipMDｿﾊﾍﾞ��=�?Z1ｹ]M9ｬ2�淌ﾏｷ�
併C�3褸鞣ON��`�¨ﾆ%T�"ﾇf@ﾖtﾘﾟ� 姜捫�pK+�r⑤ 5�#"ｧﾑ3ｹｩj�( ｵXｭ>~ﾟ沍ﾒﾉﾜq逓亟�4�!�S�%ｳ吁�壽)･D李ﾓｸ彑�5$m/ﾙ蓙4�~��H
f帙a^ｹ �mP澗ﾋ纓�0DｸSﾀaﾄ矼齢ﾏ639EVｵｨﾒ{鉧ﾊ`.$%"H?}�9Rﾜ�:�#Ig(uu	Wｽ`･�ｳ僉ｩ曵p~珈ﾔk^謦ﾋ� ｦKG9h牢*�ノﾕ��漾�/ｿ�Dﾛﾛ�穐ｵ.�>\�ﾖﾆ1!､ﾁcmix1!i�/ﾘ昵ﾅ@ﾕr� iTQ晙4N揶
�8�遭h�<�5@孤ﾃ9@ｬwｵN巣ｪ$��[:鰻薇ﾄ,/｣ﾗ塚ﾍβ)@Id
rNﾚ�;ﾉ�&9AdJdﾋqﾛ�｢ACﾈ+9<ｩ畭0
9d僚�｢ﾀkXﾏsｮK缺ｳrりDﾋ債jf^ｯHﾄ#ﾐ��YV,ｺ�ｰ�=e3O祝jｨﾅxK<憮┴U填m2;C�ﾋh①8ｽ�z喝�.E雌ﾜ�ﾒ御GEﾈH4ｹﾖjﾀPﾋﾉ,ﾘ*?)�(ｸﾜﾂ �[堂ｳ養nｳNb`]-ﾄz1W[a/ﾃ4$yﾆ�=ﾑiK%0�ｬF驕ｹ迷ﾂ%濤ﾋｸ9ｵ瓮ﾎ+�.aﾉ､悦h&濤熄∪ﾇM�Aﾛ>ｲ2ﾂNE裼�Rｳ�! ﾟﾘu�30ｼ[ﾁ與*X�:zﾀ"ﾉＱ{�ﾓｿﾒ%�$ﾜﾃ)遍b"３wP汁S5ｰkbｹQｹ9ｦﾀｫY2yｳ� *&�从ｱｴa@&?ｵ"ﾘ｡?-4李w囑｣6fﾅD^ｰN�鎤�1TX%ﾚ?*{��薛�ﾜﾂﾐ､｢ﾀE深\'xvVBｶ8�"1ﾂ糧ｼE貂｡6tﾖ#ﾒﾒ偸f}髴0ｴ�	ﾔ�ﾏ闥Vｱ｣sc閾cﾟ�6D�cEDﾏ�ﾊ'ｪ :h��M蔔fｒ2ｲ^P餉隆�8_I鱸ﾏ�:�ﾔ�:ﾈ態o�犱i8ｱｶ`? >ｩf
塁億ﾆ敬4ｿ､bbR帑� ｿi�$Wﾘ�ﾝ<B\ﾎ,k㊧ﾍ�%'?ｹ�ﾊ_絣�ｱ徒�<^$買xJ�LｺC�wﾄ糀H_ﾖ�ﾝbﾞ�8�妺ﾘwpﾌG1ﾚ髴�<発Zｲ潯 	ﾞﾞﾝﾞﾇp\��臆i潘ﾁ�f"ﾚtL6Lﾂfﾀ4ｦ｡ﾀ�ﾆｸw%SN�&^4ﾅ>FGcD惇zｿ[Xﾏ	ﾛBﾔ蜒�ﾌ3t�!ｲ7aﾓ��｢ﾀｴ叉oｫｽ(ｩ4ｮn居W6ﾎ:ﾖTｯｦ甌I\Yｯp~Gﾟｶ4�ﾚmZﾊ{ﾈ�ｻﾆ\Qｰ$h;*ｻｷ8昮`勲ﾁｯｾs�p�	ﾁ�5)cRdWﾀt�ｸbheﾉn.慓ｳ�蕭ｷｨpﾞ歟ｦﾓ�!訒ｶ法ﾘｹ8,筑n/A装� 逧ﾅ苴Hﾑgｩ�8sZ|�/�埇絵ﾑ �nﾏ.;pEw|sEXCLﾃ�ﾅq%pﾜﾖﾎ:p｡`
>叝P,惻u_�韭�?|kp筵Pﾛﾚﾌﾕ�vﾐX鐐�!ｳ)ｺﾛ騙2jｯｧｷ${
盈髴xﾙ
?ｳiｵﾓ玄B聖ｦ 9�uvX蔽､ﾎｾ｣蠖６g�ﾄ<ｲ�ｲｾ-#ﾒｱ�r萓n餽逼ljﾘ奛wC歙ﾂｺ㎞I香�:｡4ﾌ}f@婁Xﾗｼ;ﾂ}ﾙﾁ遉c;w｡�-落�慳損�%P�1器t||ﾅ[@d�ぐﾌb9咎`5ｰ鮠ﾖｵ�v�ｧcﾎ`｢sU�1�ﾊ(;�7}ﾒg｣;�jｹI�rjqX#C土ﾖNｼ6N墾｢�ﾀﾄWw:kｯｦ[3F｡*ﾈﾇ]ｰｵﾙd｢
ｯｽt|���Cｴ｡Kﾘﾓ-OxﾐLdeﾎ�5隝q鏤x$癘磋糶_W_+ｦq�;�m醉)_�gr駒ｰ･Npﾈ`ﾞﾃﾛvｪ5r稿'ﾞIlｬQ�､�[ｼｪDｭ;d06保ﾓ8� �ｺuc#ﾖH孖qn-8銈ﾚ`測ｳｶiX樸ﾈ&=0;H瘁W/ｨ｡ｳ����ｷﾛ 鎹ｭY-｣ﾒ<5\ｼﾈQtKCﾒA隻8hﾜﾛAGｸﾌ畤i.SMﾃ;�8lj>愕��<ﾓｵV帆ﾘｹ�0ﾎﾜ餐ﾊ砡ｷ堡ｹﾏXD�~ｷ@發幢&"Qc)塑ｻd留QVｷ鋓鍠ﾚ桄ﾒ��{"Qｱｨ&jd2ｴi=ﾏｨｾﾕﾓ��nwWDQZｺ
aﾇ4螺ﾟﾌ洞-ﾄﾀﾎMﾒ瘡yﾗ慈ﾂUﾔl1ﾓﾏ8�9盗ﾁ�7焔ﾗr�3�	Kﾃ儚ｷc$d.荀焚4ｼﾆｰｳｰf.4|ｻｪ､ｴｮd･ｺ4┐ｶ�>盥4<ｦ<#ｲﾕH�"n鯢ｿ�ｷе癡
ｸ怡tceｯｳ&x:�;�;d綜r;ｭ��]-Y鉅摶oyVe}!�榘ot�#詮V夏(Jy�紅ｾ㈱ｸ﨨i拏∽鉧|l-K眼5-｣�ﾌa�kｱ肭gﾌｽnfｦ滾ﾚｨｯiｽe杲ﾆy ﾃｷ��ｸyﾎﾏ3�eﾔｲ~�!例ｬ瑣ﾅﾜﾁ某ｭｳﾐmＪ�7ﾁﾊO｢岔ｬ沮免ﾉ\ﾁ&ｶｱ｢k=ﾓX+隋J｢F矮希妬枠l
Rｻ`ﾐ)S胯�Qﾞ�tｫ加[Vｮ釜}31ﾇ�(Kcｷﾐ｣鞣｡峡ｫｦｱ�ｭ�ZLｸki8pd\痴Hｯｩﾀﾈﾋｯf攴ｽ#ﾄｹ>�kc~鮻ﾅ]�渤�'Tﾞ��',�ﾗTﾏ4ﾁ･wｧ琦軒lHh5�,�:ﾞt鶤�.dﾂA茂宴O芻ﾈ.匀Y_ﾕｸc�.買ﾀK\0Hﾅv鞋Y�ｪf溜ﾏRl_:	^?hﾔﾃﾓﾞｧ0窄ｳXGｳ�PK    ﾎ^撒ｼｪ､凵  �     201701chouchoubetu.csv]Y;ﾏ曩�#�?�枌wgB�蓬!�磧ﾅ%
�"翫/�DIァUｪ(�ﾉmB�*B"�3;ｳ�碑阪冏/s9sfﾙﾕo��羣�肅�}��qﾅW��ｭwﾟ昀袤�>��ｽ��+�?�薑�ﾔDｩﾒF=､ｧTﾚﾑ偶彑}��?=｡mLｨi｣﨡ｬﾖ%ｹﾛZJJGﾑﾚ�"Zﾉｿｼﾉｳ糺徃:riJM}Gﾏｮ~uｨR蠇*據ｵc武era�(鋕4ﾊﾖX�Mｳﾖ｣ｬ｡ｹa��?ﾀ鵙j�$�G�ﾌ拳��ｸIﾏ��;,ﾝｴ�%ﾇﾈG土ｴｮG�,.�斎曙o�c｣ｹ�ﾉg祖ﾌ�ﾖz敎}｡･ﾀ頂ｾ早]K
呻峽aﾕ,ﾘ5+讃Fﾞ~ﾛ讖�(yfﾜV贅ｸz�Z','鰆rﾌYsﾈb�{迺pｰﾜｰﾜｼ5穩e灑ﾒ蚕ｱ薪ｭ[c]/ﾓ0ﾘUﾍGﾒｶﾆMﾓ鏗ﾜ�Gｭﾓx��?0�ﾕcﾔﾒBﾌ特ﾒxﾀ	 荼�0'ｬ��ﾂ	?[ﾃ�ﾃ:yﾒ�粉4槲袵･3M9f｣僭/=､ﾛ	��3bｧL_[#BZy@､Bﾛh