﻿総平均・大類別/類別/品目数/ウエイト,西暦（年）,月,総平均,総平均/対前年(月)比（％）,総平均/対前年同月比（％）,工業製品,工業製品/食料品・飲料・たばこ・飼料注2),工業製品/繊維製品,工業製品/製材・木製品,工業製品/パルプ・紙・同製品,工業製品/化学製品,工業製品/石油・石炭製品,工業製品/プラスチック製品,工業製品/窯業・土石製品,工業製品/鉄鋼,工業製品/非鉄金属,工業製品/金属製品,工業製品/はん用機器注2),工業製品/生産用機器注2),工業製品/業務用機器注2),工業製品/電子部品・デバイス,工業製品/電気機器,工業製品/情報通信機器,工業製品/輸送用機器,工業製品/その他工業製品注2),農林水産物,鉱産物,電力都市ガス水道,スクラップ類,（参考）輸出物価指数,（参考）輸入物価指数
品目数,,,822,,,777,115,36,15,33,133,12,20,37,41,31,37,32,37,24,27,51,23,21,52,25,6,9,5,210,254
ウエイト,,,1000,-,　　　-,902.5,137.5,10.9,8.2,29.1,92.1,57.4,38.5,23.7,56.6,27.1,37.9,25.7,30.8,19.2,31,49,40.4,136.4,51,33.9,4.2,52.7,6.7,1000,1000
平成23年平均,2011,,101.5,1.5,　　　-,101.3,102.7,102.6,103.4,99.5,102.4,114,99.4,98.6,107.4,105.8,101.4,98.5,100.4,99.8,95.5,97.7,89.1,99.3,100.2,99.5,101,104.7,108.6,97.8,107.5
平成24年平均,2012,,100.6,-0.9,　　　-,99.8,102.7,103,101,101.3,101.1,115.7,98.4,97.8,99.7,98.8,101.6,99.9,102.2,99.9,91.9,95,79.8,97.8,99.6,103.5,102.7,114.3,90.4,95.8,107.2
平成25年平均,2013,,101.9,1.3,　　　-,100.3,103.5,105,109.9,99.7,104.3,126,98,98.1,97.5,105.6,102.3,100.2,101.7,99,90.1,93.1,75.2,96.4,98.9,107.1,105.7,123.9,102.4,107,122.7
平成26年平均,2014,,105.1,3.1,　　　-,103.2,106.2,109,118.6,102.1,106.7,133.3,101.5,100.7,102.2,110.3,107.4,104.1,104.3,101.3,88.7,94.5,74.9,98.2,101.3,107.1,114,136.1,103.3,110.4,127.9
平成27年平均,2015,,102.8,-2.2,　　　-,101,107.9,110.6,117.3,103.5,99.4,101.8,101.4,102.3,98.9,110.7,108.9,105.9,105.8,102.6,87.4,94.2,75.1,99.3,102.2,107.1,115,132.3,80.5,111.8,113.6
平成22年度平均,2010,,100.2,0.4,　　　-,100.2,100.7,100.7,100.9,99.6,99.8,103.2,99.5,99.5,102.7,102.5,100.1,99.3,100,99.7,98.5,99,97.4,99.7,99.8,99.5,100,100.4,105,99.4,101.2
平成23年度平均,2011,,101.6,1.4,　　　-,101.3,102.7,102.9,103.5,100.1,102.7,115.7,99.6,98.4,107.4,103.6,101.9,98.8,100.9,99.9,94.7,97.3,86.2,99.1,100.4,100,101.7,107.5,104.4,97.1,108.3
平成24年度平均,2012,,100.5,-1.1,　　　-,99.5,102.8,103,101.3,100.7,101.4,117.3,98.1,97.7,97.4,100.3,101.5,100,102.1,99.6,91.2,94.2,78.4,97.3,99.4,104.8,102.9,115.5,90.3,98,110.1
平成25年度平均,2013,,102.4,1.9,　　　-,100.7,103.7,105.7,113.3,99.9,104.9,128.2,98.3,98.3,98.9,105.8,103.3,100.5,101.8,98.9,89.5,92.8,74.4,96.3,98.8,107.1,107,127.3,104,108.1,125
平成26年度平均,2014,,105.3,2.8,　　　-,103.2,107.1,110.1,119,102.8,105.4,126,102.4,101.6,102.4,112,108.3,105.3,105.2,102.4,88.7,94.9,75.3,98.9,102.1,106.8,116.2,138.8,99.2,111.2,125.3
平成27年1月,2015,1,103.3,-1.3,0.3,101.3,107.1,109.8,118.6,102.9,100.9,102.9,102.5,102,101.3,114.9,108.1,106,105.9,103,88.5,94.2,75.1,98.9,102.4,103.4,117.2,137.7,91,113.2,121.5
平成27年2月,2015,2,103.3,0,0.5,101.1,107.2,110,118.6,102.8,100.5,101.6,102.6,102,101,113.1,108.4,106,105.2,103.2,88.2,94.1,75.2,99,102.2,105.6,117.4,138.6,88.9,112.1,114.8
平成27年3月,2015,3,103.5,0.2,0.7,101.4,107.6,110.6,117.6,103.1,100.5,104.9,102.6,102.1,101,114,108.4,105.4,105.7,103.6,88.1,93.9,75.1,99,101.9,105.1,117.6,139.2,87.1,112.9,117
平成27年4月,2015,4,103.6,0.1,-2.1,101.5,108,110.7,117.1,103.3,100.5,104.6,101.6,102.5,99.8,114.9,109.3,105.5,106.2,103.2,87.7,94.6,75.6,99.2,102,106.2,116.6,139.1,87.3,112.2,114.5
平成27年5月,2015,5,103.8,0.2,-2.2,101.7,107.8,110.9,116.3,103.7,100.5,108.3,101.3,102.2,99.7,116.8,109.2,105.8,105.9,101.7,87.5,94.4,75.3,99.3,102.2,105.7,115.8,139.5,88.8,113.5,114.7
平成27年6月,2015,6,103.6,-0.2,-2.4,101.8,108,110.9,115.9,103.7,100.3,110.6,101.3,102.4,99.4,115.4,109,105.6,106.3,103,87.5,94.3,74.9,99.5,102,106.3,114.7,133.6,89.5,115.2,118.7
平成27年7月,2015,7,103.3,-0.3,-3.1,101.5,108,110.2,116.6,103.7,100.2,107.5,101.1,102.4,99.1,111.8,109.5,105.7,106.2,102.5,87.5,94.2,74.9,99.5,102.1,107.1,113.8,133.3,85.1,113.6,116.7
平成27年8月,2015,8,102.7,-0.6,-3.6,101.1,108.2,110.5,117.1,103.7,99.5,101.5,100.9,102.5,98.9,108.6,109.3,105.9,106.2,102.8,87.3,94.3,75.5,99.6,102.4,107.9,113.6,130,81.7,112.7,114.4
平成27年9月,2015,9,102.1,-0.6,-4,100.6,108.2,110.8,117.4,103.7,98.5,99.3,100.7,102.5,98,107.5,108.6,105.8,105,102.7,87.3,94.1,75,99.5,102.2,107.4,113.2,127.4,71.5,109.5,109.3
平成27年10月,2015,10,101.5,-0.6,-3.8,100.1,108.4,111,117.6,103.8,97.4,95.3,100.6,102.6,96.9,106.2,108.7,106.5,105.4,101.5,86.5,94.2,74.8,99.5,102.5,109,113.2,123,65.8,108.7,107.9
平成27年11月,2015,11,101.4,-0.1,-3.6,100,108.3,111,117,103.5,97.3,94.8,100.5,102.4,96.5,103.8,108.9,106.3,106,102.1,86.6,94.1,75,99.4,102.3,109.9,113,123.5,63.9,109.4,108.4
平成27年12月,2015,12,101,-0.4,-3.5,99.5,108.5,110.7,117.8,103.8,97,90.6,100.5,102.3,95.7,101.8,109.2,106,105.9,101.5,86.5,93.7,74.9,99.3,102.2,111.2,113.3,123.2,64.9,108.3,105.5
平成28年1月注1),2016,1,100.1,-0.9,-3.1,98.7,108.5,109.9,117.7,103.6,95.7,82.2,100.4,102.3,95,99,109.1,105.6,105.6,101.7,86.2,93.6,74.7,99.3,102.4,106.7,113.3,122.7,64,105.4,99.9
前月比(%),,,-0.9,　　　-,　　　-,-0.8,0,-0.7,-0.1,-0.2,-1.3,-9.3,-0.1,0,-0.7,-2.8,-0.1,-0.4,-0.3,0.2,-0.3,-0.1,-0.3,0,0.2,-4,0,-0.4,-1.4,-2.7,-5.3
前年同月比(%),,,-3.1,　　　-,　　　-,-2.6,1.3,0.1,-0.8,0.7,-5.2,-20.1,-2,0.3,-6.2,-13.8,0.9,-0.4,-0.3,-1.3,-2.6,-0.6,-0.5,0.4,0,3.2,-3.3,-10.9,-29.7,-6.9,-17.8
,,,,,,,,,,,,,,,,,,,,,,,,,,,,,,,
東京の物価／平成28年2月,,,,,,,,,,,,,,,,,,,,,,,,,,,,,,,
参考表２　国内企業物価指数〔総平均・大類別・類別指数〕,,,,,,,,,,,,,,,,,,,,,,,,,,,,,,,
資料　日本銀行調査統計局,,,,,,,,,,,,,,,,,,,,,,,,,,,,,,,
注 1)  最新月の数値は速報値のため、後日訂正される場合がある。,,,,,,,,,,,,,,,,,,,,,,,,,,,,,,,
注 2)　平成22年（2010年）基準から、従来の「加工食品」を「食料品・飲料・たばこ・飼料」に変更したほか、従来の類別「一般機器」「精密機器」を類別「はん用機器」「生産用機器」「業務用機器」「その他工業製品」に組み替え　ている。,,,,,,,,,,,,,,,,,,,,,,,,,,,,,,,
