,耐えられると思う(%),耐えられないと思う(%),わからない(%)
全体(n=463),47.5,23.5,28.9
性別男性(n=229),51.5,23.6,24.9
性別女性(n=234),43.6,23.5,32.9
年代別20代(n=57),38.6,28.1,33.3
年代別30代(n=83),49.4,25.3,25.3
年代別40代(n=94),50.0,22.3,27.7
年代別50代(n=70),48.6,17.1,34.3
年代別60歳以上(n=159),47.8,24.5,27.7
職業別自営業(n=35),40.0,20.0,40.0
職業別常勤(n=186),51.6,21.5,26.9
職業別パート・アルバイト(n=59),47.5,25.4,27.1
職業別主婦(n=59),51.0,21.9,27.1
職業別学生(n=18),38.9,16.7,44.4
職業別無職(n=69),37.7,33.3,29.0
居住地域別区部(n=325),47.4,23.1,29.5
居住地域別市町村部(n=138),47.8,24.6,27.5
