"オッズ比","検出力(%)","症例のサンプルサイズ","対照群のサンプルサイズ","合計"
"1.2","90","12619","12619","25238"
"1.2","80","9183","9183","18366"
"1.2","70","7015","7015","14030"
"1.2","60","5459","5459","10918"
"1.3","90","5936","5936","11872"
"1.3","80","4334","4334","8668"
"1.3","70","3340","3340","6680"
"1.3","60","2597","2597","5194"
"1.4","90","3524","3524","7048"
"1.4","80","2580","2580","5160"
"1.4","70","1995","1995","3990"
"1.4","60","1557","1557","3114"
"1.5","90","2374","2374","4748"
"1.5","80","1743","1743","3486"
"1.5","70","1351","1351","2702"
"1.5","60","1059","1059","2118"
"1.6","90","1731","1731","3462"
"1.6","80","1274","1274","2548"
"1.6","70","990","990","1980"
"1.6","60","778","778","1556"
"1.7","90","1333","1333","2666"
"1.7","80","983","983","1966"
"1.7","70","766","766","1532"
"1.7","60","604","604","1208"
"1.8","90","1067","1067","2134"
"1.8","80","789","789","1578"
"1.8","70","616","616","1232"
"1.8","60","486","486","972"
"1.9","90","880","880","1760"
"1.9","80","652","652","1304"
"1.9","70","610","610","1220"
"1.9","60","404","404","808"
"2.0","90","743","743","1486"
"2.0","80","551","551","1102"
"2.0","70","432","432","864"
"2.0","60","343","343","686"
"2.0","80",vzjWNvqnFjcyRIeToFCzU5vWvwq3959lvtHF&#xA;W7kt/iTTwvDe0vOQLsHp6lvusYBVhWlSSCNqdTiqvC8Rvb5S6niI/UUTvIygoftRH4Yfbj9rrirx&#xA;v/Qv+VVcudv9S/SvL1f0le+j6foV5fXv96a03pXjy+CvDfFLMPK3lzT18o6PMnmB5rOyle8u7h3h&#xA;eNopRWWzlelFhWtGFRuBy7jFCOvtBtorC3eXzHPykvpdSgcyQKLr1I3CWo+H4oQrDiF+Kg64qm3m&#xA;MRJqGiTzaydMjF4IUtKRlb2aRCUgJcFgQEZhwofoxVOXjdpY3ErIqV5RALxeooOVVLbduJHvirhG&#xA;4neQysUZVUQkLwUqSSwIXnVq0NWpsKAb1VWrDIIpEM8jM5crIQnJA3QLRePwduQPvXFXNDI0KRi4&#xA;kV1KFpgI+bcCCwYFSvx0o1FHXahpiq5o3MySCVlVAwaIBeL8qULVUt8NNqEdd64qpwWrxXVzObiS&#xA;RZyhWByOEXFeJ9Ogr8XU1PXFWxBKLZoTcSGRg4FwRH6i8iSCAE4fBXaq9t64queGRljAndCjKzMo&#xA;SrgdVaqkUbvxofDFWzG/riT1WCBSphovAkkHkTx51FKfap7Yq6ON0eVmlaQSNyVGC0QcQOK8VU0q&#xA;OXxEmp60oAqp/V5vqhg+tS+qQQLqkXqCprWnD09v9TFVSSN3eJllaMRtyZFC0ccSOLclY0qeXwkG&#xA;o60qCq7039f1fVbhx4+hReFa1514869vtU9sVWwDeak5m+M7Hh+7+EfAOIHz+Kp3xVoW831VIfrM&#xA;vqKEDXVI/UbiQSWHD0/jpvRB12piq943aSNhKyKhJaNQvF6gijVUnbr8JH3Yql2n6X9V1vVbw3z3&#xA;DX/oOLNxGBbiNDH8HEBisnGvxV3rv4KoyW09S0nglndll5/vG4BkDVI40UD4P2SQT41xV0duv1KC&#xA;G3nZI4xHwlTgxZEoaVZWWjqKEgdDtQ74q6S0L38F36hAhiliMNBxb1WjbkT1qvp0HzOKtpbSLLcu&#xA;Z3Kz04Jt+7ovE8K+PX54q8//AMMp+hv0D+n7qv6Z4/pqtr9Z9T6n6nH+69Dly/d/3f8Aw2+KpN5Y&#xA;W/b8pYo4dPsWSe8ukutFeOELqUBeStvCVmCLPKoHxtU1BquKVa5/TT6R5ZM0mmXixak6CKGO2P1K&#xA;3EPFLaNpH5LLB9h2jqx6UodlD0LzHbTytpMkUssf1bUIZJFiMQ5oVeMo5lH2P3nI8PiNKDFUbcxO&#xA;1/ZyCBXWP1OUxRWaOq0HFy6snLoeKtXvTFW44nGqXEphVUaGFRcBFDuVaQlDIHLsF5VClABU0LVI&#xA;VVRigkFheobaNWke4KwiJAsgYmhZBKVfn3LMvLuFxV08EjaZbRC1jd0e2LW5ijZE4SIWKxmVVX06&#xA;clo7caVHIgAqq08TtqNrIIVdUSUNOUUsnLhQK5dWXlTcBGrTelN1VKyblqmpD04k4tCvqIgEj/uw&#xA;f3jhjypWgqBQYqtjt5Ros8JtIxIy3AFqIoxG3JnIBiEpRudamsg5V3412VX3UMjQ2QFukhjliZla&#xA;NGEYANWUGRAhXsVLEdgcVVGif9KRy+ipQQOpuOC8wS6ngJOfMA0rx4U2+0KUKrrKJ0uL5mhWISTB&#xA;ldUVDIPRjXmzK7lzUceTBTQUpQBiqhBbTf4fe3+pReqUcCy9CL0zViaej63p79aer92Kou9id7ix&#xA;ZYVlEcxZnZFcxj0ZF5qzOhQ1PHkoY0NKUJYKtek/6W9X0F4ehx+s8F51514epz5078eFP8rtirVj&#xA;C8b3paIR+pOXWiheYKIORpJJWtKVPH/V7lVDrbTfoC2g+pxCREtw1n6MfppwZCQsPremvClQBK3G&#xA;m3Km6qKuona8snEKyLG7lpWRWaOsbCqsXQpWvGqq1emw3CqGtrYr5lv7jhEBLaWiCRUjEp4SXBo8&#xA;gcyMo5/CGQAb0JqaKrZoJxo2potrGJJPrRjgEcarLy5cSy85Fb1O5YivcL0xVyW5OhWEUVukwQWh&#xA;ETpHIqqjoSwUyRrVAOQYMeJFQGoAVUXPE7ajayCFXVElDTlFLJy4UCuXVl5U3ARq03pTdVq2idb+&#xA;8kMCosnp8Zgiq0lFoeTh2Z+PQclWnauKsI+r3nD0/wDR/W/xV6lfQg9PhT1K+n63D1OP7fPnz+Ph&#xA;z+DFV/l4eS7fyDa6smjObTQ2a/S2Fq3rfXEQ854ImALNJzJRx9rlUeOKo3ULLyhp9hYNb+XjTULh&#xA;7u1kgsgfq11PEWa4mNB6DMPhZj/q4qybVDYLHA17D6yi4hEA9My8ZmcLG+wPHixry7YqqzC1+tW5&#xA;ki53A5+hL6Zfht8X7wAiPkPEiuKuQWv16UrFS6Mcfqz+mRyTk/BfVpRuJ5Hjy+GvbluqsRbD6rcB&#xA;bfjAWl+sReiw5sSfUPp8ayczXcA8u1cValWw+pQiS35WoaH0YfRZuJDr6R9IKSnBuJqQOFKmlMVV&#xA;JBa/W4C8XK4Cv6MvpluC/DzHqAEJy22JHKntiqjaNZHUb8Q27RXIMX1mcxlRL8HwEP8At8V+H26Y&#xA;q2i6f+jZQttSyIl9W29BhyBLeoPR48m5mv7PxV2rXFV84sjHb+rBzQSJ9XX0Wfg9PgagU+nx/mNK&#xA;YquItfrykxVuvSYLP6ZNI+S8k9WlBU0PHlv1ptirrcWomufRi9OQyD6w/pmP1H9NaNyIHqfBxXkK&#xA;9OPamKqHHS/0Sy/Vf9x/FuVr9WfdankPq/Dkantx3xVXuBama29aL1JBIfq7+mZPTf02q3IA+n8H&#xA;JeRp1496Yq6lr9fr6X+l+lT1/TP93y+x6tOP2t+PL3pirrcWoa49GL0yZCZz6Zj5ycVq24HP4aDk&#xA;K+FdsVUQumfoqFRa/wCgBYvRtfq7/CoK+mPQ4ck4GmxUcab0piqtOLU3FuZYucwZvq8npl+DcDyP&#xA;MAiOq1FSRXpirSJajUJnWMi7aKJZZuDgNGrSGNQ5HBuJZzQGorv1GKqT/o5bC8P1att++NzB6JX1&#xA;Dv6vwMF5899+jeJxVsx6cunW8Zg52a+gIIfSaXiQy+ieIDEcG4nl+zSpIpXFVWQWv1uAvFyuAr+j&#xA;L6Zbgvw8x6gBCcttiRyp7Yq6EWv1q4McXC4PD15fTKc9vh/eEAScR4E0xViHPSPrFfqrfVf8ScfS&#xA;4Gv1n0aerx8PrP7zl4b4qxHy9eaav5Qfob6xZi98wSXWn6TAl3cmKe6lBpC07/vY2qCHANAfhU9M&#xA;Uptrur6LqGm+WPq1zazG0vzYSFp7kFbq2iMcsUTqB6zKy9Jdm+1ihnevTCKKy/eJH6l7boDJI0da&#xA;yD4V4g8mPZTscVRFy6C/s1LKGb1OKmdo2NF34wj4Zad+X2eoxVuN0OqXCBlLiGElBOzOAWkoTbn4&#xA;EBps43fcH7IxVRikjNhesJIyqvcBmF07KpBNeUpHKGndV+x26Yq6eSMaZbOZIwjPbcXN1IiHlIgX&#xA;jOBykr+yD/efZOzHFVad0Go2qllDMkpVDMyMacK8YR8MlO7H7PbriqH0/n+l9VqU4c4aBXZmr6K1&#xA;5qRRfbid8Vbjki/Qs7iSMxhbisgu5GjFGetbojmlO5H2Og+ziq+6eMQ2RLooaWIKWuXiDEg0CsBW&#xA;YnsjbN3xVUZ0/Skacl5mByE9Zg9A67i3+ww/y+o6d8VdZOjXF8FZWKzAMFnaYqfRjNGRtoTQ14Lt&#xA;T4urHFUIJYf8PvJ6sXpcHJl+uy+n9o/8flPUH+tTbpiqLvXRbixDMqlpiFDTtCWPoyGiou0xoK8G&#xA;2p8XVRirXNP0tw5Lz9CvD125059fq/2Kf8Wde2KusnRmvOLK3GYhuM7TUPBTRg390f8AIXbv3xVD&#xA;LLD+gLaT1YvTZLcrL9ckMZqyU43dPUkr2JH7zoftYqirp0F5ZKWUMzuFVpmjZqRsfhjG03+q3T7X&#xA;UYq6N0OqXCBlLiGElBOzOAWkoTbn4EBps43fcH7IxVQWaJdOvpOaFI2uC7LcySAcS3IGSnOIjuqj&#xA;4Og6Yq3cOi6ZbM7IgL2wBe5kjWpkQACanOQk7BWH7w/C32jiqtO6DUbVSyhmSUqhmZGNOFeMI+GS&#xA;ndj9nt1xVq2dDf3ihlLL6fJRO0jCq7coT8MVe3H7XU4qxX1YfrPL1YuP+IuPP67Lx5fVePH1qcuX&#xA;L4fR+zy/dfZxVIPK9zrMX5e6fDPZXRW7uLmJtV+sWvPS7VudLwSMeISH9lftACjbg4qiL68v5dK0&#xA;ENZ3OnhNQkg2ubVPrUSIQt1Ipr6qTgc+KfHU+G+Ks91ivp2pEkkdLqCvpFAW+MDi3MH4T+1TfwxV&#xA;ETet9at+Hq+n8fqcPS9Ppt6nP95/q8Pp2xVyet9elr6vo+nHwr6XpcuT8uFP3vKlOXL4aU478sVW&#xA;J9Z+q3FfX9TlL6XL0PUpU8PTp+7p/Jz3/mxVqX6z9Sh4+v63KHnx9D1ac158+X7qlK8+G9K8N6Yq&#xA;qSet9bg4+r6XF/U4+l6Vfh48+X7yvXjw268u2KqNmkq6jqDOrhHaIxs1OJAjAPCm/XrXvirafWv0&#xA;bLX6x9YpLwr9X9etW48afuK9OHL25b1xVfP9Y9O34ety9RPV4ejy40+L1Oe3H+bh8Xhiq4+t9eWn&#xA;q+j6TVp6XpcuS0rX97zpWlPhpWu9MVdb+t61z6nq8fUHpep6XHj6a/3Xp/Fx5V/vPi5V/Z44qof6&#xA;Z+iW/wB6vrPFqf7zfWa1NKf8e9fCu3jviqvcet61t6fq8fUPq+n6XHj6bf3vqfFx5U/u/i5U/Z5Y&#xA;q7999f8A92+j6X/FXo8uX/I3nT/Y098Vdb+tyuPU9WnqH0/U9KnHiv8Ad+n+zWv2/irXtTFVEfW/&#xA;0VD/AL0/WeMXOv1b6xWq8+f/AB7168+G3Xj2xVWn9b6xb8PV4cm9Xh6XCnA09Tn8dK9OG9eu1cVc&#xA;nrfXpa+r6Ppx8K+l6XLk/LhT97ypTly+GlOO/LFVCUStpt6JWmWonCs5hDhd+JQqVTjT7PM1/mxV&#xA;cwnGn24jEwcGDkIvR5heS8uXMtHx4158TWleHxUxVVk9b63Bx9X0uL+px9L0q/Dx58v3levHht15&#xA;dsVdD631q45+r6fwenz9L0+m/p8P3n+tz+jbFWKfWX+t+p6s9f8AEHDnytedPqnDjX+64U+Gn95x&#xA;2/vMVYj5b8x6XB5L0HS9Qvbae11PUZbHUbR7BYka1lWUenJEXRVQniTOwIfuKtilSk802t9Zab9c&#xA;voJpLLXLu2t2bT4x6VvGGWIIWfnAoT4VuP2h1G+KHomt+YPLpitOV7aTf6Xb8QWSbifUHx7H4OPX&#xA;n+ziqtc6/wCXTf2bHULIsvqcWPGRhVd+MwbjFXvy+10GKtx6/wCXRqlw41CyDmGEFxxVyA0lAbgt&#xA;wcCuyDdNyftDFVGLXfLYsL1Rf2IVnuCyhAqsSTXlEW5TV7sv2+3XFVt55h8trpVqDfWLoJLRVjKo&#xA;ygmaMKRAXVo+J3BJ/d/aNeNMVRE+v+XTqNqx1GyLKkoVyVdhXhXjMG4x17qftdumKqFh5j8vnVtT&#xA;H160Uhof3lY05j0h/uyv72m/y6Yq6PXfLf6FnQX9gIytxWMR8YzVnrW1Lc3r3A+31H2sVX3WveXD&#xA;DZA6hYsFliKhlEoUgGhVQ1YSOztsvfFVRtf8u/pSN/0jZcxA4D1UvQuuwuOXBR/kdT17Yq6y1/y6&#xA;txfFdQslLTAsV4wlj6MYqzs1JjQU5rtT4eqnFUINc8tf4feP69YelwcGL0f3f2j/AMefP1D/AKtd&#xA;+uKou91/y61xYltQsmKzEqW4zFT6Mgqrq1ITQ05ttT4erDFWv0/5d/S3P9IWXP0Kc/h5059PrHLh&#xA;T/ivr3xV1lr/AJdVrzjqFkvKYluPGGp4KKsWb96f8tdu3bFUMuueWv0BbR/XrD01S3CxejSMUZKc&#xA;bTl6kdOwJ/d9T9nFUVda/wCXTeWTHUbIsruVZisjLWNh8MgakP8ArN1+z1OKuj1/y6NUuHGoWQcw&#xA;wguOKuQGkoDcFuDgV2QbpuT9oYqox655bOn3yfX7EI73HNVXgDyLVLRc+UpPdl+31HXFXXGveXG0&#xA;y2VtQsnUPbEB19UVEiEEQ8+aEHcMx/dn4m+ycVVp9f8ALp1G1Y6jZFlSUK5KuwrwrxmDcY691P2u&#xA;3TFWrbX/AC6L+8YahZBm9Pkw4xsaLtymLcZaduP2ehxVi/q6B6Pqc7T9Hf4l9Xn9Wf0PV9H1OXp8&#xA;q8/V+L1q8eX7z7O2Kv8A/9k=</xmpGImg:image>
               </rdf:li>
            </rdf:Alt>
         </xmp:Thumbnails>
      </rdf:Description>
      <rdf:Description rdf:about=""
            xmlns:dc="http://purl.org/dc/elements/1.1/">
         <dc:format>application/postscript</dc:format>
         <dc:title>
            <rdf:Alt>
               <rdf:li xml:lang="x-default">32陦ｨ.xls</rdf:li>
            </rdf:Alt>
         </dc:title>
         <dc:creator>
            <rdf:Seq>
               <rdf:li>&lt;91E59363959F8E838D488FEA&gt;</rdf:li>
            </rdf:Seq>
         </dc:creator>
      </rdf:Description>
      <rdf:Description rdf:about=""
            xmlns:xmpMM="http://ns.adobe.com/xap/1.0/mm/"
            xmlns:stRef="http://ns.adobe.com/xap/1.0/sType/ResourceRef#"
            xmlns:stEvt="http://ns.adobe.com/xap/1.0/sType/ResourceEvent#">
         <xmpMM:DocumentID>xmp.did:77603F773B79E1118926B9FF2A5FFAF4</xmpMM:DocumentID>
         <xmpMM:InstanceID>xmp.iid:77603F773B79E1118926B9FF2A5FFAF4</xmpMM:InstanceID>
         <xmpMM:OriginalDocumentID>uuid:ee49237a-0a0e-4765-9724-b0cafada2c70</xmpMM:OriginalDocumentID>
         <xmpMM:DerivedFrom rdf:parseType="Resource">
            <stRef:instanceID>uuid:0a66b619-f577-480a-8ddf-c591528d3e11</stRef:instanceID>
            <stRef:documentID>uuid:ee49237a-0a0e-4765-9724-b0cafada2c70</stRef:documentID>
            <stRef:originalDocumentID>uuid:ee49237a-0a0e-4765-9724-b0cafada2c70</stRef:originalDocumentID>
         </xmpMM:DerivedFrom>
         <xmpMM:History>
            <rdf:Seq>
               <rdf:li rdf:parseType="Resource">
                  <stEvt:action>saved</stEvt:action>
                  <stEvt:instanceID>xmp.iid:77603F773B79E1118926B9FF2A5FFAF4</stEvt:instanceID>
                  <stEvt:when>2012-03-29T10:22:23+09:00</stEvt:when>
                  <stEvt:softwareAgent>Adobe Illustrator CS4</stEvt:softwareAgent>
                  <stEvt:changed>/</stEvt:changed>
               </rdf:li>
            </rdf:Seq>
         </xmpMM:History>
      </rdf:Description>
      <rdf:Description rdf:about=""
            xmlns:xmpTPg="http://ns.adobe.com/xap/1.0/t/pg/"
            xmlns:stDim="http://ns.adobe.com/xap/1.0/sType/Dimensions#"
            xmlns:stFnt="http://ns.adobe.com/xap/1.0/sType/Font#"
            xmlns:xmpG="http://ns.adobe.com/xap/1.0/g/">
         <xmpTPg:MaxPageSize rdf:parseType="Resource">
            <stDim:w>209.980292</stDim:w>
            <stDim:h>297.038889</stDim:h>
            <stDim:unit>Millimeters</stDim:unit>
         </xmpTPg:MaxPageSize>
         <xmpTPg:NPages>1</xmpTPg:NPages>
         <xmpTPg:HasVisibleTransparency>False</xmpTPg:HasVisibleTransparency>
         <xmpTPg:HasVisibleOverprint>False</xmpTPg:HasVisibleOverprint>
         <xmpTPg:Fonts>
            <rdf:Bag>
               <rdf:li rdf:parseType="Resource">
                  <stFnt:fontName>RyuminPro-Light</stFnt:fontName>
                  <stFnt:fontFamily>A-OTF 繝ｪ繝･繧ｦ繝溘Φ Pro</stFnt:fontFamily>
                  <stFnt:fontFace>L-KL</stFnt:fontFace>
                  <stFnt:fontType>Open Type</stFnt:fontType>
                  <stFnt:versionString>OTF 1.002;PS 1;Core 1.0.31;makeotf.lib1.4.1585</stFnt:versionString>
                  <stFnt:composite>False</stFnt:composite>
                  <stFnt:fontFileName>A-OTF-RyuminPro-Light.otf</stFnt:fontFileName>
               </rdf:li>
               <rdf:li rdf:parseType="Resource">
                  <stFnt:fontName>MS-PMincho</stFnt:fontName>
                  <stFnt:fontFamily>�ｭ�ｳ �ｰ譏取悃</stFnt:fontFamily>
                  <stFnt:fontFace>讓呎ｺ�</stFnt:fontFace>
                  <stFnt:fontType>TrueType</stFnt:fontType>
                  <stFnt:versionString>Version 2.50 - JIS90</stFnt:versionString>
                  <stFnt:composite>False</stFnt:composite>
                  <stFnt:fontFileName>msmin90.ttc</stFnt:fontFileName>
               </rdf:li>
            </rdf:Bag>
         </xmpTPg:Fonts>
         <xmpTPg:PlateNames>
            <rdf:Seq>
               <rdf:li>Black</rdf:li>
            </rdf:Seq>
         </xmpTPg:PlateNames>
         <xmpTPg:SwatchGroups>
            <rdf:Seq>
               <rdf:li rdf:parseType="Resource">
                  <xmpG:groupName>蛻晄悄險ｭ螳壹�繧ｹ繧ｦ繧ｩ繝�メ繧ｰ繝ｫ繝ｼ繝�</xmpG:groupName>
                  <xmpG:groupType>0</xmpG:groupType>
               </rdf:li>
            </rdf:Seq>
         </xmpTPg:SwatchGroups>
      </rdf:Description>
   </rdf:RDF>
</x:xmpmeta>
                                                                                                    
                                                                                                    
                                                                                                    
                                                                                                    
                                                                                                    
                                                                                                    
                                                                                                    
                                                                                                    
                                                                                                    
                                                                                                    
                                                                                                    
                                                                                                    
                                                                                                    
                                                                                                    
                                                                                                    
                                                                                                    
                                                                                                    
                                                                                                    
                                                                                                    
                                                                                                    
                           
<?xpacket end="w"?>
endstream
endobj
330 0 obj
<< /BleedBox [ 0 0 595.276 841.89001 ] /Contents 331 0 R /CropBox [ 0 0 595.276 841.89001 ] /MediaBox [ 0 0 595.276 841.89001 ] /Parent 372 0 R /Resources 332 0 R /Rotate 0 /TrimBox [ 0 0 595.276 841.89001 ] /Type /Page >>
endobj
331 0 obj
<< /Filter /FlateDecode /Length 1998 >> 
stream
hﾞｼZIk%ﾉｾｿ_Q@ｩ己�ﾓﾝ4�4ｺj5fﾓc�Y{fEm��ﾔOﾄKe|ｱ/UｯﾟSﾅ?<~ｼ~|�+�｡洗/襍 �ｴ"�鰹ﾟｯ_~�A轜ﾔ<dﾇ��砡S-VRぅ�*���ﾇ7ｺｿ�����ﾅ/_ｿ<^ｿ�ﾓ�`驟ｳ=ﾗ�ＱﾆﾎJ�0ﾀﾈﾙFﾎ�｡｡聹�｡�"�7FDC]蓑ｭk�;?Q?ﾁﾔU�^�'6u��>�	ﾆﾒ�{ｼ,b!ﾐ傔｡騁ﾓD_�!ﾔD飼nCｩ樺:,D�k｡ｧ�P硬(ﾍp数`G*≡j､0�擶須ｼW牌ｸﾏ･](Hj醒ｦ_ｮQmｮlﾕ%qF=､�(棏ｭ8ｲ灘5qZﾜｰi柴iv姉*NsYrI7九曙ﾓMﾘｽﾖfﾄ茁Mｱ�*ﾑ颪Dｵ#+-,W�lﾊﾐ甬[[蜴�+Aｷ�8]ﾑs4�ZﾋHA幎i`ｪ2yﾑﾕDD5�"ｵ攷ｩj-C纊挧ﾄ�ﾑ;ﾎ殍dg�;�/`�'ｪaF鈕ｃ�60ﾌ C�儒ﾌ�N�.ﾇ�&)ﾝ個�0|MS�'0fｧY�0Ab七､｡ﾛj	J夙�N�1<YU,kﾎｬ･oｩ鬚ｵRUUﾋxR釡%ﾍｸ�ﾞW�jm:�:W�ﾜ9,SU｢)Yｸp﨡,ﾕｮ�曺ｨ俐倒?輸wpﾓ08ｨ鞭ｬaﾒNX%｡Iﾃﾔ/ｱ增�狼ﾕ2ｺAﾒ鳫ｨ0ﾗ｢｢}ﾚﾍ*8ｳﾛ6ｳｱ濮ｯ^beﾂ｡ﾆmﾚ+Xﾘﾈ0贈�ﾅjﾆ�*ｳ�YﾑﾜTｫｩﾅ恝U囀Jzｵ�珥	pdｽ柘\Uh�ｯ爬ｮ,Rﾝb�Lo�'｣"ﾛｶ�ｧ㍑:46綯]�YP[d\ｧﾓﾗ*峭g遊hﾊ郭ｶﾚ?ﾑ	侘棔里UPLS�n\ﾈｷ訪b綛累ｽ旒gﾝ廝ｿjS�僚ﾖﾟkﾎﾟPｧb踞ｻ&�4ﾈy汳+ｻ梨5pｯ､ﾚ�7-C]ﾚｭD朎�"﨎LL$坪hPﾔ康n慧ﾒ|f�踵L:U有�ﾑQﾒ
ﾟT�･館�Bｾ抵ﾆ88愀.4痛ｻｼ�z棯ｮｩ,�ｺ<iAｴ�<:ﾂb�V's^ｯBﾉ�f5V'
�Usﾛdｶ<ｨ拌庭ﾜ蠻�u酉-wﾌ内�ｫ,ｻ炉-e!･TWf8ﾆ<ｸｿ妃Ewﾔﾒ@ﾙTｷ�;ﾛ鑒�ｽPrﾌrG妨#鈴姉涌ｷ*<<~6"juyｫbt=ﾒeU2属ﾆ�1逆mﾏｦﾊ墲楷a?ｿﾃe+沒.這ﾁO7P匁ｶ6pﾃ|j*ﾐ%3嶬�8jﾕ^gﾎ6�ﾀiｦi�-z傅ｶ癰�.4堤0ｴqGu3ｦiФﾞJ*皓c凱ｪ� hﾃ2w\ﾌ�KﾟﾉﾑSｹIq�ｫ鋓4ﾓ�wiﾙuL36m稲ｺ4c.y`ｮﾌGﾈ^ﾜ~e武方ｪｹg%ﾀ刈wﾝD0qD-ﾕｬ�%|JMuﾒ杉�^S��SJﾎy(蒜jﾓ猪ｫ?�;S#志O�畚Onﾃ｣ �*迚N��苴]ﾒH/Myﾚ塾!}�
冥ｧ"ｪ笊Uｻay朮m3�ｸ�ｷｶ�3K艦LY%Mｸ秧鴣V.ｧｮ0/j \iﾚﾛｦﾉ�+臀IｪﾘOfHｯfﾛt叝Vｱ焦�`+'^-v;ﾍ=ｪﾗ涖ﾅ茣?ｵ'^ｱﾖﾉｪ�	�<ｦ梨ﾚtW檢｡.ｸ8㌻wﾛy
cｷ#;ｵしﾍﾄ5妺uBﾊ;鼾ｼ綽Hｶｪｾ<ﾉ屮�･(�:Vﾊ奛寛ﾌ3彝ｲ&y苞ｺDg兮ｭﾗ臨r�緖NTﾛ�-Zｮv崧:ﾙY5ﾙP�&半ｻ審凌蛎ｺ稘7ｸﾇo･1