表側１,表側２,表側３,回答企業数(件),大幅増加（10％以上）(％),やや増加（10％未満）(％),ほぼ横ばい（±５％未満）(％),やや減少（10％未満）(％),大幅減少（10％以上）(％),３年前は未創業(％),無回答(％)
,,"今回調査
（全体）",767,15.6,14.1,20.1,16.2,30.4,0.0,3.7
業種別,,食料品卸売業,213,15.0,19.7,25.4,16.4,21.6,0.0,1.9
業種別,,生鮮食品卸売業,91,13.2,20.9,26.4,14.3,25.3,0.0,0.0
業種別,,加工食品等卸売業,122,16.4,18.9,24.6,18.0,18.9,0.0,3.3
業種別,,衣料品関連卸売業,111,15.3,13.5,15.3,15.3,39.6,0.0,0.9
業種別,,住関連卸売業,155,14.2,13.5,21.9,12.9,36.1,0.0,1.3
業種別,,その他卸売業,270,18.1,11.1,17.8,19.3,32.2,0.0,1.5
従業者規模別,,１～５人,406,9.1,11.8,20.4,17.7,36.2,0.0,4.7
従業者規模別,,６～９人,119,22.7,15.1,19.3,12.6,29.4,0.0,0.8
従業者規模別,,10～49人,192,25.5,18.8,18.2,15.6,19.3,0.0,2.6
従業者規模別,,50人以上,28,17.9,21.4,17.9,17.9,21.4,0.0,3.6
取引形態別,一次卸,小売直取引卸,229,17.9,16.2,13.5,15.3,35.8,0.0,1.3
取引形態別,一次卸,他部門直取引卸,67,19.4,11.9,25.4,13.4,29.9,0.0,0.0
取引形態別,一次卸,元卸,127,23.6,10.2,22.8,15.0,24.4,0.0,3.9
取引形態別,二次卸,中間卸,93,9.7,20.4,25.8,17.2,26.9,0.0,0.0
取引形態別,二次卸,最終卸,131,9.2,16.0,22.9,21.4,29.0,0.0,1.5
取引形態別,その他,製造問屋,20,30.0,10.0,5.0,15.0,40.0,0.0,0.0
取引形態別,その他,その他卸,65,13.8,7.7,24.6,13.8,38.5,0.0,1.5
,,,,,,,,,,
,,,,,,,,,,
,,,,,,,,,,
,,,,,,,,,,
,,,,,,,,,,
,,,,,,,,,,
,,,,,,,,,,
,,,,,,,,,,
,,,,,,,,,,
,,,,,,,,,,
,,,,,,,,,,
,,,,,,,,,,
,,,,,,,,,,
,,,,,,,,,,
,,,,,,,,,,
,,,,,,,,,,
,,,,,,,,,,
,,,,,,,,,,
,,,,,,,,,,
,,,,,,,,,,
,,,,,,,,,,
,,,,,,,,,,
,,,,,,,,,,
,,,,,,,,,,
,,,,,,,,,,
