表側１,表側２,表側３,回答企業数(件),赤字（マイナス）(％),０～２％未満(％),２～４％未満(％),４～10％未満(％),10％以上(％),無回答(％)
,,"今回調査
（全体）",767,35.3,25.6,15.0,15.0,4.7,4.4
,,前回調査,760,37.9,25.4,13.6,12.5,6.6,4.1
業種別,,食料品卸売業,213,33.3,29.1,16.9,15.5,2.3,2.8
業種別,,生鮮食品卸売業,91,29.7,31.9,18.7,13.2,2.2,4.4
業種別,,加工食品等卸売業,122,36.1,27.0,15.6,17.2,2.5,1.6
業種別,,衣料品関連卸売業,111,42.3,27.0,11.7,14.4,0.9,3.6
業種別,,住関連卸売業,155,37.4,17.4,14.8,21.9,7.7,0.6
業種別,,その他卸売業,270,35.2,28.5,15.6,11.9,6.7,2.2
従業者規模別,,１～５人,406,44.8,21.7,13.5,10.8,3.7,5.4
従業者規模別,,６～９人,119,26.9,21.8,21.8,19.3,5.9,4.2
従業者規模別,,10～49人,192,21.4,33.3,15.1,21.4,6.3,2.6
従業者規模別,,50人以上,28,14.3,50.0,7.1,25.0,3.6,0.0
取引形態別,一次卸,小売直取引卸,229,41.5,24.9,11.4,16.6,3.5,2.2
取引形態別,一次卸,他部門直取引卸,67,38.8,23.9,19.4,13.4,4.5,0.0
取引形態別,一次卸,元卸,127,22.8,37.8,17.3,15.0,5.5,1.6
取引形態別,二次卸,中間卸,93,39.8,24.7,17.2,11.8,5.4,1.1
取引形態別,二次卸,最終卸,131,31.3,23.7,17.6,17.6,6.1,3.8
取引形態別,その他,製造問屋,20,50.0,15.0,10.0,15.0,5.0,5.0
取引形態別,その他,その他卸,65,40.0,26.2,12.3,12.3,6.2,3.1
,,,,,,,,,
,,,,,,,,,
,,,,,,,,,
,,,,,,,,,
,,,,,,,,,
,,,,,,,,,
,,,,,,,,,
,,,,,,,,,
,,,,,,,,,
,,,,,,,,,
,,,,,,,,,
,,,,,,,,,
,,,,,,,,,
,,,,,,,,,
,,,,,,,,,
,,,,,,,,,
,,,,,,,,,
,,,,,,,,,
,,,,,,,,,
,,,,,,,,,
,,,,,,,,,
,,,,,,,,,
,,,,,,,,,
,,,,,,,,,
,,,,,,,,,
,,,,,,,,,
