事業所規模,産業,和暦年,西暦年,年平均・月,現金給与総額／計(円),現金給与総額／男(円),現金給与総額／女(円),きまって支給する給与／計(円),きまって支給する給与／男(円),きまって支給する給与／女(円),所定内給与(円),所定外給与(円),特別に支払われた給与／計(円),特別に支払われた給与／男(円),特別に支払われた給与／女(円)
５人以上,TL 調査産業計,平成17,2005,年平均,429876,522705,272819,342350,412511,223646,319906,22444,87526,110194,49173
５人以上,TL 調査産業計,平成18,2006,年平均,433685,525876,278182,341360,409746,226010,317962,23398,92325,116130,52172
５人以上,TL 調査産業計,平成19,2007,年平均,430485,521754,276184,338139,404829,225391,315669,22470,92346,116925,50793
５人以上,TL 調査産業計,平成20,2008,年平均,435111,527604,279754,341237,409045,227342,318746,22491,93874,118559,52412
５人以上,TL 調査産業計,平成20,2008,1月,361849,438022,232603,339022,407778,222362,317769,21253,22827,30244,10241
５人以上,TL 調査産業計,平成20,2008,2月,365519,440701,238712,342082,411218,225471,319798,22284,23437,29483,13241
５人以上,TL 調査産業計,平成20,2008,3月,379640,456035,250799,343761,412872,227204,320126,23635,35879,43163,23595
５人以上,TL 調査産業計,平成20,2008,4月,361821,434790,239449,345648,413479,231892,321728,23920,16173,21311,7557
５人以上,TL 調査産業計,平成20,2008,5月,359783,432491,237439,341634,408984,228306,319238,22396,18149,23507,9133
５人以上,TL 調査産業計,平成20,2008,6月,692118,856676,414305,340990,407777,228237,319121,21869,351128,448899,186068
５人以上,TL 調査産業計,平成20,2008,7月,463804,563855,296932,341286,408284,229542,318306,22980,122518,155571,67390
５人以上,TL 調査産業計,平成20,2008,8月,355018,426256,235127,340299,407274,227582,318150,22149,14719,18982,7545
５人以上,TL 調査産業計,平成20,2008,9月,364876,438166,242619,340524,408402,227294,319421,21103,24352,29764,15325
５人以上,TL 調査産業計,平成20,2008,10月,349457,418225,234298,340733,408077,227958,317935,22798,8724,10148,6340
５人以上,TL 調査産業計,平成20,2008,11月,368717,445987,239510,339506,407437,225914,316436,23070,29211,38550,13596
５人以上,TL 調査産業計,平成20,2008,12月,792544,972541,491338,339445,407096,226238,317001,22444,453099,565445,265100
５人以上,D 鉱業,平成17,2005,年平均,627344,684756,367000,447005,485413,272836,439880,7125,180339,199343,94164
５人以上,D 鉱業,平成18,2006,年平均,703153,772912,385894,453473,494582,266513,444886,8587,249680,278330,119381
５人以上,D 鉱業,平成19,2007,年平均,667289,728738,394115,466148,508569,277563,434236,31912,201141,220169,116552
５人以上,D 鉱業,平成20,2008,年平均,719236,780702,424473,475703,515127,286645,446451,29252,243533,265575,137828
５人以上,D 鉱業,平成20,2008,1月,475024,517274,275907,468316,509821,272706,439516,28800,6708,7453,3201
５人以上,D 鉱業,平成20,2008,2月,471425,511470,278472,467678,507588,275377,435214,32464,3747,3882,3095
５人以上,D 鉱業,平成20,2008,3月,490748,529908,301660,463134,502447,273303,433461,29673,27614,27461,28357
５人以上,D 鉱業,平成20,2008,4月,479456,518328,297163,472598,511205,291549,440633,31965,6858,7123,5614
５人以上,D 鉱業,平成20,2008,5月,476026,515647,294011,469221,508163,290327,441884,27337,6805,7484,3684
５人以上,D 鉱業,平成20,2008,6月,1862174,2019315,1140683,465257,503540,289487,438230,27027,1396917,1515775,851196
５人以上,D 鉱業,平成20,2008,7月,596075,662232,290793,472104,512238,286906,442492,29612,123971,149994,3887
５人以上,D 鉱業,平成20,2008,8月,501602,546465,292386,498414,543141,289832,465055,33359,3188,3324,2554
５人以上,D 鉱業,平成20,2008,9月,521960,563000,304279,481463,521603,268555,459863,21600,40497,41397,35724
５人以上,D 鉱業,平成20,2008,10月,493647,530881,293223,486787,525009,281045,460459,26328,6860,5872,12178
５人以上,D 鉱業,平成20,2008,11月,582939,639715,320940,479094,515512,311039,447617,31477,103845,124203,9901
５人以上,D 鉱業,平成20,2008,12月,1662400,1805510,969862,483285,520023,305500,451832,31453,1179115,1285487,664362
５人以上,E 建設業,平成17,2005,年平均,493113,531053,293205,407999,439341,242857,385429,22570,85114,91712,50348
５人以上,E 建設業,平成18,2006,年平均,478229,512905,284862,401943,430224,244238,378383,23560,76286,82681,40624
５人以上,E 建設業,平成19,2007,年平均,479060,512789,298157,396052,423491,248882,369674,26378,83008,89298,49275
５人以上,E 建設業,平成20,2008,年平均,462406,494869,287436,386256,413001,242104,359354,26902,76150,81868,45332
５人以上,E 建設業,平成20,2008,1月,388059,415269,237157,386285,413703,234227,361257,25028,1774,1566,2930
５人以上,E 建設業,平成20,2008,2月,397809,426644,239678,394127,422659,237654,366162,27965,3682,3985,2024
５人以上,E 建設業,平成20,2008,3月,417292,447705,249403,392410,420421,237779,362943,29467,24882,27284,11624
５人以上,E 建設業,平成20,2008,4月,396593,423219,250090,386603,412184,245849,358413,28190,9990,11035,4241
５人以上,E 建設業,平成20,2008,5月,390936,416004,251170,379720,403798,245475,354524,25196,11216,12206,5695
５人以上,E 建設業,平成20,2008,6月,638040,683091,387569,387596,413301,244685,360891,26705,250444,269790,142884
５人以上,E 建設業,平成20,2008,7月,546225,584416,339551,385932,411981,244962,360132,25800,160293,172435,94589
５人以上,E 建設業,平成20,2008,8月,397354,424575,250543,380690,406497,241505,355682,25008,16664,18078,9038
５人以上,E 建設業,平成20,2008,9月,390864,418770,245893,385245,412656,242844,360055,25190,5619,6114,3049
５人以上,E 建設業,平成20,2008,10月,386182,412932,247075,383392,410053,244750,356080,27312,2790,2879,2325
５人以上,E 建設業,平成20,2008,11月,410022,440009,254811,385523,413430,241076,357443,28080,24499,26579,13735
５人以上,E 建設業,平成20,2008,12月,784886,842277,487959,387973,415836,243816,359012,28961,396913,426441,244143
５人以上,F 製造業,平成17,2005,年平均,486352,550339,298237,379719,426604,241881,352391,27328,106633,123735,56356
５人以上,F 製造業,平成18,2006,年平均,489452,553489,301861,376913,422617,243027,349323,27590,112539,130872,58834
５人以上,F 製造業,平成19,2007,年平均,495747,564556,295884,382437,432197,237904,357645,24792,113310,132359,57980
５人以上,F 製造業,平成20,2008,年平均,493952,563681,296676,382205,433348,237511,358465,23740,111747,130333,59165
５人以上,F 製造業,平成20,2008,1月,389368,443589,235524,378346,431290,228125,356244,22102,11022,12299,7399
５人以上,F 製造業,平成20,2008,2月,389336,439954,241555,386413,436695,239611,362170,24243,2923,3259,1944
５人以上,F 製造業,平成20,2008,3月,391305,443656,240615,384674,436008,236913,358483,26191,6631,7648,3702
５人以上,F 製造業,平成20,2008,4月,405834,457690,257711,386521,437036,242226,361084,25437,19313,20654,15485
５人以上,F 製造業,平成20,2008,5月,392456,444888,242899,381562,432387,236590,357579,23983,10894,12501,6309
５人以上,F 製造業,平成20,2008,6月,855431,991411,466218,387217,437582,243059,363434,23783,468214,553829,223159
５人以上,F 製造業,平成20,2008,7月,571736,651446,346786,385366,435915,242713,360546,24820,186370,215531,104073
５人以上,F 製造業,平成20,2008,8月,387884,439628,242017,379876,430652,236740,356841,23035,8008,8976,5277
５人以上,F 製造業,平成20,2008,9月,383802,435601,239410,378910,430264,235756,357002,21908,4892,5337,3654
５人以上,F 製造業,平成20,2008,10月,393263,445660,247836,380225,432138,236142,356112,24113,13038,13522,11694
５人以上,F 製造業,平成20,2008,11月,412021,469765,252171,378754,429999,236895,355042,23712,33267,39766,15276
５人以上,F 製造業,平成20,2008,12月,954685,1102265,544766,378545,430079,235404,357003,21542,576140,672186,309362
５人以上,G 電気・ガス・熱供給・水道業,平成17,2005,年平均,710294,750951,447966,519442,548213,333803,462764,56678,190852,202738,114163
５人以上,G 電気・ガス・熱供給・水道業,平成18,2006,年平均,701778,743270,437141,517667,547123,329796,462354,55313,184111,196147,107345
５人以上,G 電気・ガス・熱供給・水道業,平成19,2007,年平均,647860,692803,443032,475043,507837,325585,428913,46130,172817,184966,117447
５人以上,G 電気・ガス・熱供給・水道業,平成20,2008,年平均,660213,700828,464820,478738,507772,339059,433692,45046,181475,193056,125761
５人以上,G 電気・ガス・熱供給・水道業,平成20,2008,1月,471205,505334,318132,471174,505296,318132,427276,43898,31,38,0
５人以上,G 電気・ガス・熱供給・水道業,平成20,2008,2月,475169,508547,321929,475150,508524,321929,428058,47092,19,23,0
５人以上,G 電気・ガス・熱供給・水道業,平成20,2008,3月,503592,537322,348362,480875,513394,331215,430020,50855,22717,23928,17147
５人以上,G 電気・ガス・熱供給・水道業,平成20,2008,4月,500436,530909,361040,475171,504929,339046,427417,47754,25265,25980,21994
５人以上,G 電気・ガス・熱供給・水道業,平成20,2008,5月,469324,499939,329573,465751,496007,327636,421387,44364,3573,3932,1937
５人以上,G 電気・ガス・熱供給・水道業,平成20,2008,6月,1393565,1488568,949936,462177,492478,320682,420492,41685,931388,996090,629254
５人以上,G 電気・ガス・熱供給・水道業,平成20,2008,7月,492509,522843,339824,474916,501765,339775,429396,45520,17593,21078,49
５人以上,G 電気・ガス・熱供給・水道業,平成20,2008,8月,473858,499510,342806,473706,499361,342639,431127,42579,152,149,167
５人以上,G 電気・ガス・熱供給・水道業,平成20,2008,9月,498004,524344,362429,497995,524336,362412,453497,44498,9,8,17
５人以上,G 電気・ガス・熱供給・水道業,平成20,2008,10月,514285,541215,375819,484798,510583,352221,437679,47119,29487,30632,23598
５人以上,G 電気・ガス・熱供給・水道業,平成20,2008,11月,505062,531328,373154,505003,531278,373050,459911,45092,59,50,104
５人以上,G 電気・ガス・熱供給・水道業,平成20,2008,12月,1536955,1627093,1094380,476510,503503,343976,436062,40448,1060445,1123590,750404
５人以上,H 情報通信業,平成17,2005,年平均,525622,573170,379331,414295,449683,305416,370017,44278,111327,123487,73915
５人以上,H 情報通信業,平成18,2006,年平均,522434,572771,368270,411446,448030,299400,368201,43245,110988,124741,68870
５人以上,H 情報通信業,平成19,2007,年平均,497158,538098,356909,383066,412109,283571,347088,35978,114092,125989,73338
５人以上,H 情報通信業,平成20,2008,年平均,491395,528820,356171,388457,416724,286325,352255,36202,102938,112096,69846
５人以上,H 情報通信業,平成20,2008,1月,396914,425533,292068,389706,417914,286365,353291,36415,7208,7619,5703
５人以上,H 情報通信業,平成20,2008,2月,401009,429023,298410,388776,416089,288744,353139,35637,12233,12934,9666
５人以上,H 情報通信業,平成20,2008,3月,439060,466529,337394,393060,420255,292405,353595,39465,46000,46274,44989
５人以上,H 情報通信業,平成20,2008,4月,409346,438641,302668,396280,424158,294763,357090,39190,13066,14483,7905
５人以上,H 情報通信業,平成20,2008,5月,448850,478518,341500,385252,411730,289444,350671,34581,63598,66788,52056
５人以上,H 情報通信業,平成20,2008,6月,768147,840590,507629,384825,412232,286264,351138,33687,383322,428358,221365
５人以上,H 情報通信業,平成20,2008,7月,515205,555057,372151,384167,411611,285653,347720,36447,131038,143446,86498
５人以上,H 情報通信業,平成20,2008,8月,401437,430408,296291,387599,415550,286154,352127,35472,13838,14858,10137
５人以上,H 情報通信業,平成20,2008,9月,412600,441070,308176,391261,419568,287436,357757,33504,21339,21502,20740
５人以上,H 情報通信業,平成20,2008,10月,395789,424812,292390,387969,417054,284351,352624,35345,7820,7758,8039
５人以上,H 情報通信業,平成20,2008,11月,405528,435894,298209,383754,414307,275777,345641,38113,21774,21587,22432
５人以上,H 情報通信業,平成20,2008,12月,893148,972988,613390,389128,420475,279291,352444,36684,504020,552513,334099
５人以上,I 運輸業,平成17,2005,年平均,427283,455049,290826,349583,373606,231520,299860,49723,77700,81443,59306
５人以上,I 運輸業,平成18,2006,年平均,428614,470807,266495,349710,386966,206559,295497,54213,78904,83841,59936
５人以上,I 運輸業,平成19,2007,年平均,439053,462631,282400,356247,375475,228494,304844,51403,82806,87156,53906
５人以上,I 運輸業,平成20,2008,年平均,445982,470451,290666,355851,375078,233811,304675,51176,90131,95373,56855
５人以上,I 運輸業,平成20,2008,1月,359607,379596,230364,352143,371205,228895,302946,49197,7464,8391,1469
５人以上,I 運輸業,平成20,2008,2月,362175,381565,235060,358681,378098,231394,306344,52337,3494,3467,3666
５人以上,I 運輸業,平成20,2008,3月,378142,398146,245600,363153,382745,233344,308974,54179,14989,15401,12256
５人以上,I 運輸業,平成20,2008,4月,386003,408083,241109,363054,382591,234847,308587,54467,22949,25492,6262
５人以上,I 運輸業,平成20,2008,5月,395132,413502,278371,351659,369867,235926,301497,50162,43473,43635,42445
５人以上,I 運輸業,平成20,2008,6月,606921,645253,364806,356106,375152,235808,306179,49927,250815,270101,128998
５人以上,I 運輸業,平成20,2008,7月,538532,563197,385504,359357,378735,239133,304749,54608,179175,184462,146371
５人以上,I 運輸業,平成20,2008,8月,395132,418669,249114,353111,372387,233527,304012,49099,42021,46282,15587
５人以上,I 運輸業,平成20,2008,9月,360764,379594,244859,351258,370809,230920,302903,48355,9506,8785,13939
５人以上,I 運輸業,平成20,2008,10月,358698,378969,232213,351824,371404,229652,301191,50633,6874,7565,2561
５人以上,I 運輸業,平成20,2008,11月,404835,423051,290999,353695,372163,238288,304055,49640,51140,50888,52711
５人以上,I 運輸業,平成20,2008,12月,807405,858985,484037,356086,375585,233841,304627,51459,451319,483400,250196
５人以上,J 卸売・小売業,平成17,2005,年平均,400241,518499,228483,315031,400339,191130,303005,12026,85210,118160,37353
５人以上,J 卸売・小売業,平成18,2006,年平均,414415,524134,245767,321943,399253,203112,308309,13634,92472,124881,42655
５人以上,J 卸売・小売業,平成19,2007,年平均,395169,509062,227438,310178,390339,192125,296828,13350,84991,118723,35313
５人以上,J 卸売・小売業,平成20,2008,年平均,417474,536215,241764,325187,409686,200147,311531,13656,92287,126529,41617
５人以上,J 卸売・小売業,平成20,2008,1月,338019,429037,201496,319963,404146,193692,306782,13181,18056,24891,7804
５人以上,J 卸売・小売業,平成20,2008,2月,337150,426834,202360,325333,410246,197714,311422,13911,11817,16588,4646
５人以上,J 卸売・小売業,平成20,2008,3月,367699,464568,220420,326970,411508,198438,312875,14095,40729,53060,21982
５人以上,J 卸売・小売業,平成20,2008,4月,353632,450635,209231,330335,415823,203076,315843,14492,23297,34812,6155
５人以上,J 卸売・小売業,平成20,2008,5月,345901,438233,205633,331589,418310,199844,317921,13668,14312,19923,5789
５人以上,J 卸売・小売業,平成20,2008,6月,652837,871639,324093,325231,408489,200138,312009,13222,327606,463150,123955
５人以上,J 卸売・小売業,平成20,2008,7月,469605,604891,273837,323491,408888,199916,309626,13865,146114,196003,73921
５人以上,J 卸売・小売業,平成20,2008,8月,350460,444232,212356,326895,412218,201236,313270,13625,23565,32014,11120
５人以上,J 卸売・小売業,平成20,2008,9月,408082,518906,248085,324293,408725,202398,311305,12988,83789,110181,45687
５人以上,J 卸売・小売業,平成20,2008,10月,330694,414927,207909,322227,404384,202469,308130,14097,8467,10543,5440
５人以上,J 卸売・小売業,平成20,2008,11月,357570,455100,215443,324604,408877,201795,310944,13660,32966,46223,13648
５人以上,J 卸売・小売業,平成20,2008,12月,688635,905815,373128,321549,404771,200648,308445,13104,367086,501044,172480
５人以上,K 金融・保険業,平成17,2005,年平均,623395,777137,394847,469264,578960,306193,437715,31549,154131,198177,88654
５人以上,K 金融・保険業,平成18,2006,年平均,627859,808273,384040,455331,577704,289951,423334,31997,172528,230569,94089
５人以上,K 金融・保険業,平成19,2007,年平均,645561,844755,386025,471833,603472,300316,440641,31192,173728,241283,85709
５人以上,K 金融・保険業,平成20,2008,年平均,654133,861570,389562,466242,599252,296598,435805,30437,187891,262318,92964
５人以上,K 金融・保険業,平成20,2008,1月,675868,906996,368974,472762,599048,305078,443422,29340,203106,307948,63896
５人以上,K 金融・保険業,平成20,2008,2月,741970,986555,430191,470818,609305,294285,442067,28751,271152,377250,135906
５人以上,K 金融・保険業,平成20,2008,3月,559576,732697,340575,471825,607377,300348,440233,31592,87751,125320,40227
５人以上,K 金融・保険業,平成20,2008,4月,479455,612765,310451,468676,598991,303469,436387,32289,10779,13774,6982
５人以上,K 金融・保険業,平成20,2008,5月,482922,624789,305152,467349,601594,299129,435087,32262,15573,23195,6023
５人以上,K 金融・保険業,平成20,2008,6月,1259249,1714784,688136,463647,597911,295317,433912,29735,795602,1116873,392819
５人以上,K 金融・保険業,平成20,2008,7月,526268,673213,339079,468396,598662,302454,438851,29545,57872,74551,36625
５人以上,K 金融・保険業,平成20,2008,8月,474860,607518,307030,467818,600285,300230,437958,29860,7042,7233,6800
５人以上,K 金融・保険業,平成20,2008,9月,470613,602650,302327,466203,598287,297856,438862,27341,4410,4363,4471
５人以上,K 金融・保険業,平成20,2008,10月,473183,610419,296822,463339,598995,289008,430094,33245,9844,11424,7814
５人以上,K 金融・保険業,平成20,2008,11月,486090,631204,299740,458175,590811,287848,427018,31157,27915,40393,11892
５人以上,K 金融・保険業,平成20,2008,12月,1214625,1629714,682052,456040,590004,284159,425938,30102,758585,1039710,397893
５人以上,L 不動産業,平成17,2005,年平均,449014,516142,281671,350895,400341,227632,334587,16308,98119,115801,54039
５人以上,L 不動産業,平成18,2006,年平均,485363,555254,302634,378523,429492,245266,360761,17762,106840,125762,57368
５人以上,L 不動産業,平成19,2007,年平均,491014,569169,296365,373986,429014,236937,357058,16928,117028,140155,59428
５人以上,L 不動産業,平成20,2008,年平均,445153,520489,275573,353991,411073,225501,337166,16825,91162,109416,50072
５人以上,L 不動産業,平成20,2008,1月,378661,439856,231081,355083,411985,217856,339336,15747,23578,27871,13225
５人以上,L 不動産業,平成20,2008,2月,358106,415681,223541,352152,407973,221686,335522,16630,5954,7708,1855
５人以上,L 不動産業,平成20,2008,3月,379307,435482,244409,356568,411104,225606,338865,17703,22739,24378,18803
５人以上,L 不動産業,平成20,2008,4月,390574,453369,246801,374013,433978,236719,353444,20569,16561,19391,10082
５人以上,L 不動産業,平成20,2008,5月,405000,472859,243838,364207,422212,226448,347068,17139,40793,50647,17390
５人以上,L 不動産業,平成20,2008,6月,639868,757029,362900,358343,414878,224694,342005,16338,281525,342151,138206
５人以上,L 不動産業,平成20,2008,7月,535498,634233,325440,350422,409053,225685,334072,16350,185076,225180,99755
５人以上,L 不動産業,平成20,2008,8月,368568,431755,230903,346555,404548,220207,330300,16255,22013,27207,10696
５人以上,L 不動産業,平成20,2008,9月,363160,423667,235321,346786,404374,225114,332106,14680,16374,19293,10207
５人以上,L 不動産業,平成20,2008,10月,355871,415746,228838,348152,406163,225076,331662,16490,7719,9583,3762
５人以上,L 不動産業,平成20,2008,11月,361575,421288,233352,346948,403534,225440,329979,16969,14627,17754,7912
５人以上,L 不動産業,平成20,2008,12月,803301,942970,496844,348535,401968,231294,331458,17077,454766,541002,265550
５人以上,"M 飲食店,宿泊業",平成17,2005,年平均,178358,244084,118591,164901,222716,112328,157089,7812,13457,21368,6263
５人以上,"M 飲食店,宿泊業",平成18,2006,年平均,166772,226085,112530,153003,202967,107311,144416,8587,13769,23118,5219
５人以上,"M 飲食店,宿泊業",平成19,2007,年平均,186352,257222,117378,166294,225010,109149,157559,8735,20058,32212,8229
５人以上,"M 飲食店,宿泊業",平成20,2008,年平均,189237,266682,116894,164713,225910,107548,155475,9238,24524,40772,9346
５人以上,"M 飲食店,宿泊業",平成20,2008,1月,170442,241397,109553,162341,228604,105478,153316,9025,8101,12793,4075
５人以上,"M 飲食店,宿泊業",平成20,2008,2月,167731,231423,108384,165149,227408,107138,156983,8166,2582,4015,1246
５人以上,"M 飲食店,宿泊業",平成20,2008,3月,206425,304246,118416,165506,229116,108276,157956,7550,40919,75130,10140
５人以上,"M 飲食店,宿泊業",平成20,2008,4月,167994,231251,111180,166640,229316,110348,157388,9252,1354,1935,832
５人以上,"M 飲食店,宿泊業",平成20,2008,5月,171783,234328,114784,168140,228916,112753,159611,8529,3643,5412,2031
５人以上,"M 飲食店,宿泊業",平成20,2008,6月,196067,276167,122343,161909,220257,108206,154329,7580,34158,55910,14137
５人以上,"M 飲食店,宿泊業",平成20,2008,7月,198801,277137,123098,162729,219712,107661,152467,10262,36072,57425,15437
５人以上,"M 飲食店,宿泊業",平成20,2008,8月,172099,233688,112086,162516,219923,106578,152073,10443,9583,13765,5508
５人以上,"M 飲食店,宿泊業",平成20,2008,9月,162946,223137,105318,161098,220305,104411,151012,10086,1848,2832,907
５人以上,"M 飲食店,宿泊業",平成20,2008,10月,164370,222998,108792,162814,220948,107704,152621,10193,1556,2050,1088
５人以上,"M 飲食店,宿泊業",平成20,2008,11月,175959,246354,107856,169017,234474,105690,159192,9825,6942,11880,2166
５人以上,"M 飲食店,宿泊業",平成20,2008,12月,311715,465826,160525,168594,231999,106391,158716,9878,143121,233827,54134
５人以上,"N 医療,福祉",平成17,2005,年平均,355655,515852,300887,284795,406674,243128,268144,16651,70860,109178,57759
５人以上,"N 医療,福祉",平成18,2006,年平均,374793,559359,308715,293731,430920,244615,277412,16319,81062,128439,64100
５人以上,"N 医療,福祉",平成19,2007,年平均,354338,487943,314149,285418,397991,251556,270885,14533,68920,89952,62593
５人以上,"N 医療,福祉",平成20,2008,年平均,366662,513383,325218,295914,422364,260196,279455,16459,70748,91019,65022
５人以上,"N 医療,福祉",平成20,2008,1月,293420,407729,260070,288621,403251,255177,273330,15291,4799,4478,4893
５人以上,"N 医療,福祉",平成20,2008,2月,295583,412678,262470,293477,411420,260124,276233,17244,2106,1258,2346
５人以上,"N 医療,福祉",平成20,2008,3月,334524,460801,300530,290270,413023,257225,274850,15420,44254,47778,43305
５人以上,"N 医療,福祉",平成20,2008,4月,306506,421190,273761,300609,412645,268620,283864,16745,5897,8545,5141
５人以上,"N 医療,福祉",平成20,2008,5月,295704,410788,263157,293764,406088,261997,276677,17087,1940,4700,1160
５人以上,"N 医療,福祉",平成20,2008,6月,562809,760756,507187,293696,413840,259936,277134,16562,269113,346916,247251
５人以上,"N 医療,福祉",平成20,2008,7月,384547,577645,331751,298181,442415,258745,281646,16535,86366,135230,73006
５人以上,"N 医療,福祉",平成20,2008,8月,299406,434219,261259,295542,432568,256768,279720,15822,3864,1651,4491
５人以上,"N 医療,福祉",平成20,2008,9月,300794,445189,260658,298730,443154,258586,283845,14885,2064,2035,2072
５人以上,"N 医療,福祉",平成20,2008,10月,309022,444531,270106,301560,433025,263805,284764,16796,7462,11506,6301
５人以上,"N 医療,福祉",平成20,2008,11月,317691,452533,279004,297564,429280,259774,279530,18034,20127,23253,19230
５人以上,"N 医療,福祉",平成20,2008,12月,696205,925073,630197,298626,427085,261577,281570,17056,397579,497988,368620
５人以上,"O 教育,学習支援業",平成17,2005,年平均,442325,525049,356066,330040,387746,269869,322896,7144,112285,137303,86197
５人以上,"O 教育,学習支援業",平成18,2006,年平均,445034,529851,361881,332062,390772,274504,324478,7584,112972,139079,87377
５人以上,"O 教育,学習支援業",平成19,2007,年平均,489442,581658,389456,361109,426458,290254,346258,14851,128333,155200,99202
５人以上,"O 教育,学習支援業",平成20,2008,年平均,486084,584866,366624,353877,417694,276701,338868,15009,132207,167172,89923
５人以上,"O 教育,学習支援業",平成20,2008,1月,348011,417237,268135,346509,415619,266766,335368,11141,1502,1618,1369
５人以上,"O 教育,学習支援業",平成20,2008,2月,360583,434692,275786,353870,426876,270335,339328,14542,6713,7816,5451
５人以上,"O 教育,学習支援業",平成20,2008,3月,444600,552622,318551,361870,432936,278945,345617,16253,82730,119686,39606
５人以上,"O 教育,学習支援業",平成20,2008,4月,394387,471212,305017,369592,439870,287838,353093,16499,24795,31342,17179
５人以上,"O 教育,学習支援業",平成20,2008,5月,354971,418044,280415,351477,414268,277255,334672,16805,3494,3776,3160
５人以上,"O 教育,学習支援業",平成20,2008,6月,931440,1132807,684004,353974,414048,280157,338448,15526,577466,718759,403847
５人以上,"O 教育,学習支援業",平成20,2008,7月,412440,487190,318039,353416,411771,279720,339216,14200,59024,75419,38319
５人以上,"O 教育,学習支援業",平成20,2008,8月,362074,426196,280721,349663,408735,274718,334575,15088,12411,17461,6003
５人以上,"O 教育,学習支援業",平成20,2008,9月,355327,415956,278907,349178,409085,273668,337627,11551,6149,6871,5239
５人以上,"O 教育,学習支援業",平成20,2008,10月,379497,449025,293697,357716,423248,276847,345070,12646,21781,25777,16850
５人以上,"O 教育,学習支援業",平成20,2008,11月,367776,429748,292450,348068,408092,275111,330484,17584,19708,21656,17339
５人以上,"O 教育,学習支援業",平成20,2008,12月,1112595,1361446,805598,351948,410909,279210,333662,18286,760647,950537,526388
５人以上,P 複合サービス事業,平成17,2005,年平均,384489,455565,221769,298185,352433,173989,273742,24443,86304,103132,47780
５人以上,P 複合サービス事業,平成18,2006,年平均,389842,467141,214236,300403,358753,167846,272206,28197,89439,108388,46390
５人以上,P 複合サービス事業,平成19,2007,年平均,428395,487287,270817,341269,389418,212437,313838,27431,87126,97869,58380
５人以上,P 複合サービス事業,平成20,2008,年平均,490192,564342,304022,374668,429662,236593,352101,22567,115524,134680,67429
５人以上,P 複合サービス事業,平成20,2008,1月,408164,464896,251011,383363,438751,229932,354664,28699,24801,26145,21079
５人以上,P 複合サービス事業,平成20,2008,2月,372708,442147,240801,370766,439459,240276,353287,17479,1942,2688,525
５人以上,P 複合サービス事業,平成20,2008,3月,379194,428202,247540,363681,413459,229958,341408,22273,15513,14743,17582
５人以上,P 複合サービス事業,平成20,2008,4月,398803,454999,249811,375464,425199,243604,351834,23630,23339,29800,6207
５人以上,P 複合サービス事業,平成20,2008,5月,389582,442364,250896,381646,434787,242015,355884,25762,7936,7577,8881
５人以上,P 複合サービス事業,平成20,2008,6月,946019,1097511,548805,380199,434352,238209,361243,18956,565820,663159,310596
５人以上,P 複合サービス事業,平成20,2008,7月,446983,503785,304088,372823,426185,238583,346938,25885,74160,77600,65505
５人以上,P 複合サービス事業,平成20,2008,8月,369612,423653,233377,368623,422729,232224,350908,17715,989,924,1153
５人以上,P 複合サービス事業,平成20,2008,9月,364203,418523,228103,363392,417485,227861,342176,21216,811,1038,242
５人以上,P 複合サービス事業,平成20,2008,10月,428734,499911,252884,401461,465131,244157,382969,18492,27273,34780,8727
５人以上,P 複合サービス事業,平成20,2008,11月,367549,419606,235078,365311,417719,231946,344661,20650,2238,1887,3132
５人以上,P 複合サービス事業,平成20,2008,12月,1013414,1173383,615731,369319,421670,239174,339273,30046,644095,751713,376557
５人以上,Q サービス業（他に分類されないもの）,平成17,2005,年平均,417392,500641,272474,344677,409774,231359,322625,22052,72715,90867,41115
５人以上,Q サービス業（他に分類されないもの）,平成18,2006,年平均,410815,492192,276188,334102,395492,232541,311188,22914,76713,96700,43647
５人以上,Q サービス業（他に分類されないもの）,平成19,2007,年平均,403981,485281,273138,326739,386374,230763,303691,23048,77242,98907,42375
５人以上,Q サービス業（他に分類されないもの）,平成20,2008,年平均,404500,484348,277446,328191,387387,233998,305200,22991,76309,96961,43448
５人以上,Q サービス業（他に分類されないもの）,平成20,2008,1月,342041,404149,238617,329337,388153,231394,308582,20755,12704,15996,7223
５人以上,Q サービス業（他に分類されないもの）,平成20,2008,2月,335155,398680,233819,327139,387746,230457,305211,21928,8016,10934,3362
５人以上,Q サービス業（他に分類されないもの）,平成20,2008,3月,349069,413380,247880,329763,390082,234856,306025,23738,19306,23298,13024
５人以上,Q サービス業（他に分類されないもの）,平成20,2008,4月,341446,405190,242124,325997,385117,233879,302145,23852,15449,20073,8245
５人以上,Q サービス業（他に分類されないもの）,平成20,2008,5月,338113,400534,241466,324038,384532,230375,301681,22357,14075,16002,11091
５人以上,Q サービス業（他に分類されないもの）,平成20,2008,6月,591805,730375,371135,326782,384829,234343,304062,22720,265023,345546,136792
５人以上,Q サービス業（他に分類されないもの）,平成20,2008,7月,442554,526645,310904,329923,387539,239721,305885,24038,112631,139106,71183
５人以上,Q サービス業（他に分類されないもの）,平成20,2008,8月,338503,399305,242216,328130,386437,235795,304730,23400,10373,12868,6421
５人以上,Q サービス業（他に分類されないもの）,平成20,2008,9月,336863,397039,241752,329561,389707,234498,306938,22623,7302,7332,7254
５人以上,Q サービス業（他に分類されないもの）,平成20,2008,10月,337200,397564,239694,330352,389094,235467,306404,23948,6848,8470,4227
５人以上,Q サービス業（他に分類されないもの）,平成20,2008,11月,368648,447262,241912,328542,387970,232736,304699,23843,40106,59292,9176
５人以上,Q サービス業（他に分類されないもの）,平成20,2008,12月,729367,886338,476753,328768,387445,234339,306101,22667,400599,498893,242414
５人以上,"F09、10 食料品,飲料・たばこ・飼料製造業",平成17,2005,年平均,418865,504515,257745,339018,404589,215671,315886,23132,79847,99926,42074
５人以上,"F09、10 食料品,飲料・たばこ・飼料製造業",平成18,2006,年平均,422746,522766,256805,333745,404601,216191,309477,24268,89001,118165,40614
５人以上,"F09、10 食料品,飲料・たばこ・飼料製造業",平成19,2007,年平均,368362,490957,207134,294653,384913,175949,271332,23321,73709,106044,31185
５人以上,"F09、10 食料品,飲料・たばこ・飼料製造業",平成20,2008,年平均,361275,505049,194768,284970,389340,164097,261607,23363,76305,115709,30671
５人以上,"F09、10 食料品,飲料・たばこ・飼料製造業",平成20,2008,1月,329951,461550,178816,281986,387942,160301,258215,23771,47965,73608,18515
５人以上,"F09、10 食料品,飲料・たばこ・飼料製造業",平成20,2008,2月,300742,396789,174668,296890,391890,172190,271388,25502,3852,4899,2478
５人以上,"F09、10 食料品,飲料・たばこ・飼料製造業",平成20,2008,3月,286173,392612,164207,283404,388814,162617,259379,24025,2769,3798,1590
５人以上,"F09、10 食料品,飲料・たばこ・飼料製造業",平成20,2008,4月,298463,413414,169755,286635,395331,164931,262912,23723,11828,18083,4824
５人以上,"F09、10 食料品,飲料・たばこ・飼料製造業",平成20,2008,5月,286963,395673,165281,283292,390454,163341,257790,25502,3671,5219,1940
５人以上,"F09、10 食料品,飲料・たばこ・飼料製造業",平成20,2008,6月,581188,863240,262589,285627,390716,166920,262336,23291,295561,472524,95669
５人以上,"F09、10 食料品,飲料・たばこ・飼料製造業",平成20,2008,7月,410302,568609,228615,284102,388982,163733,260744,23358,126200,179627,64882
５人以上,"F09、10 食料品,飲料・たばこ・飼料製造業",平成20,2008,8月,300396,418528,164997,282057,386925,161861,259826,22231,18339,31603,3136
５人以上,"F09、10 食料品,飲料・たばこ・飼料製造業",平成20,2008,9月,283781,390124,162847,280811,385603,161640,260380,20431,2970,4521,1207
５人以上,"F09、10 食料品,飲料・たばこ・飼料製造業",平成20,2008,10月,287148,395347,162763,282103,387823,160568,260410,21693,5045,7524,2195
５人以上,"F09、10 食料品,飲料・たばこ・飼料製造業",平成20,2008,11月,306655,415902,178278,285239,388953,163365,261893,23346,21416,26949,14913
５人以上,"F09、10 食料品,飲料・たばこ・飼料製造業",平成20,2008,12月,668719,957320,327672,287614,388497,168398,264148,23466,381105,568823,159274
５人以上,F11 繊維工業（衣類、その他の繊維製品を除く）,平成17,2005,年平均,438305,504967,303532,326254,370740,236315,319428,6826,112051,134227,67217
５人以上,F11 繊維工業（衣類、その他の繊維製品を除く）,平成18,2006,年平均,417223,530343,272297,311291,374050,230886,303092,8199,105932,156293,41411
５人以上,F11 繊維工業（衣類、その他の繊維製品を除く）,平成19,2007,年平均,544072,684378,328653,380451,459434,259185,353810,26641,163621,224944,69468
５人以上,F11 繊維工業（衣類、その他の繊維製品を除く）,平成20,2008,年平均,548920,594752,413111,451581,482875,358850,425044,26537,97339,111877,54261
５人以上,F11 繊維工業（衣類、その他の繊維製品を除く）,平成20,2008,1月,448804,489569,334560,436797,475780,327549,412762,24035,12007,13789,7011
５人以上,F11 繊維工業（衣類、その他の繊維製品を除く）,平成20,2008,2月,453351,490702,346925,453351,490702,346925,427508,25843,0,0,0
５人以上,F11 繊維工業（衣類、その他の繊維製品を除く）,平成20,2008,3月,472944,503680,382609,455245,479959,382609,430579,24666,17699,23721,0
５人以上,F11 繊維工業（衣類、その他の繊維製品を除く）,平成20,2008,4月,456542,492069,354212,448303,483422,347147,422506,25797,8239,8647,7065
５人以上,F11 繊維工業（衣類、その他の繊維製品を除く）,平成20,2008,5月,449321,486017,345232,449321,486017,345232,404025,45296,0,0,0
５人以上,F11 繊維工業（衣類、その他の繊維製品を除く）,平成20,2008,6月,1061376,1204585,662248,461958,494774,370497,438300,23658,599418,709811,291751
５人以上,F11 繊維工業（衣類、その他の繊維製品を除く）,平成20,2008,7月,495035,530046,399486,484207,521947,381209,458672,25535,10828,8099,18277
５人以上,F11 繊維工業（衣類、その他の繊維製品を除く）,平成20,2008,8月,465687,497787,373576,465687,497787,373576,444674,21013,0,0,0
５人以上,F11 繊維工業（衣類、その他の繊維製品を除く）,平成20,2008,9月,424229,445467,352641,424229,445467,352641,393326,30903,0,0,0
５人以上,F11 繊維工業（衣類、その他の繊維製品を除く）,平成20,2008,10月,463390,492878,371791,463390,492878,371791,434439,28951,0,0,0
５人以上,F11 繊維工業（衣類、その他の繊維製品を除く）,平成20,2008,11月,452117,475299,378184,442032,467229,361674,419727,22305,10085,8070,16510
５人以上,F11 繊維工業（衣類、その他の繊維製品を除く）,平成20,2008,12月,941141,1024544,664361,434475,461823,343717,413872,20603,506666,562721,320644
５人以上,F12 衣類・その他の繊維製品製造業,平成17,2005,年平均,332249,411079,267673,298663,369276,240818,291026,7637,33586,41803,26855
５人以上,F12 衣類・その他の繊維製品製造業,平成18,2006,年平均,341593,425273,276283,296749,361300,246369,291122,5627,44844,63973,29914
５人以上,F12 衣類・その他の繊維製品製造業,平成19,2007,年平均,337885,411173,257998,297551,359921,229565,292989,4562,40334,51252,28433
５人以上,F12 衣類・その他の繊維製品製造業,平成20,2008,年平均,338254,436604,248957,297738,381417,221761,294325,3413,40516,55187,27196
５人以上,F12 衣類・その他の繊維製品製造業,平成20,2008,1月,323876,437548,218546,298515,386013,217439,294706,3809,25361,51535,1107
５人以上,F12 衣類・その他の繊維製品製造業,平成20,2008,2月,312380,392533,235338,312380,392533,235338,309386,2994,0,0,0
５人以上,F12 衣類・その他の繊維製品製造業,平成20,2008,3月,320384,404732,239530,312201,394765,233058,308840,3361,8183,9967,6472
５人以上,F12 衣類・その他の繊維製品製造業,平成20,2008,4月,313891,383809,248350,305289,374931,240007,301475,3814,8602,8878,8343
５人以上,F12 衣類・その他の繊維製品製造業,平成20,2008,5月,307147,381208,232557,307147,381208,232557,304454,2693,0,0,0
５人以上,F12 衣類・その他の繊維製品製造業,平成20,2008,6月,379750,455484,303133,308858,380000,236885,305475,3383,70892,75484,66248
５人以上,F12 衣類・その他の繊維製品製造業,平成20,2008,7月,387887,526594,268460,289552,378345,213101,286151,3401,98335,148249,55359
５人以上,F12 衣類・その他の繊維製品製造業,平成20,2008,8月,316387,423134,223962,291323,377954,216315,287993,3330,25064,45180,7647
５人以上,F12 衣類・その他の繊維製品製造業,平成20,2008,9月,288577,381505,207916,281808,370858,204513,278327,3481,6769,10647,3403
５人以上,F12 衣類・その他の繊維製品製造業,平成20,2008,10月,287549,375757,211518,281075,368978,205306,277979,3096,6474,6779,6212
５人以上,F12 衣類・その他の繊維製品製造業,平成20,2008,11月,299825,383911,228960,293906,381501,220083,290160,3746,5919,2410,8877
５人以上,F12 衣類・その他の繊維製品製造業,平成20,2008,12月,519227,705984,365585,292060,390048,211447,288211,3849,227167,315936,154138
５人以上,F13 木材・木製品製造業（家具を除く）,平成17,2005,年平均,439403,463137,315969,361694,382062,255767,331569,30125,77709,81075,60202
５人以上,F13 木材・木製品製造業（家具を除く）,平成18,2006,年平均,457193,483627,337590,414601,438761,305284,383087,31514,42592,44866,32306
５人以上,F13 木材・木製品製造業（家具を除く）,平成19,2007,年平均,362425,411596,232724,341287,383504,229929,314644,26643,21138,28092,2795
５人以上,F13 木材・木製品製造業（家具を除く）,平成20,2008,年平均,351828,393094,214993,322586,366268,177741,299295,23291,29242,26826,37252
５人以上,F13 木材・木製品製造業（家具を除く）,平成20,2008,1月,311856,364286,134710,311856,364286,134710,290547,21309,0,0,0
５人以上,F13 木材・木製品製造業（家具を除く）,平成20,2008,2月,325698,365384,163587,325698,365384,163587,294176,31522,0,0,0
５人以上,F13 木材・木製品製造業（家具を除く）,平成20,2008,3月,326763,367196,163255,326763,367196,163255,298027,28736,0,0,0
５人以上,F13 木材・木製品製造業（家具を除く）,平成20,2008,4月,329238,371282,160325,329238,371282,160325,298480,30758,0,0,0
５人以上,F13 木材・木製品製造業（家具を除く）,平成20,2008,5月,325415,366994,157274,325415,366994,157274,299753,25662,0,0,0
５人以上,F13 木材・木製品製造業（家具を除く）,平成20,2008,6月,326838,367726,160521,326510,367432,160050,299376,27134,328,294,471
５人以上,F13 木材・木製品製造業（家具を除く）,平成20,2008,7月,515454,546430,411082,316156,350774,199513,288336,27820,199298,195656,211569
５人以上,F13 木材・木製品製造業（家具を除く）,平成20,2008,8月,299379,331738,192064,299379,331738,192064,275591,23788,0,0,0
５人以上,F13 木材・木製品製造業（家具を除く）,平成20,2008,9月,302299,336005,192026,302299,336005,192026,279664,22635,0,0,0
５人以上,F13 木材・木製品製造業（家具を除く）,平成20,2008,10月,339179,404282,197349,339179,404282,197349,332841,6338,0,0,0
５人以上,F13 木材・木製品製造業（家具を除く）,平成20,2008,11月,343863,407226,205541,343863,407226,205541,332165,11698,0,0,0
５人以上,F13 木材・木製品製造業（家具を除く）,平成20,2008,12月,522696,570168,419191,341622,405726,201851,332318,9304,181074,164442,217340
５人以上,F14 家具・装備品製造業,平成17,2005,年平均,372693,403495,267603,342721,371019,246173,317192,25529,29972,32476,21430
５人以上,F14 家具・装備品製造業,平成18,2006,年平均,369650,396139,274905,331347,351735,258425,305872,25475,38303,44404,16480
５人以上,F14 家具・装備品製造業,平成19,2007,年平均,410549,450275,234425,363141,397982,208675,358288,4853,47408,52293,25750
５人以上,F14 家具・装備品製造業,平成20,2008,年平均,383556,405073,275583,351429,372302,246689,347416,4013,32127,32771,28894
５人以上,F14 家具・装備品製造業,平成20,2008,1月,332108,357171,206186,332108,357171,206186,329880,2228,0,0,0
５人以上,F14 家具・装備品製造業,平成20,2008,2月,344698,367011,224629,344698,367011,224629,342912,1786,0,0,0
５人以上,F14 家具・装備品製造業,平成20,2008,3月,350747,363560,242043,350747,363560,242043,347677,3070,0,0,0
５人以上,F14 家具・装備品製造業,平成20,2008,4月,352342,360731,282973,352342,360731,282973,349405,2937,0,0,0
５人以上,F14 家具・装備品製造業,平成20,2008,5月,333791,344383,249578,333791,344383,249578,331679,2112,0,0,0
５人以上,F14 家具・装備品製造業,平成20,2008,6月,348882,360439,253442,341348,352787,246880,340669,679,7534,7652,6562
５人以上,F14 家具・装備品製造業,平成20,2008,7月,593990,655286,362389,359027,392919,230967,354780,4247,234963,262367,131422
５人以上,F14 家具・装備品製造業,平成20,2008,8月,369333,398969,256546,364587,395435,247189,360933,3654,4746,3534,9357
５人以上,F14 家具・装備品製造業,平成20,2008,9月,362665,393443,244731,362605,393367,244731,357696,4909,60,76,0
５人以上,F14 家具・装備品製造業,平成20,2008,10月,357386,385143,251749,357386,385143,251749,351296,6090,0,0,0
５人以上,F14 家具・装備品製造業,平成20,2008,11月,357094,381050,263158,357094,381050,263158,348877,8217,0,0,0
５人以上,F14 家具・装備品製造業,平成20,2008,12月,499890,523223,408393,361337,383861,273014,353119,8218,138553,139362,135379
５人以上,F15 パルプ・紙・紙加工品製造業,平成17,2005,年平均,368678,436420,255783,304732,353923,222754,286816,17916,63946,82497,33029
５人以上,F15 パルプ・紙・紙加工品製造業,平成18,2006,年平均,398766,473250,261729,313288,363953,220074,287674,25614,85478,109297,41655
５人以上,F15 パルプ・紙・紙加工品製造業,平成19,2007,年平均,432944,506788,246034,330665,384735,193805,310746,19919,102279,122053,52229
５人以上,F15 パルプ・紙・紙加工品製造業,平成20,2008,年平均,408396,482974,240581,331586,386474,208076,314910,16676,76810,96500,32505
５人以上,F15 パルプ・紙・紙加工品製造業,平成20,2008,1月,332819,379539,207073,332609,379340,206833,316817,15792,210,199,240
５人以上,F15 パルプ・紙・紙加工品製造業,平成20,2008,2月,342542,391658,213262,340399,390893,207492,319548,20851,2143,765,5770
５人以上,F15 パルプ・紙・紙加工品製造業,平成20,2008,3月,338226,388892,206236,337194,387781,205409,319064,18130,1032,1111,827
５人以上,F15 パルプ・紙・紙加工品製造業,平成20,2008,4月,386311,437942,252871,346556,396133,218427,328693,17863,39755,41809,34444
５人以上,F15 パルプ・紙・紙加工品製造業,平成20,2008,5月,351554,403901,216488,345580,397167,212477,329025,16555,5974,6734,4011
５人以上,F15 パルプ・紙・紙加工品製造業,平成20,2008,6月,616356,732893,310794,345084,393330,218582,329667,15417,271272,339563,92212
５人以上,F15 パルプ・紙・紙加工品製造業,平成20,2008,7月,442195,504585,283959,335781,384301,212725,318317,17464,106414,120284,71234
５人以上,F15 パルプ・紙・紙加工品製造業,平成20,2008,8月,331169,382988,201258,326109,376392,200049,310400,15709,5060,6596,1209
５人以上,F15 パルプ・紙・紙加工品製造業,平成20,2008,9月,318600,382714,204338,318581,382685,204338,304231,14350,19,29,0
５人以上,F15 パルプ・紙・紙加工品製造業,平成20,2008,10月,318770,385059,202572,318770,385059,202572,301395,17375,0,0,0
５人以上,F15 パルプ・紙・紙加工品製造業,平成20,2008,11月,323235,391704,208368,317177,383872,205285,302017,15160,6058,7832,3083
５人以上,F15 パルプ・紙・紙加工品製造業,平成20,2008,12月,798396,1049017,370110,315331,378769,206922,299830,15501,483065,670248,163188
５人以上,F16 印刷・同関連業,平成17,2005,年平均,405644,455674,256367,342094,381861,223441,308740,33354,63550,73813,32926
５人以上,F16 印刷・同関連業,平成18,2006,年平均,405145,455063,265981,343878,384421,230848,314082,29796,61267,70642,35133
５人以上,F16 印刷・同関連業,平成19,2007,年平均,431501,477189,292133,376247,414677,259020,347392,28855,55254,62512,33113
５人以上,F16 印刷・同関連業,平成20,2008,年平均,441706,483057,303424,388455,424381,268317,359964,28491,53251,58676,35107
５人以上,F16 印刷・同関連業,平成20,2008,1月,381449,420153,253344,380753,419338,253041,356400,24353,696,815,303
５人以上,F16 印刷・同関連業,平成20,2008,2月,387200,423655,265569,386761,423162,265312,360220,26541,439,493,257
５人以上,F16 印刷・同関連業,平成20,2008,3月,389338,424948,270323,387790,423097,269790,355130,32660,1548,1851,533
５人以上,F16 印刷・同関連業,平成20,2008,4月,405508,443069,279777,396642,433083,274661,362143,34499,8866,9986,5116
５人以上,F16 印刷・同関連業,平成20,2008,5月,389390,427157,263592,388335,425957,263022,360683,27652,1055,1200,570
５人以上,F16 印刷・同関連業,平成20,2008,6月,575912,638338,365122,392901,429152,270495,363574,29327,183011,209186,94627
５人以上,F16 印刷・同関連業,平成20,2008,7月,524729,566999,380382,391061,425468,273564,362351,28710,133668,141531,106818
５人以上,F16 印刷・同関連業,平成20,2008,8月,395911,431643,276085,387108,422783,267472,358971,28137,8803,8860,8613
５人以上,F16 印刷・同関連業,平成20,2008,9月,388538,423459,271677,385962,420627,269959,358745,27217,2576,2832,1718
５人以上,F16 印刷・同関連業,平成20,2008,10月,398921,434752,280716,391094,426980,272708,362511,28583,7827,7772,8008
５人以上,F16 印刷・同関連業,平成20,2008,11月,390169,424900,274333,387586,422419,271411,359830,27756,2583,2481,2922
５人以上,F16 印刷・同関連業,平成20,2008,12月,677726,741093,466136,385457,420346,268957,359051,26406,292269,320747,197179
５人以上,F17 化学工業,平成17,2005,年平均,717875,780668,494566,496276,537994,347913,472669,23607,221599,242674,146653
５人以上,F17 化学工業,平成18,2006,年平均,695065,757516,499209,483492,524332,355413,462639,20853,211573,233184,143796
５人以上,F17 化学工業,平成19,2007,年平均,692791,786302,468766,486869,549977,335680,462512,24357,205922,236325,133086
５人以上,F17 化学工業,平成20,2008,年平均,667563,746076,476052,479851,537035,340367,456397,23454,187712,209041,135685
５人以上,F17 化学工業,平成20,2008,1月,492985,560258,332813,484690,550374,328302,465406,19284,8295,9884,4511
５人以上,F17 化学工業,平成20,2008,2月,496568,562381,339544,487942,552420,334101,465342,22600,8626,9961,5443
５人以上,F17 化学工業,平成20,2008,3月,494820,554220,346720,480126,537151,337947,454579,25547,14694,17069,8773
５人以上,F17 化学工業,平成20,2008,4月,598221,664970,433277,482002,537608,344596,455529,26473,116219,127362,88681
５人以上,F17 化学工業,平成20,2008,5月,499182,556335,358671,474332,530167,337061,449940,24392,24850,26168,21610
５人以上,F17 化学工業,平成20,2008,6月,1326485,1484935,935685,480823,536208,344221,459752,21071,845662,948727,591464
５人以上,F17 化学工業,平成20,2008,7月,597749,667975,427141,475194,530514,340799,451819,23375,122555,137461,86342
５人以上,F17 化学工業,平成20,2008,8月,479182,534894,344506,475219,530523,341528,452576,22643,3963,4371,2978
５人以上,F17 化学工業,平成20,2008,9月,493035,548906,357952,476289,532593,340159,455426,20863,16746,16313,17793
５人以上,F17 化学工業,平成20,2008,10月,580869,643849,427552,479527,535343,343650,454070,25457,101342,108506,83902
５人以上,F17 化学工業,平成20,2008,11月,510948,569756,366585,481747,536719,346803,455741,26006,29201,33037,19782
５人以上,F17 化学工業,平成20,2008,12月,1430709,1587290,1044993,480794,535813,345263,457044,23750,949915,1051477,699730
５人以上,F18 石油製品・石炭製品製造業,平成17,2005,年平均,623741,704272,316488,434058,485581,237481,418553,15505,189683,218691,79007
５人以上,F18 石油製品・石炭製品製造業,平成18,2006,年平均,645331,724521,365351,470106,524862,276514,442571,27535,175225,199659,88837
５人以上,F18 石油製品・石炭製品製造業,平成19,2007,年平均,521709,544410,379151,354228,367912,268292,334237,19991,167481,176498,110859
５人以上,F18 石油製品・石炭製品製造業,平成20,2008,年平均,633757,669837,462537,438834,461334,332059,416701,22133,194923,208503,130478
５人以上,F18 石油製品・石炭製品製造業,平成20,2008,1月,436853,462130,318725,436853,462130,318725,414237,22616,0,0,0
５人以上,F18 石油製品・石炭製品製造業,平成20,2008,2月,438600,463247,322104,438600,463247,322104,413029,25571,0,0,0
５人以上,F18 石油製品・石炭製品製造業,平成20,2008,3月,585831,622913,408201,455792,480763,336177,429511,26281,130039,142150,72024
５人以上,F18 石油製品・石炭製品製造業,平成20,2008,4月,452205,476763,332078,452205,476763,332078,424203,28002,0,0,0
５人以上,F18 石油製品・石炭製品製造業,平成20,2008,5月,474856,497312,365520,464431,486649,356250,439893,24538,10425,10663,9270
５人以上,F18 石油製品・石炭製品製造業,平成20,2008,6月,1308885,1391804,905199,431658,457014,308214,415089,16569,877227,934790,596985
５人以上,F18 石油製品・石炭製品製造業,平成20,2008,7月,631607,673131,423827,448276,472733,325900,427523,20753,183331,200398,97927
５人以上,F18 石油製品・石炭製品製造業,平成20,2008,8月,422497,439024,342637,422497,439024,342637,398028,24469,0,0,0
５人以上,F18 石油製品・石炭製品製造業,平成20,2008,9月,437301,454991,355329,437301,454991,355329,419055,18246,0,0,0
５人以上,F18 石油製品・石炭製品製造業,平成20,2008,10月,421924,442820,325821,421924,442820,325821,402171,19753,0,0,0
５人以上,F18 石油製品・石炭製品製造業,平成20,2008,11月,448185,470235,347928,436499,457921,339097,413468,23031,11686,12314,8831
５人以上,F18 石油製品・石炭製品製造業,平成20,2008,12月,1489490,1585295,1055325,420461,441964,323015,404063,16398,1069029,1143331,732310
５人以上,F19 プラスチック製品製造業,平成17,2005,年平均,384284,444889,237510,340668,392765,214498,321922,18746,43616,52124,23012
５人以上,F19 プラスチック製品製造業,平成18,2006,年平均,461884,554382,233829,338832,397140,195073,325097,13735,123052,157242,38756
５人以上,F19 プラスチック製品製造業,平成19,2007,年平均,328640,425293,176893,272451,346839,155661,260188,12263,56189,78454,21232
５人以上,F19 プラスチック製品製造業,平成20,2008,年平均,315622,405632,169992,261123,332772,145201,244446,16677,54499,72860,24791
５人以上,F19 プラスチック製品製造業,平成20,2008,1月,255383,329115,134546,248906,321631,129720,233635,15271,6477,7484,4826
５人以上,F19 プラスチック製品製造業,平成20,2008,2月,268524,340308,151574,261653,332197,146722,245192,16461,6871,8111,4852
５人以上,F19 プラスチック製品製造業,平成20,2008,3月,266602,338468,149224,261573,332096,146389,244524,17049,5029,6372,2835
５人以上,F19 プラスチック製品製造業,平成20,2008,4月,270962,345854,151004,269898,344315,150700,252836,17062,1064,1539,304
５人以上,F19 プラスチック製品製造業,平成20,2008,5月,260918,336514,140083,260378,335915,139637,245150,15228,540,599,446
５人以上,F19 プラスチック製品製造業,平成20,2008,6月,492994,648754,241528,266487,335083,155742,249469,17018,226507,313671,85786
５人以上,F19 プラスチック製品製造業,平成20,2008,7月,332164,425749,183381,261031,333647,145586,240461,20570,71133,92102,37795
５人以上,F19 プラスチック製品製造業,平成20,2008,8月,271158,347385,148993,264730,339659,144645,246076,18654,6428,7726,4348
５人以上,F19 プラスチック製品製造業,平成20,2008,9月,264474,334936,149093,259795,329090,146325,242806,16989,4679,5846,2768
５人以上,F19 プラスチック製品製造業,平成20,2008,10月,260042,332194,144870,257059,328466,143077,242305,14754,2983,3728,1793
５人以上,F19 プラスチック製品製造業,平成20,2008,11月,323518,423034,162055,259958,329456,147198,245141,14817,63560,93578,14857
５人以上,F19 プラスチック製品製造業,平成20,2008,12月,521301,663670,285763,261838,331554,146498,245678,16160,259463,332116,139265
５人以上,F20 ゴム製品製造業,平成17,2005,年平均,477915,519828,287460,354810,383281,225438,339652,15158,123105,136547,62022
５人以上,F20 ゴム製品製造業,平成18,2006,年平均,469122,510791,299766,350469,377160,241989,334751,15718,118653,133631,57777
５人以上,F20 ゴム製品製造業,平成19,2007,年平均,475630,516051,293924,360122,386927,239626,345718,14404,115508,129124,54298
５人以上,F20 ゴム製品製造業,平成20,2008,年平均,480927,527831,282588,368088,400855,229531,349815,18273,112839,126976,53057
５人以上,F20 ゴム製品製造業,平成20,2008,1月,380013,409294,259568,364542,396390,233536,347019,17523,15471,12904,26032
５人以上,F20 ゴム製品製造業,平成20,2008,2月,363033,394201,234523,360443,391669,231691,351854,8589,2590,2532,2832
５人以上,F20 ゴム製品製造業,平成20,2008,3月,366664,399271,231561,362693,394645,230303,343791,18902,3971,4626,1258
５人以上,F20 ゴム製品製造業,平成20,2008,4月,375983,407541,242083,373462,404633,241203,354169,19293,2521,2908,880
５人以上,F20 ゴム製品製造業,平成20,2008,5月,370097,399585,241581,366224,394949,241032,347895,18329,3873,4636,549
５人以上,F20 ゴム製品製造業,平成20,2008,6月,939624,1050339,461752,363970,393396,236964,345275,18695,575654,656943,224788
５人以上,F20 ゴム製品製造業,平成20,2008,7月,520625,560459,344697,379832,412288,236491,360457,19375,140793,148171,108206
５人以上,F20 ゴム製品製造業,平成20,2008,8月,379897,413612,229851,377265,410577,229012,357245,20020,2632,3035,839
５人以上,F20 ゴム製品製造業,平成20,2008,9月,391790,428000,241709,369627,401961,235613,349925,19702,22163,26039,6096
５人以上,F20 ゴム製品製造業,平成20,2008,10月,371167,409094,217367,368825,406310,216817,347985,20840,2342,2784,550
５人以上,F20 ゴム製品製造業,平成20,2008,11月,370558,408084,213993,367502,404361,213719,348126,19376,3056,3723,274
５人以上,F20 ゴム製品製造業,平成20,2008,12月,932636,1040061,477469,362494,398592,209544,344066,18428,570142,641469,267925
５人以上,F21 なめし革・同製品・毛皮製造業,平成17,2005,年平均,328735,402437,213912,297503,366301,190320,293818,3685,31232,36136,23592
５人以上,F21 なめし革・同製品・毛皮製造業,平成18,2006,年平均,278748,326346,196251,261981,308125,182004,258752,3229,16767,18221,14247
５人以上,F21 なめし革・同製品・毛皮製造業,平成19,2007,年平均,278921,325552,195771,251599,291686,180118,247963,3636,27322,33866,15653
５人以上,F21 なめし革・同製品・毛皮製造業,平成20,2008,年平均,257313,323660,168136,233792,291474,156262,231852,1940,23521,32186,11874
５人以上,F21 なめし革・同製品・毛皮製造業,平成20,2008,1月,249230,305420,163003,234942,283226,160847,232648,2294,14288,22194,2156
５人以上,F21 なめし革・同製品・毛皮製造業,平成20,2008,2月,243675,288918,174570,243488,288682,174456,240725,2763,187,236,114
５人以上,F21 なめし革・同製品・毛皮製造業,平成20,2008,3月,239678,285767,169639,239096,285078,169219,237628,1468,582,689,420
５人以上,F21 なめし革・同製品・毛皮製造業,平成20,2008,4月,242127,288020,173448,242127,288020,173448,240381,1746,0,0,0
５人以上,F21 なめし革・同製品・毛皮製造業,平成20,2008,5月,235925,287464,158992,235925,287464,158992,234384,1541,0,0,0
５人以上,F21 なめし革・同製品・毛皮製造業,平成20,2008,6月,289105,351895,194138,246706,293906,175318,244736,1970,42399,57989,18820
５人以上,F21 なめし革・同製品・毛皮製造業,平成20,2008,7月,315919,414951,199144,230396,296190,152815,228263,2133,85523,118761,46329
５人以上,F21 なめし革・同製品・毛皮製造業,平成20,2008,8月,227401,294350,148020,227283,294133,148020,225675,1608,118,217,0
５人以上,F21 なめし革・同製品・毛皮製造業,平成20,2008,9月,229633,299556,145722,228908,298549,145335,227171,1737,725,1007,387
５人以上,F21 なめし革・同製品・毛皮製造業,平成20,2008,10月,228164,299096,142376,227873,298565,142376,225969,1904,291,531,0
５人以上,F21 なめし革・同製品・毛皮製造業,平成20,2008,11月,224604,291738,143157,224311,291204,143157,222022,2289,293,534,0
５人以上,F21 なめし革・同製品・毛皮製造業,平成20,2008,12月,362719,491226,208820,224800,294644,141155,222970,1830,137919,196582,67665
５人以上,F22 窯業・土石製品製造業,平成17,2005,年平均,424156,486231,273126,341730,388314,228391,326618,15112,82426,97917,44735
５人以上,F22 窯業・土石製品製造業,平成18,2006,年平均,471710,530359,295788,350694,389626,233916,330604,20090,121016,140733,61872
５人以上,F22 窯業・土石製品製造業,平成19,2007,年平均,555782,595522,373336,448042,480285,300014,422109,25933,107740,115237,73322
５人以上,F22 窯業・土石製品製造業,平成20,2008,年平均,556576,603525,376413,445594,484402,296670,428275,17319,110982,119123,79743
５人以上,F22 窯業・土石製品製造業,平成20,2008,1月,457284,487632,332187,430238,460717,304601,414609,15629,27046,26915,27586
５人以上,F22 窯業・土石製品製造業,平成20,2008,2月,451235,485255,317787,450857,484781,317787,432078,18779,378,474,0
５人以上,F22 窯業・土石製品製造業,平成20,2008,3月,460742,496207,323721,456808,492529,318798,438644,18164,3934,3678,4923
５人以上,F22 窯業・土石製品製造業,平成20,2008,4月,462565,496204,335371,462188,495727,335371,443384,18804,377,477,0
５人以上,F22 窯業・土石製品製造業,平成20,2008,5月,447761,486577,302935,447002,485685,302673,431353,15649,759,892,262
５人以上,F22 窯業・土石製品製造業,平成20,2008,6月,715956,775742,494421,454647,493253,311593,438556,16091,261309,282489,182828
５人以上,F22 窯業・土石製品製造業,平成20,2008,7月,779398,854987,491940,437043,478859,278021,419967,17076,342355,376128,213919
５人以上,F22 窯業・土石製品製造業,平成20,2008,8月,464913,503357,320444,441855,484018,283412,427140,14715,23058,19339,37032
５人以上,F22 窯業・土石製品製造業,平成20,2008,9月,446474,489973,283235,442625,486357,278510,425501,17124,3849,3616,4725
５人以上,F22 窯業・土石製品製造業,平成20,2008,10月,450321,494157,282569,450321,494157,282569,431589,18732,0,0,0
５人以上,F22 窯業・土石製品製造業,平成20,2008,11月,498807,552580,287883,436384,478324,271875,417058,19326,62423,74256,16008
５人以上,F22 窯業・土石製品製造業,平成20,2008,12月,1035093,1111114,739407,437832,479233,276800,420094,17738,597261,631881,462607
５人以上,F23 鉄鋼業,平成17,2005,年平均,684509,752633,389937,442638,478078,289393,427754,14884,241871,274555,100544
５人以上,F23 鉄鋼業,平成18,2006,年平均,694634,763216,407531,444087,481912,285745,426750,17337,250547,281304,121786
５人以上,F23 鉄鋼業,平成19,2007,年平均,931390,1039588,488657,438697,471712,303604,413847,24850,492693,567876,185053
５人以上,F23 鉄鋼業,平成20,2008,年平均,636002,710994,362764,397349,432852,267991,383936,13413,238653,278142,94773
５人以上,F23 鉄鋼業,平成20,2008,1月,427106,462207,295014,425124,460162,293268,409932,15192,1982,2045,1746
５人以上,F23 鉄鋼業,平成20,2008,2月,403209,438574,274368,401093,435989,273961,386073,15020,2116,2585,407
５人以上,F23 鉄鋼業,平成20,2008,3月,405631,444313,263141,400812,438602,261610,384931,15881,4819,5711,1531
５人以上,F23 鉄鋼業,平成20,2008,4月,378571,404395,280858,373054,399491,273021,358207,14847,5517,4904,7837
５人以上,F23 鉄鋼業,平成20,2008,5月,386028,417373,266180,383854,414786,265586,371911,11943,2174,2587,594
５人以上,F23 鉄鋼業,平成20,2008,6月,2544472,2949486,1023808,387598,420343,264653,375320,12278,2156874,2529143,759155
５人以上,F23 鉄鋼業,平成20,2008,7月,494215,531497,358323,405815,441624,275292,390956,14859,88400,89873,83031
５人以上,F23 鉄鋼業,平成20,2008,8月,397633,432333,270542,395276,429571,269667,383141,12135,2357,2762,875
５人以上,F23 鉄鋼業,平成20,2008,9月,405753,446608,264759,400765,440727,262851,387624,13141,4988,5881,1908
５人以上,F23 鉄鋼業,平成20,2008,10月,410803,450176,272414,406019,446067,265258,392104,13915,4784,4109,7156
５人以上,F23 鉄鋼業,平成20,2008,11月,402553,443229,259439,400253,440478,258726,388400,11853,2300,2751,713
５人以上,F23 鉄鋼業,平成20,2008,12月,949390,1069790,526552,390365,429062,254465,380264,10101,559025,640728,272087
５人以上,F24 非鉄金属製造業,平成17,2005,年平均,583113,641697,341613,433993,474502,267001,414905,19088,149120,167195,74612
５人以上,F24 非鉄金属製造業,平成18,2006,年平均,587105,667618,305330,415312,468734,228350,395768,19544,171793,198884,76980
５人以上,F24 非鉄金属製造業,平成19,2007,年平均,633237,760290,298411,443016,524520,228226,423923,19093,190221,235770,70185
５人以上,F24 非鉄金属製造業,平成20,2008,年平均,631498,729356,338043,448619,516554,244895,430735,17884,182879,212802,93148
５人以上,F24 非鉄金属製造業,平成20,2008,1月,456360,523609,246172,455364,522630,245124,441147,14217,996,979,1048
５人以上,F24 非鉄金属製造業,平成20,2008,2月,454172,518531,252549,451808,516385,249501,431050,20758,2364,2146,3048
５人以上,F24 非鉄金属製造業,平成20,2008,3月,464132,530213,260966,442271,507676,241185,423549,18722,21861,22537,19781
５人以上,F24 非鉄金属製造業,平成20,2008,4月,448548,514545,245833,448059,514117,245156,428218,19841,489,428,677
５人以上,F24 非鉄金属製造業,平成20,2008,5月,448434,513454,247002,445870,510787,244757,428866,17004,2564,2667,2245
５人以上,F24 非鉄金属製造業,平成20,2008,6月,1372767,1596911,681010,458208,524397,253935,438555,19653,914559,1072514,427075
５人以上,F24 非鉄金属製造業,平成20,2008,7月,589532,673849,337825,451145,517581,252818,430622,20523,138387,156268,85007
５人以上,F24 非鉄金属製造業,平成20,2008,8月,456880,525583,257711,445612,515981,241614,429945,15667,11268,9602,16097
５人以上,F24 非鉄金属製造業,平成20,2008,9月,470755,541545,265723,441986,511728,239990,425446,16540,28769,29817,25733
５人以上,F24 非鉄金属製造業,平成20,2008,10月,448725,519826,243885,447892,519386,241922,430507,17385,833,440,1963
５人以上,F24 非鉄金属製造業,平成20,2008,11月,663426,787656,305459,445126,515554,242189,427311,17815,218300,272102,63270
５人以上,F24 非鉄金属製造業,平成20,2008,12月,1290685,1495526,699500,450027,522402,241148,433573,16454,840658,973124,458352
５人以上,F25 金属製品製造業,平成17,2005,年平均,415172,481648,260758,339145,394055,211596,313716,25429,76027,87593,49162
５人以上,F25 金属製品製造業,平成18,2006,年平均,386600,444283,243653,324557,374735,200209,293282,31275,62043,69548,43444
５人以上,F25 金属製品製造業,平成19,2007,年平均,374598,428581,211643,325089,371098,186206,309677,15412,49509,57483,25437
５人以上,F25 金属製品製造業,平成20,2008,年平均,379471,427996,205962,327768,368011,183873,310189,17579,51703,59985,22089
５人以上,F25 金属製品製造業,平成20,2008,1月,335543,386656,164529,327412,376883,161893,313921,13491,8131,9773,2636
５人以上,F25 金属製品製造業,平成20,2008,2月,342594,388678,177545,342359,388417,177402,320528,21831,235,261,143
５人以上,F25 金属製品製造業,平成20,2008,3月,337466,380948,180445,337048,380496,180149,318345,18703,418,452,296
５人以上,F25 金属製品製造業,平成20,2008,4月,338229,380375,186795,337018,379140,185672,319698,17320,1211,1235,1123
５人以上,F25 金属製品製造業,平成20,2008,5月,331545,374660,178563,331258,374359,178329,315575,15683,287,301,234
５人以上,F25 金属製品製造業,平成20,2008,6月,458939,528755,212968,336187,379015,185298,316834,19353,122752,149740,27670
５人以上,F25 金属製品製造業,平成20,2008,7月,479728,528057,302511,346589,374565,244007,324372,22217,133139,153492,58504
５人以上,F25 金属製品製造業,平成20,2008,8月,332385,370331,192364,319579,357479,179729,301569,18010,12806,12852,12635
５人以上,F25 金属製品製造業,平成20,2008,9月,319819,356092,185669,319409,355657,185349,300889,18520,410,435,320
５人以上,F25 金属製品製造業,平成20,2008,10月,319310,355975,183779,318380,355068,182762,300686,17694,930,907,1017
５人以上,F25 金属製品製造業,平成20,2008,11月,412399,473923,198429,308953,347333,175473,294507,14446,103446,126590,22956
５人以上,F25 金属製品製造業,平成20,2008,12月,546451,614323,309000,309044,347998,172764,295370,13674,237407,266325,136236
５人以上,F26 一般機械器具製造業,平成17,2005,年平均,490684,536253,290187,384354,418422,234460,352152,32202,106330,117831,55727
５人以上,F26 一般機械器具製造業,平成18,2006,年平均,505509,550112,299467,392813,426274,238239,356678,36135,112696,123838,61228
５人以上,F26 一般機械器具製造業,平成19,2007,年平均,545719,602876,302425,398189,437793,229611,371509,26680,147530,165083,72814
５人以上,F26 一般機械器具製造業,平成20,2008,年平均,536323,591627,310856,393022,431360,236723,366761,26261,143301,160267,74133
５人以上,F26 一般機械器具製造業,平成20,2008,1月,388534,427989,227423,387578,426816,227356,361082,26496,956,1173,67
５人以上,F26 一般機械器具製造業,平成20,2008,2月,393442,432135,233533,392158,430694,232896,365971,26187,1284,1441,637
５人以上,F26 一般機械器具製造業,平成20,2008,3月,406627,446804,240161,403927,443804,238705,374420,29507,2700,3000,1456
５人以上,F26 一般機械器具製造業,平成20,2008,4月,390583,428587,232700,390397,428356,232700,363480,26917,186,231,0
５人以上,F26 一般機械器具製造業,平成20,2008,5月,383482,420620,229735,383182,420265,229662,355072,28110,300,355,73
５人以上,F26 一般機械器具製造業,平成20,2008,6月,1091748,1214860,593502,404617,443426,247555,377129,27488,687131,771434,345947
５人以上,F26 一般機械器具製造業,平成20,2008,7月,566116,625811,319253,392205,428463,242264,365121,27084,173911,197348,76989
５人以上,F26 一般機械器具製造業,平成20,2008,8月,393059,430755,238417,392931,430599,238404,368998,23933,128,156,13
５人以上,F26 一般機械器具製造業,平成20,2008,9月,396827,435291,240240,394249,432308,239310,368890,25359,2578,2983,930
５人以上,F26 一般機械器具製造業,平成20,2008,10月,392015,429466,239798,391458,428806,239657,364968,26490,557,660,141
５人以上,F26 一般機械器具製造業,平成20,2008,11月,393226,432864,237733,387084,425996,234439,361285,25799,6142,6868,3294
５人以上,F26 一般機械器具製造業,平成20,2008,12月,1224120,1363143,675783,396596,437006,237210,374729,21867,827524,926137,438573
５人以上,F27 電気機械器具製造業,平成17,2005,年平均,523875,579243,304245,408591,449826,245024,381003,27588,115284,129417,59221
５人以上,F27 電気機械器具製造業,平成18,2006,年平均,544488,598682,305691,416239,456443,239086,388079,28160,128249,142239,66605
５人以上,F27 電気機械器具製造業,平成19,2007,年平均,562226,614950,320606,414895,451997,244870,387401,27494,147331,162953,75736
５人以上,F27 電気機械器具製造業,平成20,2008,年平均,565358,608214,350553,421959,453089,265929,394961,26998,143399,155125,84624
５人以上,F27 電気機械器具製造業,平成20,2008,1月,439214,473733,272113,421123,456595,249409,396474,24649,18091,17138,22704
５人以上,F27 電気機械器具製造業,平成20,2008,2月,429850,464106,262606,425288,458757,261885,398560,26728,4562,5349,721
５人以上,F27 電気機械器具製造業,平成20,2008,3月,430312,463807,268561,421561,454838,260862,394734,26827,8751,8969,7699
５人以上,F27 電気機械器具製造業,平成20,2008,4月,426649,459259,268471,424212,456654,266849,399485,24727,2437,2605,1622
５人以上,F27 電気機械器具製造業,平成20,2008,5月,488137,524188,312273,422345,454808,263987,393948,28397,65792,69380,48286
５人以上,F27 電気機械器具製造業,平成20,2008,6月,862385,938737,492784,425485,458201,267118,397209,28276,436900,480536,225666
５人以上,F27 電気機械器具製造業,平成20,2008,7月,759823,810172,498485,426971,456422,274105,397491,29480,332852,353750,224380
５人以上,F27 電気機械器具製造業,平成20,2008,8月,425540,455707,269694,421174,450684,268721,393073,28101,4366,5023,973
５人以上,F27 電気機械器具製造業,平成20,2008,9月,418410,447532,268230,416299,445283,266829,391934,24365,2111,2249,1401
５人以上,F27 電気機械器具製造業,平成20,2008,10月,418456,446878,271578,416978,445345,270382,390904,26074,1478,1533,1196
５人以上,F27 電気機械器具製造業,平成20,2008,11月,530235,563116,359488,422731,451759,271989,393951,28780,107504,111357,87499
５人以上,F27 電気機械器具製造業,平成20,2008,12月,1146067,1237643,670276,419349,448107,269934,391871,27478,726718,789536,400342
５人以上,F28 情報通信機械器具製造業,平成17,2005,年平均,547053,583269,358306,397318,422365,266778,351383,45935,149735,160904,91528
５人以上,F28 情報通信機械器具製造業,平成18,2006,年平均,558541,590388,377133,392182,412629,275713,347434,44748,166359,177759,101420
５人以上,F28 情報通信機械器具製造業,平成19,2007,年平均,591316,622973,428098,427056,448468,316659,388296,38760,164260,174505,111439
５人以上,F28 情報通信機械器具製造業,平成20,2008,年平均,607693,644545,432703,438263,463133,320170,402125,36138,169430,181412,112533
５人以上,F28 情報通信機械器具製造業,平成20,2008,1月,435123,458603,319598,433590,456879,319002,398583,35007,1533,1724,596
５人以上,F28 情報通信機械器具製造業,平成20,2008,2月,438860,462313,323395,435338,458415,321729,397531,37807,3522,3898,1666
５人以上,F28 情報通信機械器具製造業,平成20,2008,3月,439404,463841,319838,432763,456377,317223,391083,41680,6641,7464,2615
５人以上,F28 情報通信機械器具製造業,平成20,2008,4月,457434,478904,353901,439984,463537,326409,402212,37772,17450,15367,27492
５人以上,F28 情報通信機械器具製造業,平成20,2008,5月,442745,466997,327034,436995,460764,323589,402286,34709,5750,6233,3445
５人以上,F28 情報通信機械器具製造業,平成20,2008,6月,1469165,1579141,944543,445712,470240,328708,410777,34935,1023453,1108901,615835
５人以上,F28 情報通信機械器具製造業,平成20,2008,7月,543435,573552,404967,445976,473033,321575,409060,36916,97459,100519,83392
５人以上,F28 情報通信機械器具製造業,平成20,2008,8月,443890,469824,322639,436619,462397,316095,400538,36081,7271,7427,6544
５人以上,F28 情報通信機械器具製造業,平成20,2008,9月,444616,471221,319815,438786,464647,317476,409372,29414,5830,6574,2339
５人以上,F28 情報通信機械器具製造業,平成20,2008,10月,444315,469422,327050,439524,465308,319099,402531,36993,4791,4114,7951
５人以上,F28 情報通信機械器具製造業,平成20,2008,11月,448432,474126,328890,437157,463395,315082,398724,38433,11275,10731,13808
５人以上,F28 情報通信機械器具製造業,平成20,2008,12月,1277226,1361874,885056,436303,462215,316254,402213,34090,840923,899659,568802
５人以上,F29 電子部品・デバイス製造業,平成17,2005,年平均,518540,578750,300428,406554,451960,242068,374222,32332,111986,126790,58360
５人以上,F29 電子部品・デバイス製造業,平成18,2006,年平均,555526,612819,317321,418315,459409,247459,385083,33232,137211,153410,69862
５人以上,F29 電子部品・デバイス製造業,平成19,2007,年平均,557122,629506,314971,426012,477889,252466,400466,25546,131110,151617,62505
５人以上,F29 電子部品・デバイス製造業,平成20,2008,年平均,565921,650076,309038,417514,475893,239311,392380,25134,148407,174183,69727
５人以上,F29 電子部品・デバイス製造業,平成20,2008,1月,408436,465291,231055,406022,462429,230038,384574,21448,2414,2862,1017
５人以上,F29 電子部品・デバイス製造業,平成20,2008,2月,428983,488350,243194,423274,481609,240716,396950,26324,5709,6741,2478
５人以上,F29 電子部品・デバイス製造業,平成20,2008,3月,459967,525143,252868,429926,488982,242274,397534,32392,30041,36161,10594
５人以上,F29 電子部品・デバイス製造業,平成20,2008,4月,432555,491357,248337,427524,485392,246230,399433,28091,5031,5965,2107
５人以上,F29 電子部品・デバイス製造業,平成20,2008,5月,453578,518355,255481,421537,478742,246594,396407,25130,32041,39613,8887
５人以上,F29 電子部品・デバイス製造業,平成20,2008,6月,1052275,1245709,461152,425345,483032,249056,400080,25265,626930,762677,212096
５人以上,F29 電子部品・デバイス製造業,平成20,2008,7月,656956,725917,449577,415830,474087,240640,390725,25105,241126,251830,208937
５人以上,F29 電子部品・デバイス製造業,平成20,2008,8月,430797,487800,260446,413139,468812,246761,389198,23941,17658,18988,13685
５人以上,F29 電子部品・デバイス製造業,平成20,2008,9月,422440,482646,241008,416526,475572,238591,392368,24158,5914,7074,2417
５人以上,F29 電子部品・デバイス製造業,平成20,2008,10月,416037,475444,238098,410785,469231,235723,386205,24580,5252,6213,2375
５人以上,F29 電子部品・デバイス製造業,平成20,2008,11月,487022,566556,251519,407910,466607,234106,384216,23694,79112,99949,17413
５人以上,F29 電子部品・デバイス製造業,平成20,2008,12月,1170064,1367151,581404,411731,475451,221412,390535,21196,758333,891700,359992
５人以上,F30 輸送用機械器具製造業,平成17,2005,年平均,558506,594799,394640,420084,445861,303700,381719,38365,138422,148938,90940
５人以上,F30 輸送用機械器具製造業,平成18,2006,年平均,530136,572531,346979,405969,438613,264940,370117,35852,124167,133918,82039
５人以上,F30 輸送用機械器具製造業,平成19,2007,年平均,507408,537317,312575,403908,428427,244185,365684,38224,103500,108890,68390
５人以上,F30 輸送用機械器具製造業,平成20,2008,年平均,540491,571817,356469,404469,428617,262612,373164,31305,136022,143200,93857
５人以上,F30 輸送用機械器具製造業,平成20,2008,1月,401517,423784,258510,399876,422092,257196,366731,33145,1641,1692,1314
５人以上,F30 輸送用機械器具製造業,平成20,2008,2月,409070,432803,258146,407880,431676,256552,371182,36698,1190,1127,1594
５人以上,F30 輸送用機械器具製造業,平成20,2008,3月,417456,440810,270875,409845,433137,263654,373552,36293,7611,7673,7221
５人以上,F30 輸送用機械器具製造業,平成20,2008,4月,409681,433302,268385,407490,431132,266063,374180,33310,2191,2170,2322
５人以上,F30 輸送用機械器具製造業,平成20,2008,5月,407954,433667,259232,406986,432719,258150,373144,33842,968,948,1082
５人以上,F30 輸送用機械器具製造業,平成20,2008,6月,872737,933966,516622,410334,435615,263301,376264,34070,462403,498351,253321
５人以上,F30 輸送用機械器具製造業,平成20,2008,7月,787709,827908,552755,417629,442258,273679,384305,33324,370080,385650,279076
５人以上,F30 輸送用機械器具製造業,平成20,2008,8月,405714,429751,265187,404892,428916,264435,377316,27576,822,835,752
５人以上,F30 輸送用機械器具製造業,平成20,2008,9月,400213,424575,260581,396611,420550,259407,366603,30008,3602,4025,1174
５人以上,F30 輸送用機械器具製造業,平成20,2008,10月,411894,437001,271450,408786,433846,268606,370701,38085,3108,3155,2844
５人以上,F30 輸送用機械器具製造業,平成20,2008,11月,396694,420717,264157,394486,418280,263214,372905,21581,2208,2437,943
５人以上,F30 輸送用機械器具製造業,平成20,2008,12月,1178448,1246518,805200,387918,411986,255949,370427,17491,790530,834532,549251
５人以上,F31 精密機械器具製造業,平成17,2005,年平均,467433,524977,282517,375142,419048,234053,349013,26129,92291,105929,48464
５人以上,F31 精密機械器具製造業,平成18,2006,年平均,434955,486356,261020,343020,380942,214697,316210,26810,91935,105414,46323
５人以上,F31 精密機械器具製造業,平成19,2007,年平均,477238,513450,306154,379547,407272,248560,347208,32339,97691,106178,57594
５人以上,F31 精密機械器具製造業,平成20,2008,年平均,480503,528847,301085,373792,408731,244123,345750,28042,106711,120116,56962
５人以上,F31 精密機械器具製造業,平成20,2008,1月,369968,406541,230703,368545,405110,229310,338896,29649,1423,1431,1393
５人以上,F31 精密機械器具製造業,平成20,2008,2月,378232,414458,241447,374364,410446,238122,345779,28585,3868,4012,3325
５人以上,F31 精密機械器具製造業,平成20,2008,3月,371356,409241,227921,370213,408034,227018,337895,32318,1143,1207,903
５人以上,F31 精密機械器具製造業,平成20,2008,4月,395925,433020,250784,381318,416653,243061,348868,32450,14607,16367,7723
５人以上,F31 精密機械器具製造業,平成20,2008,5月,372918,407239,238185,371865,406445,236116,344391,27474,1053,794,2069
５人以上,F31 精密機械器具製造業,平成20,2008,6月,608467,671260,356734,371653,404033,241844,344449,27204,236814,267227,114890
５人以上,F31 精密機械器具製造業,平成20,2008,7月,806919,899627,473899,379832,414242,256227,350312,29520,427087,485385,217672
５人以上,F31 精密機械器具製造業,平成20,2008,8月,373419,406946,252423,373025,406655,251656,345732,27293,394,291,767
５人以上,F31 精密機械器具製造業,平成20,2008,9月,375320,408561,256241,374180,407370,255283,349700,24480,1140,1191,958
５人以上,F31 精密機械器具製造業,平成20,2008,10月,383843,419936,255396,377541,412779,252140,350129,27412,6302,7157,3256
５人以上,F31 精密機械器具製造業,平成20,2008,11月,381351,417221,256158,374251,410069,249236,348052,26199,7100,7152,6922
５人以上,F31 精密機械器具製造業,平成20,2008,12月,943535,1051630,558458,368710,403035,246432,344662,24048,574825,648595,312026
５人以上,F32 その他の製造業,平成17,2005,年平均,467836,551968,289021,382036,451879,233592,367463,14573,85800,100089,55429
５人以上,F32 その他の製造業,平成18,2006,年平均,490042,547684,329434,403455,451464,269688,382273,21182,86587,96220,59746
５人以上,F32 その他の製造業,平成19,2007,年平均,469925,535795,299899,369837,418593,243987,358345,11492,100088,117202,55912
５人以上,F32 その他の製造業,平成20,2008,年平均,463767,531819,292676,362358,410242,241972,348589,13769,101409,121577,50704
５人以上,F32 その他の製造業,平成20,2008,1月,369077,418275,249454,352487,403037,229575,339970,12517,16590,15238,19879
５人以上,F32 その他の製造業,平成20,2008,2月,366325,412624,246321,365796,412088,245810,357039,8757,529,536,511
５人以上,F32 その他の製造業,平成20,2008,3月,367330,420044,238621,366618,419126,238414,354880,11738,712,918,207
５人以上,F32 その他の製造業,平成20,2008,4月,406935,463303,269591,367248,415578,249489,353384,13864,39687,47725,20102
５人以上,F32 その他の製造業,平成20,2008,5月,369959,419148,249471,368412,417356,248527,355062,13350,1547,1792,944
５人以上,F32 その他の製造業,平成20,2008,6月,774043,888706,489938,366041,413614,248168,354389,11652,408002,475092,241770
５人以上,F32 その他の製造業,平成20,2008,7月,630366,742505,348707,362758,410182,243644,347806,14952,267608,332323,105063
５人以上,F32 その他の製造業,平成20,2008,8月,358637,404427,242126,356681,402528,240026,343802,12879,1956,1899,2100
５人以上,F32 その他の製造業,平成20,2008,9月,370017,417867,245914,367689,415266,244292,354107,13582,2328,2601,1622
５人以上,F32 その他の製造業,平成20,2008,10月,360206,406373,242218,358138,404408,239886,343062,15076,2068,1965,2332
５人以上,F32 その他の製造業,平成20,2008,11月,360885,406580,244117,359219,404711,242969,335544,23675,1666,1869,1148
５人以上,F32 その他の製造業,平成20,2008,12月,831346,979834,446436,357203,405251,232654,344029,13174,474143,574583,213782
５人以上,J-1 卸売業,平成17,2005,年平均,548615,629163,349696,417096,473486,277836,402997,14099,131519,155677,71860
５人以上,J-1 卸売業,平成18,2006,年平均,561176,637967,361318,419059,471643,282203,402123,16936,142117,166324,79115
５人以上,J-1 卸売業,平成19,2007,年平均,531368,604397,334700,402225,452453,266961,385700,16525,129143,151944,67739
５人以上,J-1 卸売業,平成20,2008,年平均,529711,598398,344381,402035,449911,272859,384968,17067,127676,148487,71522
５人以上,J-1 卸売業,平成20,2008,1月,432695,483505,289465,401138,447581,270219,385595,15543,31557,35924,19246
５人以上,J-1 卸売業,平成20,2008,2月,418982,468621,281583,406239,453242,276137,388901,17338,12743,15379,5446
５人以上,J-1 卸売業,平成20,2008,3月,424497,472917,288778,406281,453273,274565,388624,17657,18216,19644,14213
５人以上,J-1 卸売業,平成20,2008,4月,449017,507239,292602,408981,457407,278884,390830,18151,40036,49832,13718
５人以上,J-1 卸売業,平成20,2008,5月,431079,484037,286278,406803,455890,272586,389943,16860,24276,28147,13692
５人以上,J-1 卸売業,平成20,2008,6月,950946,1104385,539116,400183,448222,271246,383970,16213,550763,656163,267870
５人以上,J-1 卸売業,平成20,2008,7月,576235,651133,381889,399099,450103,266752,381615,17484,177136,201030,115137
５人以上,J-1 卸売業,平成20,2008,8月,439594,491558,300133,400477,446968,275703,383194,17283,39117,44590,24430
５人以上,J-1 卸売業,平成20,2008,9月,411000,460096,282362,396261,444460,269973,380281,15980,14739,15636,12389
５人以上,J-1 卸売業,平成20,2008,10月,407311,454843,279806,396957,442898,273720,378778,18179,10354,11945,6086
５人以上,J-1 卸売業,平成20,2008,11月,455299,512392,302163,403937,452414,273913,386202,17735,51362,59978,28250
５人以上,J-1 卸売業,平成20,2008,12月,954327,1089842,596754,398223,446441,270994,381827,16396,556104,643401,325760
５人以上,J-2 小売業,平成17,2005,年平均,229999,319899,154923,197924,269069,138510,188277,9647,32075,50830,16413
５人以上,J-2 小売業,平成18,2006,年平均,242848,319402,175078,208413,269057,154727,198639,9774,34435,50345,20351
５人以上,J-2 小売業,平成19,2007,年平均,236636,325169,167062,203037,270526,150001,193382,9655,33599,54643,17061
５人以上,J-2 小売業,平成20,2008,年平均,290984,421831,185215,238580,335694,160078,228768,9812,52404,86137,25137
５人以上,J-2 小売業,平成20,2008,1月,229490,324675,154207,226910,320925,152553,216437,10473,2580,3750,1654
５人以上,J-2 小売業,平成20,2008,2月,243284,347993,158779,232529,329124,154573,222549,9980,10755,18869,4206
５人以上,J-2 小売業,平成20,2008,3月,302675,448916,183000,236170,333202,156765,226153,10017,66505,115714,26235
５人以上,J-2 小売業,平成20,2008,4月,243625,344347,162018,239633,337739,160145,229360,10273,3992,6608,1873
５人以上,J-2 小売業,平成20,2008,5月,247153,352459,159836,244392,347937,158535,234425,9967,2761,4522,1301
５人以上,J-2 小売業,平成20,2008,6月,309837,440888,201336,238992,334954,159542,229212,9780,70845,105934,41794
５人以上,J-2 小売業,平成20,2008,7月,347383,518293,212116,236828,331704,161738,227111,9717,110555,186589,50378
５人以上,J-2 小売業,平成20,2008,8月,248546,355359,163393,242764,346960,159697,233322,9442,5782,8399,3696
５人以上,J-2 小売業,平成20,2008,9月,404828,626223,229143,244013,343517,165053,234363,9650,160815,282706,64090
５人以上,J-2 小売業,平成20,2008,10月,247191,343812,169528,240781,335767,164433,231133,9648,6410,8045,5095
５人以上,J-2 小売業,平成20,2008,11月,252493,354828,169610,239306,332680,163680,230028,9278,13187,22148,5930
５人以上,J-2 小売業,平成20,2008,12月,406202,591303,254118,240043,333555,163211,230439,9604,166159,257748,90907
５人以上,Q80 専門サービス業（他に分類されないもの）,平成17,2005,年平均,499869,557115,361548,423602,474219,301297,394031,29571,76267,82896,60251
５人以上,Q80 専門サービス業（他に分類されないもの）,平成18,2006,年平均,484015,557293,346066,393333,452257,282406,363202,30131,90682,105036,63660
５人以上,Q80 専門サービス業（他に分類されないもの）,平成19,2007,年平均,504714,575453,343604,392233,441936,279034,365346,26887,112481,133517,64570
５人以上,Q80 専門サービス業（他に分類されないもの）,平成20,2008,年平均,501342,578391,332530,397455,454389,272715,368590,28865,103887,124002,59815
５人以上,Q80 専門サービス業（他に分類されないもの）,平成20,2008,1月,438699,489749,310055,409201,456558,289863,386206,22995,29498,33191,20192
５人以上,Q80 専門サービス業（他に分類されないもの）,平成20,2008,2月,431482,489907,295979,405428,457247,285246,377217,28211,26054,32660,10733
５人以上,Q80 専門サービス業（他に分類されないもの）,平成20,2008,3月,427261,481900,301180,406932,461272,281541,375235,31697,20329,20628,19639
５人以上,Q80 専門サービス業（他に分類されないもの）,平成20,2008,4月,413024,471554,280610,395583,450208,272004,365464,30119,17441,21346,8606
５人以上,Q80 専門サービス業（他に分類されないもの）,平成20,2008,5月,404634,457900,282084,397728,450396,276554,369978,27750,6906,7504,5530
５人以上,Q80 専門サービス業（他に分類されないもの）,平成20,2008,6月,826675,973484,494483,396569,451363,272583,365908,30661,430106,522121,221900
５人以上,Q80 専門サービス業（他に分類されないもの）,平成20,2008,7月,497566,564659,352546,389980,446302,268241,357990,31990,107586,118357,84305
５人以上,Q80 専門サービス業（他に分類されないもの）,平成20,2008,8月,414016,476803,281128,390365,449196,265849,361620,28745,23651,27607,15279
５人以上,Q80 専門サービス業（他に分類されないもの）,平成20,2008,9月,399115,459529,273024,393411,454166,266607,363583,29828,5704,5363,6417
５人以上,Q80 専門サービス業（他に分類されないもの）,平成20,2008,10月,397578,460682,271602,390777,452292,267972,361808,28969,6801,8390,3630
５人以上,Q80 専門サービス業（他に分類されないもの）,平成20,2008,11月,544443,673080,280798,395247,458950,264687,367698,27549,149196,214130,16111
５人以上,Q80 専門サービス業（他に分類されないもの）,平成20,2008,12月,816174,947358,554465,398122,464577,265546,370204,27918,418052,482781,288919
５人以上,Q81 学術・開発研究機関,平成17,2005,年平均,645758,696429,455106,475807,512520,337671,453761,22046,169951,183909,117435
５人以上,Q81 学術・開発研究機関,平成18,2006,年平均,640575,688418,458346,476502,510093,348556,452757,23745,164073,178325,109790
５人以上,Q81 学術・開発研究機関,平成19,2007,年平均,598070,652679,390780,455838,494713,308273,428399,27439,142232,157966,82507
５人以上,Q81 学術・開発研究機関,平成20,2008,年平均,589748,650752,363721,436264,479157,277340,409717,26547,153484,171595,86381
５人以上,Q81 学術・開発研究機関,平成20,2008,1月,434333,472656,279569,432585,470812,278211,408382,24203,1748,1844,1358
５人以上,Q81 学術・開発研究機関,平成20,2008,2月,428128,470471,273950,427194,469473,273252,401066,26128,934,998,698
５人以上,Q81 学術・開発研究機関,平成20,2008,3月,445818,489043,286976,435012,478017,276978,404948,30064,10806,11026,9998
５人以上,Q81 学術・開発研究機関,平成20,2008,4月,454323,497546,297132,448242,491104,292364,416594,31648,6081,6442,4768
５人以上,Q81 学術・開発研究機関,平成20,2008,5月,446553,490812,280832,441967,485639,278444,417218,24749,4586,5173,2388
５人以上,Q81 学術・開発研究機関,平成20,2008,6月,1170684,1308748,652979,438134,480524,279181,412333,25801,732550,828224,373798
５人以上,Q81 学術・開発研究機関,平成20,2008,7月,618233,679256,392219,433731,474895,281267,408109,25622,184502,204361,110952
５人以上,Q81 学術・開発研究機関,平成20,2008,8月,437384,480885,276847,434413,477412,275730,408370,26043,2971,3473,1117
５人以上,Q81 学術・開発研究機関,平成20,2008,9月,437256,480543,277934,432229,475319,273634,409151,23078,5027,5224,4300
５人以上,Q81 学術・開発研究機関,平成20,2008,10月,446222,491214,282638,440356,485249,277134,412314,28042,5866,5965,5504
５人以上,Q81 学術・開発研究機関,平成20,2008,11月,438775,484821,271058,436621,482485,269571,409556,27065,2154,2336,1487
５人以上,Q81 学術・開発研究機関,平成20,2008,12月,1303687,1446401,781981,434673,478944,272835,408406,26267,869014,967457,509146
５人以上,Q84 娯楽業,平成17,2005,年平均,303119,361704,225702,255011,295756,201169,246141,8870,48108,65948,24533
５人以上,Q84 娯楽業,平成18,2006,年平均,301769,350275,228118,253748,291431,196529,243720,10028,48021,58844,31589
５人以上,Q84 娯楽業,平成19,2007,年平均,298107,359408,202868,245783,287305,181272,237548,8235,52324,72103,21596
５人以上,Q84 娯楽業,平成20,2008,年平均,291765,347461,204116,243035,283671,179086,234934,8101,48730,63790,25030
５人以上,Q84 娯楽業,平成20,2008,1月,243391,285039,171387,241881,283060,170688,234096,7785,1510,1979,699
５人以上,Q84 娯楽業,平成20,2008,2月,233076,276320,161903,231947,274770,161468,224572,7375,1129,1550,435
５人以上,Q84 娯楽業,平成20,2008,3月,250417,298668,172775,234025,277089,164730,226700,7325,16392,21579,8045
５人以上,Q84 娯楽業,平成20,2008,4月,245312,286662,178789,231881,268449,173052,223181,8700,13431,18213,5737
５人以上,Q84 娯楽業,平成20,2008,5月,236527,275863,173823,235593,274621,173381,227024,8569,934,1242,442
５人以上,Q84 娯楽業,平成20,2008,6月,403460,507454,241592,235675,275479,173719,227351,8324,167785,231975,67873
５人以上,Q84 娯楽業,平成20,2008,7月,324474,379421,243522,248111,288643,188397,240637,7474,76363,90778,55125
５人以上,Q84 娯楽業,平成20,2008,8月,253517,296651,189969,250586,291787,189886,242335,8251,2931,4864,83
５人以上,Q84 娯楽業,平成20,2008,9月,266369,303773,203322,259173,300853,188918,250563,8610,7196,2920,14404
５人以上,Q84 娯楽業,平成20,2008,10月,254670,299758,189221,246719,287629,187335,238400,8319,7951,12129,1886
５人以上,Q84 娯楽業,平成20,2008,11月,245734,285135,188424,245687,285092,188372,237717,7970,47,43,52
５人以上,Q84 娯楽業,平成20,2008,12月,547652,676690,336604,255997,297576,187992,247447,8550,291655,379114,148612
５人以上,"Q86,87 自動車整備業、機械等修理業",平成17,2005,年平均,464973,497322,273777,358648,383618,211066,316156,42492,106325,113704,62711
５人以上,"Q86,87 自動車整備業、機械等修理業",平成18,2006,年平均,442226,478341,248433,356626,385857,199773,319021,37605,85600,92484,48660
５人以上,"Q86,87 自動車整備業、機械等修理業",平成19,2007,年平均,460706,489806,267751,368580,389363,230772,334069,34511,92126,100443,36979
５人以上,"Q86,87 自動車整備業、機械等修理業",平成20,2008,年平均,429007,456737,255580,350332,370904,221672,318842,31490,78675,85833,33908
５人以上,"Q86,87 自動車整備業、機械等修理業",平成20,2008,1月,367539,390329,224015,363228,385535,222744,328561,34667,4311,4794,1271
５人以上,"Q86,87 自動車整備業、機械等修理業",平成20,2008,2月,363464,385367,227178,360926,382659,225694,332786,28140,2538,2708,1484
５人以上,"Q86,87 自動車整備業、機械等修理業",平成20,2008,3月,375910,397469,236956,367704,388542,233395,328758,38946,8206,8927,3561
５人以上,"Q86,87 自動車整備業、機械等修理業",平成20,2008,4月,378501,400686,234298,366611,387937,227992,329389,37222,11890,12749,6306
５人以上,"Q86,87 自動車整備業、機械等修理業",平成20,2008,5月,395313,417530,247882,365230,385573,230234,330125,35105,30083,31957,17648
５人以上,"Q86,87 自動車整備業、機械等修理業",平成20,2008,6月,602266,642246,341141,357259,376815,229532,324404,32855,245007,265431,111609
５人以上,"Q86,87 自動車整備業、機械等修理業",平成20,2008,7月,491649,524872,284554,336879,355990,217748,309385,27494,154770,168882,66806
５人以上,"Q86,87 自動車整備業、機械等修理業",平成20,2008,8月,351722,371921,221703,341600,360685,218751,312563,29037,10122,11236,2952
５人以上,"Q86,87 自動車整備業、機械等修理業",平成20,2008,9月,354955,375237,226525,342824,361624,223783,312818,30006,12131,13613,2742
５人以上,"Q86,87 自動車整備業、機械等修理業",平成20,2008,10月,338007,359682,212266,334678,356101,210398,304896,29782,3329,3581,1868
５人以上,"Q86,87 自動車整備業、機械等修理業",平成20,2008,11月,374464,399316,231448,334403,355633,212233,306782,27621,40061,43683,19215
５人以上,"Q86,87 自動車整備業、機械等修理業",平成20,2008,12月,754831,817516,379527,332564,352920,210692,305543,27021,422267,464596,168835
５人以上,Q82 洗濯・理容・美容・浴場業,平成17,2005,年平均,252791,303357,217397,236175,281732,204287,230022,6153,16616,21625,13110
５人以上,Q82 洗濯・理容・美容・浴場業,平成18,2006,年平均,258601,313153,206293,241276,291464,193153,231825,9451,17325,21689,13140
５人以上,Q82 洗濯・理容・美容・浴場業,平成19,2007,年平均,220295,272979,186644,209338,258520,177923,203473,5865,10957,14459,8721
５人以上,Q82 洗濯・理容・美容・浴場業,平成20,2008,年平均,213030,251744,191788,202279,237406,183005,198020,4259,10751,14338,8783
５人以上,Q82 洗濯・理容・美容・浴場業,平成20,2008,1月,194384,232719,175913,192254,231361,173411,188534,3720,2130,1358,2502
５人以上,Q82 洗濯・理容・美容・浴場業,平成20,2008,2月,201673,242319,182307,200532,241208,181152,196426,4106,1141,1111,1155
５人以上,Q82 洗濯・理容・美容・浴場業,平成20,2008,3月,201901,241043,182555,199107,239576,179105,194479,4628,2794,1467,3450
５人以上,Q82 洗濯・理容・美容・浴場業,平成20,2008,4月,202730,238321,184830,197550,233059,179692,194028,3522,5180,5262,5138
５人以上,Q82 洗濯・理容・美容・浴場業,平成20,2008,5月,204193,239319,186591,196724,233359,178365,192650,4074,7469,5960,8226
５人以上,Q82 洗濯・理容・美容・浴場業,平成20,2008,6月,208321,251102,188424,196419,230683,180483,192759,3660,11902,20419,7941
５人以上,Q82 洗濯・理容・美容・浴場業,平成20,2008,7月,247818,299172,217591,209470,241727,190484,204977,4493,38348,57445,27107
５人以上,Q82 洗濯・理容・美容・浴場業,平成20,2008,8月,213791,241089,197469,209681,239364,191933,205041,4640,4110,1725,5536
５人以上,Q82 洗濯・理容・美容・浴場業,平成20,2008,9月,205607,240176,183335,203846,238965,181219,199516,4330,1761,1211,2116
５人以上,Q82 洗濯・理容・美容・浴場業,平成20,2008,10月,212890,251032,188744,210637,247787,187118,206037,4600,2253,3245,1626
５人以上,Q82 洗濯・理容・美容・浴場業,平成20,2008,11月,220092,243879,204824,206405,236603,187022,201841,4564,13687,7276,17802
５人以上,Q82 洗濯・理容・美容・浴場業,平成20,2008,12月,247549,296700,216683,207026,233957,190114,202096,4930,40523,62743,26569
５人以上,Q89 広告業,平成17,2005,年平均,542482,592847,407178,458735,500383,346849,432426,26309,83747,92464,60329
５人以上,Q89 広告業,平成18,2006,年平均,555341,614743,405102,448125,495330,328735,420537,27588,107216,119413,76367
５人以上,Q89 広告業,平成19,2007,年平均,477261,561965,326704,409859,482417,280891,391657,18202,67402,79548,45813
５人以上,Q89 広告業,平成20,2008,年平均,479052,563478,332666,412101,484728,286173,382055,30046,66951,78750,46493
５人以上,Q89 広告業,平成20,2008,1月,410782,482418,284656,403510,475023,277600,384134,19376,7272,7395,7056
５人以上,Q89 広告業,平成20,2008,2月,409074,479391,285846,407989,478256,284848,389961,18028,1085,1135,998
５人以上,Q89 広告業,平成20,2008,3月,450775,524597,320285,412786,485027,285089,393354,19432,37989,39570,35196
５人以上,Q89 広告業,平成20,2008,4月,415345,479552,300798,410897,476019,294719,392084,18813,4448,3533,6079
５人以上,Q89 広告業,平成20,2008,5月,398213,470509,275914,396034,468449,273534,375963,20071,2179,2060,2380
５人以上,Q89 広告業,平成20,2008,6月,587160,697556,402052,399130,472102,276774,378307,20823,188030,225454,125278
５人以上,Q89 広告業,平成20,2008,7月,525236,620351,363788,426193,506828,289323,384059,42134,99043,113523,74465
５人以上,Q89 広告業,平成20,2008,8月,459291,537045,316755,423626,492181,297954,382748,40878,35665,44864,18801
５人以上,Q89 広告業,平成20,2008,9月,433255,509504,300965,422713,499810,288951,385356,37357,10542,9694,12014
５人以上,Q89 広告業,平成20,2008,10月,423580,495951,298650,418399,492049,291259,378134,40265,5181,3902,7391
５人以上,Q89 広告業,平成20,2008,11月,412921,485373,289999,412263,484667,289422,369138,43125,658,706,577
５人以上,Q89 広告業,平成20,2008,12月,816244,977284,542886,411002,485260,284952,372468,38534,405242,492024,257934
５人以上,QS-1 一括分,平成17,2005,年平均,390029,481224,250112,319914,390240,212016,299307,20607,70115,90984,38096
５人以上,QS-1 一括分,平成18,2006,年平均,383656,470390,256842,311777,375662,218371,290193,21584,71879,94728,38471
５人以上,QS-1 一括分,平成19,2007,年平均,375266,454052,265799,305826,364561,224218,281752,24074,69440,89491,41581
５人以上,QS-1 一括分,平成20,2008,年平均,379378,454758,273987,308582,364515,230379,285994,22588,70796,90243,43608
５人以上,QS-1 一括分,平成20,2008,1月,318386,378478,231710,307853,364568,226048,286185,21668,10533,13910,5662
５人以上,QS-1 一括分,平成20,2008,2月,310392,370393,227002,305945,364468,224610,283616,22329,4447,5925,2392
５人以上,QS-1 一括分,平成20,2008,3月,328988,391495,244009,308850,365228,232204,285580,23270,20138,26267,11805
５人以上,QS-1 一括分,平成20,2008,4月,323461,385504,239967,306136,362000,230956,282170,23966,17325,23504,9011
５人以上,QS-1 一括分,平成20,2008,5月,322053,383163,240718,303371,361205,226397,280795,22576,18682,21958,14321
５人以上,QS-1 一括分,平成20,2008,6月,528267,643842,365317,308548,362213,232885,286255,22293,219719,281629,132432
５人以上,QS-1 一括分,平成20,2008,7月,430563,517333,311360,312894,367052,238493,290185,22709,117669,150281,72867
５人以上,QS-1 一括分,平成20,2008,8月,314945,371119,236474,309315,364516,232202,286725,22590,5630,6603,4272
５人以上,QS-1 一括分,平成20,2008,9月,317831,375792,238077,310021,367541,230874,288772,21249,7810,8251,7203
５人以上,QS-1 一括分,平成20,2008,10月,320325,377738,236038,312874,368384,231381,289667,23207,7451,9354,4657
５人以上,QS-1 一括分,平成20,2008,11月,324131,384733,236198,309201,365044,228173,285736,23465,14930,19689,8025
５人以上,QS-1 一括分,平成20,2008,12月,708593,865666,481909,307941,361902,230066,286207,21734,400652,503764,251843
,,,,,,,,,,,,,,,
東京都の賃金、労働時間及び雇用の動き（毎月勤労統計調査）平成20年確報,,,,,,,,,,,,,,,
第１－１表　産業、性別常用労働者の１人平均月間現金給与額　（事業所規模５人以上）,,,,,,,,,,,,,,,
