事業所規模,産業,和暦年,西暦年,年平均・月,現金給与総額／計(円),現金給与総額／男(円),現金給与総額／女(円),きまって支給する給与／計(円),きまって支給する給与／男(円),きまって支給する給与／女(円),所定内給与(円),所定外給与(円),特別に支払われた給与／計(円),特別に支払われた給与／男(円),特別に支払われた給与／女(円)
30人以上,TL 調査産業計,平成17,2005,年平均,485455,578241,308985,376360,444836,246126,347840,28520,109095,133405,62859
30人以上,TL 調査産業計,平成18,2006,年平均,489455,584977,312629,374252,443004,246981,345002,29250,115203,141973,65648
30人以上,TL 調査産業計,平成19,2007,年平均,488551,577529,318891,374024,436871,254190,345788,28236,114527,140658,64701
30人以上,TL 調査産業計,平成20,2008,年平均,499966,586585,329177,380682,442060,259661,352711,27971,119284,144525,69516
30人以上,TL 調査産業計,平成20,2008,1月,406965,477658,267197,377722,440190,254214,351039,26683,29243,37468,12983
30人以上,TL 調査産業計,平成20,2008,2月,412941,482087,276734,380811,443830,256673,353168,27643,32130,38257,20061
30人以上,TL 調査産業計,平成20,2008,3月,431564,501302,293913,384333,446940,260759,354982,29351,47231,54362,33154
30人以上,TL 調査産業計,平成20,2008,4月,405533,471817,276025,385207,446374,265696,355371,29836,20326,25443,10329
30人以上,TL 調査産業計,平成20,2008,5月,404453,471180,273377,380002,440711,260748,352010,27992,24451,30469,12629
30人以上,TL 調査産業計,平成20,2008,6月,849926,1017876,520101,379313,439863,260403,352124,27189,470613,578013,259698
30人以上,TL 調査産業計,平成20,2008,7月,510402,600182,334051,380761,441361,261726,352300,28461,129641,158821,72325
30人以上,TL 調査産業計,平成20,2008,8月,396922,462349,267262,380788,441658,260157,353271,27517,16134,20691,7105
30人以上,TL 調査産業計,平成20,2008,9月,414731,480990,284063,380549,441521,260309,354414,26135,34182,39469,23754
30人以上,TL 調査産業計,平成20,2008,10月,390962,452538,268466,380106,440565,259831,351883,28223,10856,11973,8635
30人以上,TL 調査産業計,平成20,2008,11月,418279,490147,276145,379439,441260,257176,350638,28801,38840,48887,18969
30人以上,TL 調査産業計,平成20,2008,12月,947560,1120438,606464,379246,440636,258121,351413,27833,568314,679802,348343
30人以上,D 鉱業,平成17,2005,年平均,687071,754997,384855,457838,500728,267011,448824,9014,229233,254269,117844
30人以上,D 鉱業,平成18,2006,年平均,703153,772912,385894,453473,494582,266513,444886,8587,249680,278330,119381
30人以上,D 鉱業,平成19,2007,年平均,667289,728738,394115,466148,508569,277563,434236,31912,201141,220169,116552
30人以上,D 鉱業,平成20,2008,年平均,719236,780702,424473,475703,515127,286645,446451,29252,243533,265575,137828
30人以上,D 鉱業,平成20,2008,1月,475024,517274,275907,468316,509821,272706,439516,28800,6708,7453,3201
30人以上,D 鉱業,平成20,2008,2月,471425,511470,278472,467678,507588,275377,435214,32464,3747,3882,3095
30人以上,D 鉱業,平成20,2008,3月,490748,529908,301660,463134,502447,273303,433461,29673,27614,27461,28357
30人以上,D 鉱業,平成20,2008,4月,479456,518328,297163,472598,511205,291549,440633,31965,6858,7123,5614
30人以上,D 鉱業,平成20,2008,5月,476026,515647,294011,469221,508163,290327,441884,27337,6805,7484,3684
30人以上,D 鉱業,平成20,2008,6月,1862174,2019315,1140683,465257,503540,289487,438230,27027,1396917,1515775,851196
30人以上,D 鉱業,平成20,2008,7月,596075,662232,290793,472104,512238,286906,442492,29612,123971,149994,3887
30人以上,D 鉱業,平成20,2008,8月,501602,546465,292386,498414,543141,289832,465055,33359,3188,3324,2554
30人以上,D 鉱業,平成20,2008,9月,521960,563000,304279,481463,521603,268555,459863,21600,40497,41397,35724
30人以上,D 鉱業,平成20,2008,10月,493647,530881,293223,486787,525009,281045,460459,26328,6860,5872,12178
30人以上,D 鉱業,平成20,2008,11月,582939,639715,320940,479094,515512,311039,447617,31477,103845,124203,9901
30人以上,D 鉱業,平成20,2008,12月,1662400,1805510,969862,483285,520023,305500,451832,31453,1179115,1285487,664362
30人以上,E 建設業,平成17,2005,年平均,535192,562386,319911,439710,462693,257762,413105,26605,95482,99693,62149
30人以上,E 建設業,平成18,2006,年平均,521741,548150,312921,426418,448269,253634,398714,27704,95323,99881,59287
30人以上,E 建設業,平成19,2007,年平均,518836,548764,317835,415565,440055,251087,384480,31085,103271,108709,66748
30人以上,E 建設業,平成20,2008,年平均,507331,535446,315152,407560,430466,250986,375690,31870,99771,104980,64166
30人以上,E 建設業,平成20,2008,1月,412021,436038,249766,410988,435011,248689,382188,28800,1033,1027,1077
30人以上,E 建設業,平成20,2008,2月,417712,443568,244844,415733,441511,243386,384305,31428,1979,2057,1458
30人以上,E 建設業,平成20,2008,3月,458008,485482,272326,417232,441939,250247,383106,34126,40776,43543,22079
30人以上,E 建設業,平成20,2008,4月,420049,442912,263661,409993,431768,261046,377217,32776,10056,11144,2615
30人以上,E 建設業,平成20,2008,5月,416230,438474,263409,397964,419176,252234,369674,28290,18266,19298,11175
30人以上,E 建設業,平成20,2008,6月,755762,795120,487136,405340,428033,250459,374943,30397,350422,367087,236677
30人以上,E 建設業,平成20,2008,7月,587109,620709,355984,405581,427824,252578,373986,31595,181528,192885,103406
30人以上,E 建設業,平成20,2008,8月,422259,445567,260906,403078,425024,251160,371711,31367,19181,20543,9746
30人以上,E 建設業,平成20,2008,9月,410940,433854,253625,405520,428411,248365,374615,30905,5420,5443,5260
30人以上,E 建設業,平成20,2008,10月,407740,429402,258035,403361,425020,253680,370411,32950,4379,4382,4355
30人以上,E 建設業,平成20,2008,11月,439387,464431,268064,406890,429867,249704,372256,34634,32497,34564,18360
30人以上,E 建設業,平成20,2008,12月,934804,983351,601341,409849,433084,250250,374651,35198,524955,550267,351091
30人以上,F 製造業,平成17,2005,年平均,533669,595212,328622,402853,446609,257068,369714,33139,130816,148603,71554
30人以上,F 製造業,平成18,2006,年平均,539502,600367,336558,401556,443630,261266,368073,33483,137946,156737,75292
30人以上,F 製造業,平成19,2007,年平均,556032,623150,338681,414451,461661,261569,384945,29506,141581,161489,77112
30人以上,F 製造業,平成20,2008,年平均,556920,621507,345776,416378,462462,265724,387591,28787,140542,159045,80052
30人以上,F 製造業,平成20,2008,1月,423680,472536,264188,412847,460908,255949,385781,27066,10833,11628,8239
30人以上,F 製造業,平成20,2008,2月,422859,468292,269558,419570,464688,267332,390574,28996,3289,3604,2226
30人以上,F 製造業,平成20,2008,3月,425893,473887,267704,418106,465154,263035,386512,31594,7787,8733,4669
30人以上,F 製造業,平成20,2008,4月,440556,486644,290511,419500,465419,270003,388757,30743,21056,21225,20508
30人以上,F 製造業,平成20,2008,5月,427840,476273,271446,413246,460022,262199,384113,29133,14594,16251,9247
30人以上,F 製造業,平成20,2008,6月,1048582,1188068,595879,418141,464736,266916,389446,28695,630441,723332,328963
30人以上,F 製造業,平成20,2008,7月,622747,693792,391196,419749,464792,272944,389734,30015,202998,229000,118252
30人以上,F 製造業,平成20,2008,8月,420570,467376,268076,415397,461396,265530,387424,27973,5173,5980,2546
30人以上,F 製造業,平成20,2008,9月,419856,466106,269662,414129,460112,264803,387736,26393,5727,5994,4859
30人以上,F 製造業,平成20,2008,10月,433102,479240,283059,416544,462670,266542,386834,29710,16558,16570,16517
30人以上,F 製造業,平成20,2008,11月,458568,510231,289589,415016,460057,267694,385860,29156,43552,50174,21895
30人以上,F 製造業,平成20,2008,12月,1136390,1273437,686414,414295,459570,265640,388323,25972,722095,813867,420774
30人以上,G 電気・ガス・熱供給・水道業,平成17,2005,年平均,724575,765424,454964,527717,556872,335291,468327,59390,196858,208552,119673
30人以上,G 電気・ガス・熱供給・水道業,平成18,2006,年平均,719901,760008,459875,526614,554685,344621,468305,58309,193287,205323,115254
30人以上,G 電気・ガス・熱供給・水道業,平成19,2007,年平均,663881,709198,457333,482533,514951,334777,434357,48176,181348,194247,122556
30人以上,G 電気・ガス・熱供給・水道業,平成20,2008,年平均,681176,724596,477916,491060,521922,346587,443624,47436,190116,202674,131329
30人以上,G 電気・ガス・熱供給・水道業,平成20,2008,1月,481222,515071,327196,481222,515071,327196,436032,45190,0,0,0
30人以上,G 電気・ガス・熱供給・水道業,平成20,2008,2月,486181,520634,329637,486181,520634,329637,436763,49418,0,0,0
30人以上,G 電気・ガス・熱供給・水道業,平成20,2008,3月,516777,551792,357140,492346,526021,338822,438995,53351,24431,25771,18318
30人以上,G 電気・ガス・熱供給・水道業,平成20,2008,4月,508667,540861,363010,488128,519069,348143,437909,50219,20539,21792,14867
30人以上,G 電気・ガス・熱供給・水道業,平成20,2008,5月,479930,511717,337596,479769,511573,337361,433089,46680,161,144,235
30人以上,G 電気・ガス・熱供給・水道業,平成20,2008,6月,1477813,1581067,1001381,473186,504420,329069,429523,43663,1004627,1076647,672312
30人以上,G 電気・ガス・熱供給・水道業,平成20,2008,7月,486020,515396,345358,485951,515324,345308,438063,47888,69,72,50
30人以上,G 電気・ガス・熱供給・水道業,平成20,2008,8月,485725,513934,348612,485560,513771,348438,440113,45447,165,163,174
30人以上,G 電気・ガス・熱供給・水道業,平成20,2008,9月,511872,541209,367952,511862,541201,367935,464317,47545,10,8,17
30人以上,G 電気・ガス・熱供給・水道業,平成20,2008,10月,524525,553274,383309,498784,527268,358868,448694,50090,25741,26006,24441
30人以上,G 電気・ガス・熱供給・水道業,平成20,2008,11月,519057,548048,379895,518994,547994,379788,471440,47554,63,54,107
30人以上,G 電気・ガス・熱供給・水道業,平成20,2008,12月,1599224,1700952,1121924,488790,518489,349445,446206,42584,1110434,1182463,772479
30人以上,H 情報通信業,平成17,2005,年平均,553746,597950,402613,427372,460554,313922,376944,50428,126374,137396,88691
30人以上,H 情報通信業,平成18,2006,年平均,549214,593086,394218,423604,455972,309249,374936,48668,125610,137114,84969
30人以上,H 情報通信業,平成19,2007,年平均,513151,549362,373543,391181,416954,291815,350867,40314,121970,132408,81728
30人以上,H 情報通信業,平成20,2008,年平均,513137,548914,373196,398598,425262,294302,358517,40081,114539,123652,78894
30人以上,H 情報通信業,平成20,2008,1月,401170,428933,293078,393145,420552,286436,352790,40355,8025,8381,6642
30人以上,H 情報通信業,平成20,2008,2月,409030,436221,301922,395094,421287,291915,356336,38758,13936,14934,10007
30人以上,H 情報通信業,平成20,2008,3月,442356,468745,337828,403245,428979,301310,361135,42110,39111,39766,36518
30人以上,H 情報通信業,平成20,2008,4月,420680,448481,311934,406828,433180,303751,363186,43642,13852,15301,8183
30人以上,H 情報通信業,平成20,2008,5月,463131,492836,348231,393303,418544,295670,355043,38260,69828,74292,52561
30人以上,H 情報通信業,平成20,2008,6月,839601,909076,567715,395629,421455,294561,358380,37249,443972,487621,273154
30人以上,H 情報通信業,平成20,2008,7月,533028,570137,386414,395831,421047,296202,355590,40241,137197,149090,90212
30人以上,H 情報通信業,平成20,2008,8月,416302,443089,309794,400255,426034,297755,360476,39779,16047,17055,12039
30人以上,H 情報通信業,平成20,2008,9月,428630,454563,324974,404370,430574,299632,366873,37497,24260,23989,25342
30人以上,H 情報通信業,平成20,2008,10月,406146,433497,299262,399064,426145,293233,359701,39363,7082,7352,6029
30人以上,H 情報通信業,平成20,2008,11月,413590,443703,298304,395009,424166,283385,352328,42681,18581,19537,14919
30人以上,H 情報通信業,平成20,2008,12月,970519,1046226,682732,401463,431229,288314,360346,41117,569056,614997,394418
30人以上,I 運輸業,平成17,2005,年平均,424538,452616,286113,349281,373584,229469,296455,52826,75257,79032,56644
30人以上,I 運輸業,平成18,2006,年平均,437294,484627,277209,353062,394731,212136,297227,55835,84232,89896,65073
30人以上,I 運輸業,平成19,2007,年平均,439176,458936,301130,357798,374371,242017,305006,52792,81378,84565,59113
30人以上,I 運輸業,平成20,2008,年平均,451701,470413,319481,358731,374139,249860,307191,51540,92970,96274,69621
30人以上,I 運輸業,平成20,2008,1月,359743,376359,241113,353073,369003,239340,303380,49693,6670,7356,1773
30人以上,I 運輸業,平成20,2008,2月,359797,375807,245366,356975,373135,241471,304714,52261,2822,2672,3895
30人以上,I 運輸業,平成20,2008,3月,380591,396911,262119,363358,379501,246175,309519,53839,17233,17410,15944
30人以上,I 運輸業,平成20,2008,4月,390825,409634,256845,365153,381397,249441,310908,54245,25672,28237,7404
30人以上,I 運輸業,平成20,2008,5月,407775,422776,305321,354016,369436,248698,303476,50540,53759,53340,56623
30人以上,I 運輸業,平成20,2008,6月,626547,657778,411721,357612,373390,249085,307493,50119,268935,284388,162636
30人以上,I 運輸業,平成20,2008,7月,523453,537713,422505,362826,377811,256744,308696,54130,160627,159902,165761
30人以上,I 運輸業,平成20,2008,8月,407431,427018,270401,357492,372788,250486,307642,49850,49939,54230,19915
30人以上,I 運輸業,平成20,2008,9月,369580,383694,269751,358553,373806,250668,309049,49504,11027,9888,19083
30人以上,I 運輸業,平成20,2008,10月,361627,377171,251337,356149,371331,248433,304440,51709,5478,5840,2904
30人以上,I 運輸業,平成20,2008,11月,415746,428241,327538,359255,373396,259425,308369,50886,56491,54845,68113
30人以上,I 運輸業,平成20,2008,12月,820156,855338,569342,360261,374548,258408,308604,51657,459895,480790,310934
30人以上,J 卸売・小売業,平成17,2005,年平均,481308,623845,263941,359771,457338,210983,343884,15887,121537,166507,52958
30人以上,J 卸売・小売業,平成18,2006,年平均,500146,637061,283779,370677,462824,225058,352531,18146,129469,174237,58721
30人以上,J 卸売・小売業,平成19,2007,年平均,469437,603119,259337,351492,439989,212407,333564,17928,117945,163130,46930
30人以上,J 卸売・小売業,平成20,2008,年平均,506460,632589,286988,375496,461015,226687,357581,17915,130964,171574,60301
30人以上,J 卸売・小売業,平成20,2008,1月,390306,482759,227315,366592,451545,216823,349501,17091,23714,31214,10492
30人以上,J 卸売・小売業,平成20,2008,2月,383818,476025,223831,372478,460203,220267,354315,18163,11340,15822,3564
30人以上,J 卸売・小売業,平成20,2008,3月,440272,542651,261175,374307,461407,221939,355519,18788,65965,81244,39236
30人以上,J 卸売・小売業,平成20,2008,4月,413567,516500,238605,377675,465288,228754,358707,18968,35892,51212,9851
30人以上,J 卸売・小売業,平成20,2008,5月,404617,500767,235273,382028,470981,225361,364143,17885,22589,29786,9912
30人以上,J 卸売・小売業,平成20,2008,6月,888318,1154619,428528,372381,457472,225464,355448,16933,515937,697147,203064
30人以上,J 卸売・小売業,平成20,2008,7月,528684,662132,299206,376138,463147,226516,357681,18457,152546,198985,72690
30人以上,J 卸売・小売業,平成20,2008,8月,415453,510740,245077,383921,469312,231239,365898,18023,31532,41428,13838
30人以上,J 卸売・小売業,平成20,2008,9月,516448,632384,316314,377008,461042,231945,360076,16932,139440,171342,84369
30人以上,J 卸売・小売業,平成20,2008,10月,385395,467443,240786,373061,453228,231769,354433,18628,12334,14215,9017
30人以上,J 卸売・小売業,平成20,2008,11月,430788,532713,253630,377249,462114,229744,359219,18030,53539,70599,23886
30人以上,J 卸売・小売業,平成20,2008,12月,864238,1098989,461777,373004,456669,229567,355873,17131,491234,642320,232210
30人以上,K 金融・保険業,平成17,2005,年平均,659549,832394,411095,493947,616736,317446,459820,34127,165602,215658,93649
30人以上,K 金融・保険業,平成18,2006,年平均,665970,854670,405286,477733,604344,302824,443159,34574,188237,250326,102462
30人以上,K 金融・保険業,平成19,2007,年平均,689196,882674,414861,501964,629055,321760,469262,32702,187232,253619,93101
30人以上,K 金融・保険業,平成20,2008,年平均,703715,910842,418454,495376,626095,315346,463518,31858,208339,284747,103108
30人以上,K 金融・保険業,平成20,2008,1月,739317,970262,402864,503677,624502,327652,473060,30617,235640,345760,75212
30人以上,K 金融・保険業,平成20,2008,2月,829628,1074842,487470,502022,636212,314781,472151,29871,327606,438630,172689
30人以上,K 金融・保険業,平成20,2008,3月,600540,772430,365468,501902,635027,319843,468438,33464,98638,137403,45625
30人以上,K 金融・保険業,平成20,2008,4月,508895,637139,332171,498347,624486,324523,464112,34235,10548,12653,7648
30人以上,K 金融・保険業,平成20,2008,5月,514085,651616,326680,498199,628464,320695,463977,34222,15886,23152,5985
30人以上,K 金融・保険業,平成20,2008,6月,1378467,1833910,756157,494974,625274,316934,463483,31491,883493,1208636,439223
30人以上,K 金融・保険業,平成20,2008,7月,551541,696968,352816,497199,626338,320732,465908,31291,54342,70630,32084
30人以上,K 金融・保険業,平成20,2008,8月,501826,634733,321280,496764,627937,318573,465517,31247,5062,6796,2707
30人以上,K 金融・保険業,平成20,2008,9月,498987,630128,320406,495007,626272,316258,465773,29234,3980,3856,4148
30人以上,K 金融・保険業,平成20,2008,10月,499693,636117,312543,490135,625641,304245,456804,33331,9558,10476,8298
30人以上,K 金融・保険業,平成20,2008,11月,516005,661877,315605,484700,617102,302805,452603,32097,31305,44775,12800
30人以上,K 金融・保険業,平成20,2008,12月,1301642,1721008,726194,481699,616013,297395,450568,31131,819943,1104995,428799
30人以上,L 不動産業,平成17,2005,年平均,487709,578381,271356,370030,434779,215533,348941,21089,117679,143602,55823
30人以上,L 不動産業,平成18,2006,年平均,510886,604684,290160,376647,441400,224269,354203,22444,134239,163284,65891
30人以上,L 不動産業,平成19,2007,年平均,492626,571667,300647,372630,428126,237839,350078,22552,119996,143541,62808
30人以上,L 不動産業,平成20,2008,年平均,486318,563144,303845,371785,426925,240820,348233,23552,114533,136219,63025
30人以上,L 不動産業,平成20,2008,1月,404329,467621,252124,368853,424810,234288,346815,22038,35476,42811,17836
30人以上,L 不動産業,平成20,2008,2月,370654,426376,237791,367353,422567,235700,344731,22622,3301,3809,2091
30人以上,L 不動産業,平成20,2008,3月,397062,456917,255779,372547,427815,242091,347895,24652,24515,29102,13688
30人以上,L 不動産業,平成20,2008,4月,398396,456370,262479,379059,433278,251944,353505,25554,19337,23092,10535
30人以上,L 不動産業,平成20,2008,5月,438969,509781,273912,372600,427365,244947,348701,23899,66369,82416,28965
30人以上,L 不動産業,平成20,2008,6月,744042,877642,432731,370682,426058,241647,347462,23220,373360,451584,191084
30人以上,L 不動産業,平成20,2008,7月,579935,675063,356410,374058,430146,242266,350482,23576,205877,244917,114144
30人以上,L 不動産業,平成20,2008,8月,379921,439399,239435,370526,427226,236602,347148,23378,9395,12173,2833
30人以上,L 不動産業,平成20,2008,9月,399472,459476,256987,373500,430169,238934,352334,21166,25972,29307,18053
30人以上,L 不動産業,平成20,2008,10月,380004,437535,243922,368589,423833,237915,344595,23994,11415,13702,6007
30人以上,L 不動産業,平成20,2008,11月,386680,443481,248209,369715,423115,239533,345388,24327,16965,20366,8676
30人以上,L 不動産業,平成20,2008,12月,959483,1107803,593745,373872,426681,243651,349666,24206,585611,681122,350094
30人以上,"M 飲食店,宿泊業",平成17,2005,年平均,217897,294804,136134,193583,258579,124484,181489,12094,24314,36225,11650
30人以上,"M 飲食店,宿泊業",平成18,2006,年平均,200659,272914,129696,178471,237650,120350,166728,11743,22188,35264,9346
30人以上,"M 飲食店,宿泊業",平成19,2007,年平均,266642,357157,156411,226784,297289,140923,211288,15496,39858,59868,15488
30人以上,"M 飲食店,宿泊業",平成20,2008,年平均,291668,385270,166970,240510,311104,146464,225656,14854,51158,74166,20506
30人以上,"M 飲食店,宿泊業",平成20,2008,1月,266551,344852,165317,245195,317069,152271,227738,17457,21356,27783,13046
30人以上,"M 飲食店,宿泊業",平成20,2008,2月,245610,319184,148212,242682,315444,146360,227619,15063,2928,3740,1852
30人以上,"M 飲食店,宿泊業",平成20,2008,3月,356011,483686,183527,243604,313465,149225,232307,11297,112407,170221,34302
30人以上,"M 飲食店,宿泊業",平成20,2008,4月,249061,319812,154913,245600,315829,152146,230083,15517,3461,3983,2767
30人以上,"M 飲食店,宿泊業",平成20,2008,5月,252176,325669,154605,243474,313507,150496,228718,14756,8702,12162,4109
30人以上,"M 飲食店,宿泊業",平成20,2008,6月,300004,392934,176185,239759,307097,150038,227656,12103,60245,85837,26147
30人以上,"M 飲食店,宿泊業",平成20,2008,7月,298503,395644,168800,234049,299645,146466,219205,14844,64454,95999,22334
30人以上,"M 飲食店,宿泊業",平成20,2008,8月,253169,326437,156998,232141,300292,142687,217642,14499,21028,26145,14311
30人以上,"M 飲食店,宿泊業",平成20,2008,9月,233824,304088,141997,229457,298503,139222,213498,15959,4367,5585,2775
30人以上,"M 飲食店,宿泊業",平成20,2008,10月,230230,298427,140137,229160,297155,139333,212813,16347,1070,1272,804
30人以上,"M 飲食店,宿泊業",平成20,2008,11月,266392,351252,149975,252422,331228,144311,237004,15418,13970,20024,5664
30人以上,"M 飲食店,宿泊業",平成20,2008,12月,532675,730605,259682,248213,322589,145630,233295,14918,284462,408016,114052
30人以上,"N 医療,福祉",平成17,2005,年平均,415748,566866,355428,323693,436008,278862,300964,22729,92055,130858,76566
30人以上,"N 医療,福祉",平成18,2006,年平均,419640,581505,351120,321949,439532,272174,298773,23176,97691,141973,78946
30人以上,"N 医療,福祉",平成19,2007,年平均,409266,540523,368412,324920,438187,289666,304927,19993,84346,102336,78746
30人以上,"N 医療,福祉",平成20,2008,年平均,423360,560119,381152,333384,451207,297020,311480,21904,89976,108912,84132
30人以上,"N 医療,福祉",平成20,2008,1月,330584,444540,295257,329753,443266,294563,308822,20931,831,1274,694
30人以上,"N 医療,福祉",平成20,2008,2月,338031,457897,300863,335093,456434,297467,311166,23927,2938,1463,3396
30人以上,"N 医療,福祉",平成20,2008,3月,392652,510131,356266,330699,449942,293767,310002,20697,61953,60189,62499
30人以上,"N 医療,福祉",平成20,2008,4月,349063,464032,313644,342030,456011,306915,320156,21874,7033,8021,6729
30人以上,"N 医療,福祉",平成20,2008,5月,335521,449974,300828,334952,449315,300286,312635,22317,569,659,542
30人以上,"N 医療,福祉",平成20,2008,6月,671195,873116,609648,332494,450814,296429,310263,22231,338701,422302,313219
30人以上,"N 医療,福祉",平成20,2008,7月,435706,586337,389404,330099,448692,293645,308810,21289,105607,137645,95759
30人以上,"N 医療,福祉",平成20,2008,8月,329594,450915,292229,328699,449167,291596,307513,21186,895,1748,633
30人以上,"N 医療,福祉",平成20,2008,9月,335091,452790,298399,332588,450384,295866,312520,20068,2503,2406,2533
30人以上,"N 医療,福祉",平成20,2008,10月,347673,470752,309491,337426,456361,300530,315446,21980,10247,14391,8961
30人以上,"N 医療,福祉",平成20,2008,11月,357490,472989,321759,332256,452942,294920,308617,23639,25234,20047,26839
30人以上,"N 医療,福祉",平成20,2008,12月,851418,1080119,780273,334559,451097,298306,311856,22703,516859,629022,481967
30人以上,"O 教育,学習支援業",平成17,2005,年平均,463678,541219,372754,341567,393876,280230,332608,8959,122111,147343,92524
30人以上,"O 教育,学習支援業",平成18,2006,年平均,469498,550103,377972,345513,401048,282453,336051,9462,123985,149055,95519
30人以上,"O 教育,学習支援業",平成19,2007,年平均,552051,641962,438632,400882,464028,321227,381401,19481,151169,177934,117405
30人以上,"O 教育,学習支援業",平成20,2008,年平均,561473,650041,431093,401015,457786,317443,382050,18965,160458,192255,113650
30人以上,"O 教育,学習支援業",平成20,2008,1月,393506,459034,302172,392898,458335,301691,378706,14192,608,699,481
30人以上,"O 教育,学習支援業",平成20,2008,2月,410620,479049,314493,401984,469566,307046,383542,18442,8636,9483,7447
30人以上,"O 教育,学習支援業",平成20,2008,3月,520940,624506,372487,418365,483519,324973,397467,20898,102575,140987,47514
30人以上,"O 教育,学習支援業",平成20,2008,4月,449528,513732,355683,420071,479105,333784,398889,21182,29457,34627,21899
30人以上,"O 教育,学習支援業",平成20,2008,5月,400508,454764,320729,396108,450372,316316,374855,21253,4400,4392,4413
30人以上,"O 教育,学習支援業",平成20,2008,6月,1115253,1288692,851850,400181,452660,320481,380455,19726,715072,836032,531369
30人以上,"O 教育,学習支援業",平成20,2008,7月,453277,520221,352052,398344,450342,319718,380638,17706,54933,69879,32334
30人以上,"O 教育,学習支援業",平成20,2008,8月,410188,466149,324819,393939,444931,316150,375077,18862,16249,21218,8669
30人以上,"O 教育,学習支援業",平成20,2008,9月,403745,456243,324044,395963,448050,316887,381564,14399,7782,8193,7157
30人以上,"O 教育,学習支援業",平成20,2008,10月,431088,494695,337123,406460,466733,317419,390818,15642,24628,27962,19704
30人以上,"O 教育,学習支援業",平成20,2008,11月,415747,468447,338611,392166,445405,314241,370043,22123,23581,23042,24370
30人以上,"O 教育,学習支援業",平成20,2008,12月,1314127,1541949,976026,397474,448789,321320,374327,23147,916653,1093160,654706
30人以上,P 複合サービス事業,平成17,2005,年平均,368163,439753,146738,292080,346248,124541,264652,27428,76083,93505,22197
30人以上,P 複合サービス事業,平成18,2006,年平均,369620,443153,146366,289024,343777,122790,255570,33454,80596,99376,23576
30人以上,P 複合サービス事業,平成19,2007,年平均,429003,475460,230255,346314,384923,181142,315214,31100,82689,90537,49113
30人以上,P 複合サービス事業,平成20,2008,年平均,524226,572247,305606,406220,441513,245546,381252,24968,118006,130734,60060
30人以上,P 複合サービス事業,平成20,2008,1月,448278,482875,272605,421604,456235,245757,388018,33586,26674,26640,26848
30人以上,P 複合サービス事業,平成20,2008,2月,404864,463578,248160,402228,460242,247393,383742,18486,2636,3336,767
30人以上,P 複合サービス事業,平成20,2008,3月,394875,427195,236466,393680,425879,235863,369323,24357,1195,1316,603
30人以上,P 複合サービス事業,平成20,2008,4月,436212,470809,268739,406329,436719,259224,379886,26443,29883,34090,9515
30人以上,P 複合サービス事業,平成20,2008,5月,418512,451433,261132,417286,450075,260539,387521,29765,1226,1358,593
30人以上,P 複合サービス事業,平成20,2008,6月,1046808,1146823,571875,410776,446906,239208,391156,19620,636032,699917,332667
30人以上,P 複合サービス事業,平成20,2008,7月,434500,468208,273616,405288,438551,246530,376905,28383,29212,29657,27086
30人以上,P 複合サービス事業,平成20,2008,8月,400350,433861,239308,399772,433219,239036,382492,17280,578,642,272
30人以上,P 複合サービス事業,平成20,2008,9月,393533,426109,236808,392500,424884,236699,368139,24361,1033,1225,109
30人以上,P 複合サービス事業,平成20,2008,10月,470308,512888,265191,438760,476678,256101,418587,20173,31548,36210,9090
30人以上,P 複合サービス事業,平成20,2008,11月,392597,424700,238624,392025,424039,238478,369346,22679,572,661,146
30人以上,P 複合サービス事業,平成20,2008,12月,1056686,1155005,586060,394209,426303,240582,359778,34431,662477,728702,345478
30人以上,Q サービス業（他に分類されないもの）,平成17,2005,年平均,443575,539628,276431,359853,433340,231977,333728,26125,83722,106288,44454
30人以上,Q サービス業（他に分類されないもの）,平成18,2006,年平均,437782,533676,282818,349860,419820,236804,323344,26516,87922,113856,46014
30人以上,Q サービス業（他に分類されないもの）,平成19,2007,年平均,429558,518393,284021,341633,404757,238218,313966,27667,87925,113636,45803
30人以上,Q サービス業（他に分類されないもの）,平成20,2008,年平均,427934,514063,285872,342618,404726,240176,315077,27541,85316,109337,45696
30人以上,Q サービス業（他に分類されないもの）,平成20,2008,1月,354451,423545,240781,341812,407426,233868,316388,25424,12639,16119,6913
30人以上,Q サービス業（他に分類されないもの）,平成20,2008,2月,352137,417966,243068,342043,404472,238608,315471,26572,10094,13494,4460
30人以上,Q サービス業（他に分類されないもの）,平成20,2008,3月,368544,434918,260519,347678,410333,245705,318869,28809,20866,24585,14814
30人以上,Q サービス業（他に分類されないもの）,平成20,2008,4月,360479,427853,252754,342499,404811,242868,313307,29192,17980,23042,9886
30人以上,Q サービス業（他に分類されないもの）,平成20,2008,5月,356069,419308,253330,339434,400673,239944,311918,27516,16635,18635,13386
30人以上,Q サービス業（他に分類されないもの）,平成20,2008,6月,646967,804584,389854,340751,401390,241832,313039,27712,306216,403194,148022
30人以上,Q サービス業（他に分類されないもの）,平成20,2008,7月,457935,549183,309657,343583,404636,244371,314981,28602,114352,144547,65286
30人以上,Q サービス業（他に分類されないもの）,平成20,2008,8月,348904,412704,244281,341520,403248,240295,314045,27475,7384,9456,3986
30人以上,Q サービス業（他に分類されないもの）,平成20,2008,9月,351280,413497,248432,342976,405286,239974,316848,26128,8304,8211,8458
30人以上,Q サービス業（他に分類されないもの）,平成20,2008,10月,352101,414670,245059,343700,404363,239918,315544,28156,8401,10307,5141
30人以上,Q サービス業（他に分類されないもの）,平成20,2008,11月,393847,481014,246218,342516,405594,235685,314422,28094,51331,75420,10533
30人以上,Q サービス業（他に分類されないもの）,平成20,2008,12月,787513,960216,495590,342952,404592,238760,316164,26788,444561,555624,256830
30人以上,"F09、10 食料品,飲料・たばこ・飼料製造業",平成17,2005,年平均,434609,526840,257977,345103,413451,214208,317870,27233,89506,113389,43769
30人以上,"F09、10 食料品,飲料・たばこ・飼料製造業",平成18,2006,年平均,447761,544692,268207,347503,413953,224413,318547,28956,100258,130739,43794
30人以上,"F09、10 食料品,飲料・たばこ・飼料製造業",平成19,2007,年平均,394847,516750,221209,308406,396374,183104,280259,28147,86441,120376,38105
30人以上,"F09、10 食料品,飲料・たばこ・飼料製造業",平成20,2008,年平均,396722,521196,223521,308519,398489,183330,280319,28200,88203,122707,40191
30人以上,"F09、10 食料品,飲料・たばこ・飼料製造業",平成20,2008,1月,361758,479408,202088,305070,398184,178699,276183,28887,56688,81224,23389
30人以上,"F09、10 食料品,飲料・たばこ・飼料製造業",平成20,2008,2月,326155,407489,194978,321700,402449,191466,290427,31273,4455,5040,3512
30人以上,"F09、10 食料品,飲料・たばこ・飼料製造業",平成20,2008,3月,308787,403873,180163,305413,399619,177980,276447,28966,3374,4254,2183
30人以上,"F09、10 食料品,飲料・たばこ・飼料製造業",平成20,2008,4月,323259,423049,189444,309091,403271,182800,280567,28524,14168,19778,6644
30人以上,"F09、10 食料品,飲料・たばこ・飼料製造業",平成20,2008,5月,308707,402169,183489,306154,399081,181652,275274,30880,2553,3088,1837
30人以上,"F09、10 食料品,飲料・たばこ・飼料製造業",平成20,2008,6月,642879,886228,312573,306026,396956,182603,277648,28378,336853,489272,129970
30人以上,"F09、10 食料品,飲料・たばこ・飼料製造業",平成20,2008,7月,453945,590927,266145,308690,398855,185074,280856,27834,145255,192072,81071
30人以上,"F09、10 食料品,飲料・たばこ・飼料製造業",平成20,2008,8月,327942,431476,186261,305589,395679,182306,278913,26676,22353,35797,3955
30人以上,"F09、10 食料品,飲料・たばこ・飼料製造業",平成20,2008,9月,309545,400003,186499,306101,395257,184826,281446,24655,3444,4746,1673
30人以上,"F09、10 食料品,飲料・たばこ・飼料製造業",平成20,2008,10月,312851,405391,184475,307038,397598,181407,280722,26316,5813,7793,3068
30人以上,"F09、10 食料品,飲料・たばこ・飼料製造業",平成20,2008,11月,336195,427709,205119,310588,398417,184790,282568,28020,25607,29292,20329
30人以上,"F09、10 食料品,飲料・たばこ・飼料製造業",平成20,2008,12月,756810,1003792,398823,311045,396225,187581,283127,27918,445765,607567,211242
30人以上,F11 繊維工業（衣類、その他の繊維製品を除く）,平成17,2005,年平均,×,×,×,×,×,×,×,×,×,×,×
30人以上,F11 繊維工業（衣類、その他の繊維製品を除く）,平成18,2006,年平均,×,×,×,×,×,×,×,×,×,×,×
30人以上,F11 繊維工業（衣類、その他の繊維製品を除く）,平成19,2007,年平均,×,×,×,×,×,×,×,×,×,×,×
30人以上,F11 繊維工業（衣類、その他の繊維製品を除く）,平成20,2008,年平均,×,×,×,×,×,×,×,×,×,×,×
30人以上,F11 繊維工業（衣類、その他の繊維製品を除く）,平成20,2008,1月,×,×,×,×,×,×,×,×,×,×,×
30人以上,F11 繊維工業（衣類、その他の繊維製品を除く）,平成20,2008,2月,×,×,×,×,×,×,×,×,×,×,×
30人以上,F11 繊維工業（衣類、その他の繊維製品を除く）,平成20,2008,3月,×,×,×,×,×,×,×,×,×,×,×
30人以上,F11 繊維工業（衣類、その他の繊維製品を除く）,平成20,2008,4月,×,×,×,×,×,×,×,×,×,×,×
30人以上,F11 繊維工業（衣類、その他の繊維製品を除く）,平成20,2008,5月,×,×,×,×,×,×,×,×,×,×,×
30人以上,F11 繊維工業（衣類、その他の繊維製品を除く）,平成20,2008,6月,×,×,×,×,×,×,×,×,×,×,×
30人以上,F11 繊維工業（衣類、その他の繊維製品を除く）,平成20,2008,7月,×,×,×,×,×,×,×,×,×,×,×
30人以上,F11 繊維工業（衣類、その他の繊維製品を除く）,平成20,2008,8月,×,×,×,×,×,×,×,×,×,×,×
30人以上,F11 繊維工業（衣類、その他の繊維製品を除く）,平成20,2008,9月,×,×,×,×,×,×,×,×,×,×,×
30人以上,F11 繊維工業（衣類、その他の繊維製品を除く）,平成20,2008,10月,×,×,×,×,×,×,×,×,×,×,×
30人以上,F11 繊維工業（衣類、その他の繊維製品を除く）,平成20,2008,11月,×,×,×,×,×,×,×,×,×,×,×
30人以上,F11 繊維工業（衣類、その他の繊維製品を除く）,平成20,2008,12月,×,×,×,×,×,×,×,×,×,×,×
30人以上,F12 衣類・その他の繊維製品製造業,平成17,2005,年平均,333854,444998,260133,289489,376942,231483,280188,9301,44365,68056,28650
30人以上,F12 衣類・その他の繊維製品製造業,平成18,2006,年平均,350965,473761,268958,296256,388020,234973,285859,10397,54709,85741,33985
30人以上,F12 衣類・その他の繊維製品製造業,平成19,2007,年平均,371331,482865,307317,308869,398102,257655,298174,10695,62462,84763,49662
30人以上,F12 衣類・その他の繊維製品製造業,平成20,2008,年平均,381791,492119,314787,317708,404914,264747,307765,9943,64083,87205,50040
30人以上,F12 衣類・その他の繊維製品製造業,平成20,2008,1月,310990,398531,260071,310990,398531,260071,299425,11565,0,0,0
30人以上,F12 衣類・その他の繊維製品製造業,平成20,2008,2月,311904,403127,259233,311904,403127,259233,302905,8999,0,0,0
30人以上,F12 衣類・その他の繊維製品製造業,平成20,2008,3月,314820,408840,261241,314820,408840,261241,304720,10100,0,0,0
30人以上,F12 衣類・その他の繊維製品製造業,平成20,2008,4月,338829,418377,294244,318670,396645,274968,307128,11542,20159,21732,19276
30人以上,F12 衣類・その他の繊維製品製造業,平成20,2008,5月,316272,409501,258570,316272,409501,258570,308488,7784,0,0,0
30人以上,F12 衣類・その他の繊維製品製造業,平成20,2008,6月,524785,702364,412610,311932,403294,254219,302035,9897,212853,299070,158391
30人以上,F12 衣類・その他の繊維製品製造業,平成20,2008,7月,438812,566663,357388,312540,402297,255376,302779,9761,126272,164366,102012
30人以上,F12 衣類・その他の繊維製品製造業,平成20,2008,8月,317422,400893,263902,317422,400893,263902,308191,9231,0,0,0
30人以上,F12 衣類・その他の繊維製品製造業,平成20,2008,9月,302662,390440,246802,302662,390440,246802,292500,10162,0,0,0
30人以上,F12 衣類・その他の繊維製品製造業,平成20,2008,10月,328536,413126,274730,308340,387947,257704,300377,7963,20196,25179,17026
30人以上,F12 衣類・その他の繊維製品製造業,平成20,2008,11月,361869,439106,315913,343349,429863,291874,332359,10990,18520,9243,24039
30人以上,F12 衣類・その他の繊維製品製造業,平成20,2008,12月,712550,942308,573621,343762,428895,292285,332361,11401,368788,513413,281336
30人以上,F13 木材・木製品製造業（家具を除く）,平成17,2005,年平均,×,×,×,×,×,×,×,×,×,×,×
30人以上,F13 木材・木製品製造業（家具を除く）,平成18,2006,年平均,×,×,×,×,×,×,×,×,×,×,×
30人以上,F13 木材・木製品製造業（家具を除く）,平成19,2007,年平均,×,×,×,×,×,×,×,×,×,×,×
30人以上,F13 木材・木製品製造業（家具を除く）,平成20,2008,年平均,×,×,×,×,×,×,×,×,×,×,×
30人以上,F13 木材・木製品製造業（家具を除く）,平成20,2008,1月,×,×,×,×,×,×,×,×,×,×,×
30人以上,F13 木材・木製品製造業（家具を除く）,平成20,2008,2月,×,×,×,×,×,×,×,×,×,×,×
30人以上,F13 木材・木製品製造業（家具を除く）,平成20,2008,3月,×,×,×,×,×,×,×,×,×,×,×
30人以上,F13 木材・木製品製造業（家具を除く）,平成20,2008,4月,×,×,×,×,×,×,×,×,×,×,×
30人以上,F13 木材・木製品製造業（家具を除く）,平成20,2008,5月,×,×,×,×,×,×,×,×,×,×,×
30人以上,F13 木材・木製品製造業（家具を除く）,平成20,2008,6月,×,×,×,×,×,×,×,×,×,×,×
30人以上,F13 木材・木製品製造業（家具を除く）,平成20,2008,7月,×,×,×,×,×,×,×,×,×,×,×
30人以上,F13 木材・木製品製造業（家具を除く）,平成20,2008,8月,×,×,×,×,×,×,×,×,×,×,×
30人以上,F13 木材・木製品製造業（家具を除く）,平成20,2008,9月,×,×,×,×,×,×,×,×,×,×,×
30人以上,F13 木材・木製品製造業（家具を除く）,平成20,2008,10月,×,×,×,×,×,×,×,×,×,×,×
30人以上,F13 木材・木製品製造業（家具を除く）,平成20,2008,11月,×,×,×,×,×,×,×,×,×,×,×
30人以上,F13 木材・木製品製造業（家具を除く）,平成20,2008,12月,×,×,×,×,×,×,×,×,×,×,×
30人以上,F14 家具・装備品製造業,平成17,2005,年平均,×,×,×,×,×,×,×,×,×,×,×
30人以上,F14 家具・装備品製造業,平成18,2006,年平均,×,×,×,×,×,×,×,×,×,×,×
30人以上,F14 家具・装備品製造業,平成19,2007,年平均,×,×,×,×,×,×,×,×,×,×,×
30人以上,F14 家具・装備品製造業,平成20,2008,年平均,×,×,×,×,×,×,×,×,×,×,×
30人以上,F14 家具・装備品製造業,平成20,2008,1月,×,×,×,×,×,×,×,×,×,×,×
30人以上,F14 家具・装備品製造業,平成20,2008,2月,×,×,×,×,×,×,×,×,×,×,×
30人以上,F14 家具・装備品製造業,平成20,2008,3月,×,×,×,×,×,×,×,×,×,×,×
30人以上,F14 家具・装備品製造業,平成20,2008,4月,×,×,×,×,×,×,×,×,×,×,×
30人以上,F14 家具・装備品製造業,平成20,2008,5月,×,×,×,×,×,×,×,×,×,×,×
30人以上,F14 家具・装備品製造業,平成20,2008,6月,×,×,×,×,×,×,×,×,×,×,×
30人以上,F14 家具・装備品製造業,平成20,2008,7月,×,×,×,×,×,×,×,×,×,×,×
30人以上,F14 家具・装備品製造業,平成20,2008,8月,×,×,×,×,×,×,×,×,×,×,×
30人以上,F14 家具・装備品製造業,平成20,2008,9月,×,×,×,×,×,×,×,×,×,×,×
30人以上,F14 家具・装備品製造業,平成20,2008,10月,×,×,×,×,×,×,×,×,×,×,×
30人以上,F14 家具・装備品製造業,平成20,2008,11月,×,×,×,×,×,×,×,×,×,×,×
30人以上,F14 家具・装備品製造業,平成20,2008,12月,×,×,×,×,×,×,×,×,×,×,×
30人以上,F15 パルプ・紙・紙加工品製造業,平成17,2005,年平均,448298,547881,319541,356292,418736,275554,326836,29456,92006,129145,43987
30人以上,F15 パルプ・紙・紙加工品製造業,平成18,2006,年平均,443195,530590,314150,340689,393332,262957,309739,30950,102506,137258,51193
30人以上,F15 パルプ・紙・紙加工品製造業,平成19,2007,年平均,523890,586149,320794,379965,424219,235604,353825,26140,143925,161930,85190
30人以上,F15 パルプ・紙・紙加工品製造業,平成20,2008,年平均,520121,571009,326965,389047,426336,247509,362904,26143,131074,144673,79456
30人以上,F15 パルプ・紙・紙加工品製造業,平成20,2008,1月,380621,419051,233247,380621,419051,233247,356697,23924,0,0,0
30人以上,F15 パルプ・紙・紙加工品製造業,平成20,2008,2月,394686,433817,243442,394686,433817,243442,360500,34186,0,0,0
30人以上,F15 パルプ・紙・紙加工品製造業,平成20,2008,3月,392958,431366,243292,391049,429500,241215,361412,29637,1909,1866,2077
30人以上,F15 パルプ・紙・紙加工品製造業,平成20,2008,4月,466869,501526,333639,397318,434176,255623,368917,28401,69551,67350,78016
30人以上,F15 パルプ・紙・紙加工品製造業,平成20,2008,5月,403655,441408,258148,392766,430266,248236,366338,26428,10889,11142,9912
30人以上,F15 パルプ・紙・紙加工品製造業,平成20,2008,6月,874676,979588,465052,388900,424698,249128,365000,23900,485776,554890,215924
30人以上,F15 パルプ・紙・紙加工品製造業,平成20,2008,7月,529159,564331,394798,391522,426905,256352,364668,26854,137637,137426,138446
30人以上,F15 パルプ・紙・紙加工品製造業,平成20,2008,8月,390360,427322,250173,390281,427223,250173,365711,24570,79,99,0
30人以上,F15 パルプ・紙・紙加工品製造業,平成20,2008,9月,387440,424090,249956,387406,424047,249956,364502,22904,34,43,0
30人以上,F15 パルプ・紙・紙加工品製造業,平成20,2008,10月,388398,427006,246949,388398,427006,246949,361267,27131,0,0,0
30人以上,F15 パルプ・紙・紙加工品製造業,平成20,2008,11月,396520,434423,257942,385524,423082,248211,361795,23729,10996,11341,9731
30人以上,F15 パルプ・紙・紙加工品製造業,平成20,2008,12月,1226932,1359941,736271,380243,416346,247062,357947,22296,846689,943595,489209
30人以上,F16 印刷・同関連業,平成17,2005,年平均,435066,485560,274404,358841,398100,233925,318457,40384,76225,87460,40479
30人以上,F16 印刷・同関連業,平成18,2006,年平均,435985,484678,284300,357911,395111,242026,316210,41701,78074,89567,42274
30人以上,F16 印刷・同関連業,平成19,2007,年平均,481914,523636,322232,417791,453930,279477,381666,36125,64123,69706,42755
30人以上,F16 印刷・同関連業,平成20,2008,年平均,482397,522743,324277,418994,453980,281883,384049,34945,63403,68763,42394
30人以上,F16 印刷・同関連業,平成20,2008,1月,412673,451126,262769,411930,450269,262468,381752,30178,743,857,301
30人以上,F16 印刷・同関連業,平成20,2008,2月,415136,449533,280505,414513,448868,280046,383097,31416,623,665,459
30人以上,F16 印刷・同関連業,平成20,2008,3月,420786,454508,288708,418724,452163,287754,381638,37086,2062,2345,954
30人以上,F16 印刷・同関連業,平成20,2008,4月,431081,465697,297000,426890,461267,293735,386004,40886,4191,4430,3265
30人以上,F16 印刷・同関連業,平成20,2008,5月,417895,455824,272461,416227,453984,271451,382702,33525,1668,1840,1010
30人以上,F16 印刷・同関連業,平成20,2008,6月,672775,734540,431800,419417,455033,280464,383877,35540,253358,279507,151336
30人以上,F16 印刷・同関連業,平成20,2008,7月,568022,610151,400365,423561,457269,289414,386036,37525,144461,152882,110951
30人以上,F16 印刷・同関連業,平成20,2008,8月,420851,455249,285101,420051,454383,284562,384250,35801,800,866,539
30人以上,F16 印刷・同関連業,平成20,2008,9月,419686,453696,285828,418099,451962,284820,383959,34140,1587,1734,1008
30人以上,F16 印刷・同関連業,平成20,2008,10月,429082,464567,289499,424818,459932,286693,388294,36524,4264,4635,2806
30人以上,F16 印刷・同関連業,平成20,2008,11月,418845,453288,283215,418295,452718,282747,383532,34763,550,570,468
30人以上,F16 印刷・同関連業,平成20,2008,12月,766282,828284,520573,415555,449992,279086,383530,32025,350727,378292,241487
30人以上,F17 化学工業,平成17,2005,年平均,746219,810635,517000,510863,553115,360514,485986,24877,235356,257520,156486
30人以上,F17 化学工業,平成18,2006,年平均,722983,786576,512397,495555,536938,358517,474051,21504,227428,249638,153880
30人以上,F17 化学工業,平成19,2007,年平均,717913,817084,488852,498646,564838,345759,472014,26632,219267,252246,143093
30人以上,F17 化学工業,平成20,2008,年平均,694704,777843,497359,492471,551585,352153,466661,25810,202233,226258,145206
30人以上,F17 化学工業,平成20,2008,1月,508531,578420,347251,499511,567604,342375,478147,21364,9020,10816,4876
30人以上,F17 化学工業,平成20,2008,2月,510177,578134,353145,500785,567231,347245,476178,24607,9392,10903,5900
30人以上,F17 化学工業,平成20,2008,3月,509333,570984,359860,493079,551981,350270,464729,28350,16254,19003,9590
30人以上,F17 化学工業,平成20,2008,4月,613552,680522,452742,494564,551358,358188,465462,29102,118988,129164,94554
30人以上,F17 化学工業,平成20,2008,5月,510905,569357,371571,485010,542142,348824,458215,26795,25895,27215,22747
30人以上,F17 化学工業,平成20,2008,6月,1427525,1606968,998861,492016,548914,356093,469047,22969,935509,1058054,642768
30人以上,F17 化学工業,平成20,2008,7月,599357,669782,431707,486945,544015,351087,461254,25691,112412,125767,80620
30人以上,F17 化学工業,平成20,2008,8月,492212,550245,355034,488001,545612,351821,463099,24902,4211,4633,3213
30人以上,F17 化学工業,平成20,2008,9月,506439,564515,369375,488795,547601,350008,465932,22863,17644,16914,19367
30人以上,F17 化学工業,平成20,2008,10月,604958,671423,447127,493083,551066,355393,464854,28229,111875,120357,91734
30人以上,F17 化学工業,平成20,2008,11月,513509,572607,372124,495077,552236,358332,466459,28618,18432,20371,13792
30人以上,F17 化学工業,平成20,2008,12月,1526199,1700207,1108902,493493,550707,356285,467258,26235,1032706,1149500,752617
30人以上,F18 石油製品・石炭製品製造業,平成17,2005,年平均,736655,794908,348755,476854,511838,243896,461613,15241,259801,283070,104859
30人以上,F18 石油製品・石炭製品製造業,平成18,2006,年平均,747697,814072,411340,513695,557669,290853,499904,13791,234002,256403,120487
30人以上,F18 石油製品・石炭製品製造業,平成19,2007,年平均,521709,544410,379151,354228,367912,268292,334237,19991,167481,176498,110859
30人以上,F18 石油製品・石炭製品製造業,平成20,2008,年平均,633757,669837,462537,438834,461334,332059,416701,22133,194923,208503,130478
30人以上,F18 石油製品・石炭製品製造業,平成20,2008,1月,436853,462130,318725,436853,462130,318725,414237,22616,0,0,0
30人以上,F18 石油製品・石炭製品製造業,平成20,2008,2月,438600,463247,322104,438600,463247,322104,413029,25571,0,0,0
30人以上,F18 石油製品・石炭製品製造業,平成20,2008,3月,585831,622913,408201,455792,480763,336177,429511,26281,130039,142150,72024
30人以上,F18 石油製品・石炭製品製造業,平成20,2008,4月,452205,476763,332078,452205,476763,332078,424203,28002,0,0,0
30人以上,F18 石油製品・石炭製品製造業,平成20,2008,5月,474856,497312,365520,464431,486649,356250,439893,24538,10425,10663,9270
30人以上,F18 石油製品・石炭製品製造業,平成20,2008,6月,1308885,1391804,905199,431658,457014,308214,415089,16569,877227,934790,596985
30人以上,F18 石油製品・石炭製品製造業,平成20,2008,7月,631607,673131,423827,448276,472733,325900,427523,20753,183331,200398,97927
30人以上,F18 石油製品・石炭製品製造業,平成20,2008,8月,422497,439024,342637,422497,439024,342637,398028,24469,0,0,0
30人以上,F18 石油製品・石炭製品製造業,平成20,2008,9月,437301,454991,355329,437301,454991,355329,419055,18246,0,0,0
30人以上,F18 石油製品・石炭製品製造業,平成20,2008,10月,421924,442820,325821,421924,442820,325821,402171,19753,0,0,0
30人以上,F18 石油製品・石炭製品製造業,平成20,2008,11月,448185,470235,347928,436499,457921,339097,413468,23031,11686,12314,8831
30人以上,F18 石油製品・石炭製品製造業,平成20,2008,12月,1489490,1585295,1055325,420461,441964,323015,404063,16398,1069029,1143331,732310
30人以上,F19 プラスチック製品製造業,平成17,2005,年平均,456083,480262,328169,393327,414894,279232,369377,23950,62756,65368,48937
30人以上,F19 プラスチック製品製造業,平成18,2006,年平均,613940,651110,393761,414657,435532,291003,399415,15242,199283,215578,102758
30人以上,F19 プラスチック製品製造業,平成19,2007,年平均,472556,544759,276185,362112,415984,215597,344519,17593,110444,128775,60588
30人以上,F19 プラスチック製品製造業,平成20,2008,年平均,477225,546721,296145,366810,419431,229700,349175,17635,110415,127290,66445
30人以上,F19 プラスチック製品製造業,平成20,2008,1月,355832,410477,209068,355832,410477,209068,344515,11317,0,0,0
30人以上,F19 プラスチック製品製造業,平成20,2008,2月,374860,428430,230135,374009,427264,230135,357784,16225,851,1166,0
30人以上,F19 プラスチック製品製造業,平成20,2008,3月,376730,430982,229710,364271,417634,219660,347571,16700,12459,13348,10050
30人以上,F19 プラスチック製品製造業,平成20,2008,4月,373571,426588,237472,371200,423702,236424,350646,20554,2371,2886,1048
30人以上,F19 プラスチック製品製造業,平成20,2008,5月,365422,421140,227975,364064,419838,226479,344657,19407,1358,1302,1496
30人以上,F19 プラスチック製品製造業,平成20,2008,6月,939051,1101883,524472,372446,426529,234747,353145,19301,566605,675354,289725
30人以上,F19 プラスチック製品製造業,平成20,2008,7月,429784,482008,294257,368007,419320,234845,346830,21177,61777,62688,59412
30人以上,F19 プラスチック製品製造業,平成20,2008,8月,378521,432651,238075,376801,430267,238075,360587,16214,1720,2384,0
30人以上,F19 プラスチック製品製造業,平成20,2008,9月,375434,426304,242283,363715,413741,232774,344598,19117,11719,12563,9509
30人以上,F19 プラスチック製品製造業,平成20,2008,10月,374357,425534,240846,367234,418069,234615,348347,18887,7123,7465,6231
30人以上,F19 プラスチック製品製造業,平成20,2008,11月,521082,613107,281832,363454,414303,231256,347180,16274,157628,198804,50576
30人以上,F19 プラスチック製品製造業,平成20,2008,12月,855944,959260,587582,360483,411933,226843,344284,16199,495461,547327,360739
30人以上,F20 ゴム製品製造業,平成17,2005,年平均,524052,551021,349186,367146,384577,254123,345329,21817,156906,166444,95063
30人以上,F20 ゴム製品製造業,平成18,2006,年平均,535315,564714,352800,379391,398165,262841,356280,23111,155924,166549,89959
30人以上,F20 ゴム製品製造業,平成19,2007,年平均,551790,572781,391204,392276,405306,292593,369013,23263,159514,167475,98611
30人以上,F20 ゴム製品製造業,平成20,2008,年平均,537696,558506,385795,392553,405532,297811,366427,26126,145143,152974,87984
30人以上,F20 ゴム製品製造業,平成20,2008,1月,407907,420229,316197,398189,411301,300600,372200,25989,9718,8928,15597
30人以上,F20 ゴム製品製造業,平成20,2008,2月,389942,403773,286372,387094,400703,285186,376041,11053,2848,3070,1186
30人以上,F20 ゴム製品製造業,平成20,2008,3月,391369,404719,290785,389034,402373,288538,360633,28401,2335,2346,2247
30人以上,F20 ゴム製品製造業,平成20,2008,4月,410011,423734,307615,407211,420867,305312,378497,28714,2800,2867,2303
30人以上,F20 ゴム製品製造業,平成20,2008,5月,392258,405481,293738,390136,403203,292782,363209,26927,2122,2278,956
30人以上,F20 ゴム製品製造業,平成20,2008,6月,1309567,1369459,864488,388327,401164,292930,360703,27624,921240,968295,571558
30人以上,F20 ゴム製品製造業,平成20,2008,7月,423697,435812,334483,398659,410736,309723,370652,28007,25038,25076,24760
30人以上,F20 ゴム製品製造業,平成20,2008,8月,396335,409982,296582,393285,406795,294532,365266,28019,3050,3187,2050
30人以上,F20 ゴム製品製造業,平成20,2008,9月,423561,437258,323703,387989,398970,307936,359930,28059,35572,38288,15767
30人以上,F20 ゴム製品製造業,平成20,2008,10月,399879,412634,309260,397226,409806,307849,368554,28672,2653,2828,1411
30人以上,F20 ゴム製品製造業,平成20,2008,11月,391237,404906,296555,389326,402815,295888,362387,26939,1911,2091,667
30人以上,F20 ゴム製品製造業,平成20,2008,12月,1088336,1147261,681948,384507,397970,291657,359879,24628,703829,749291,390291
30人以上,F21 なめし革・同製品・毛皮製造業,平成17,2005,年平均,284694,383637,186085,253833,342785,165182,249469,4364,30861,40852,20903
30人以上,F21 なめし革・同製品・毛皮製造業,平成18,2006,年平均,278703,384203,183546,249640,345152,163492,245111,4529,29063,39051,20054
30人以上,F21 なめし革・同製品・毛皮製造業,平成19,2007,年平均,328034,392199,230373,289693,341233,211246,284252,5441,38341,50966,19127
30人以上,F21 なめし革・同製品・毛皮製造業,平成20,2008,年平均,316413,379837,221670,281243,332875,204115,276575,4668,35170,46962,17555
30人以上,F21 なめし革・同製品・毛皮製造業,平成20,2008,1月,276206,334945,190229,275938,334494,190229,270404,5534,268,451,0
30人以上,F21 なめし革・同製品・毛皮製造業,平成20,2008,2月,284889,336510,209192,284438,335933,208925,277781,6657,451,577,267
30人以上,F21 なめし革・同製品・毛皮製造業,平成20,2008,3月,279963,332698,203605,278553,330997,202617,274997,3556,1410,1701,988
30人以上,F21 なめし革・同製品・毛皮製造業,平成20,2008,4月,284493,337382,208993,284493,337382,208993,280303,4190,0,0,0
30人以上,F21 なめし革・同製品・毛皮製造業,平成20,2008,5月,275338,332872,191919,275338,332872,191919,271670,3668,0,0,0
30人以上,F21 なめし革・同製品・毛皮製造業,平成20,2008,6月,385619,474811,253736,284121,334729,209290,279404,4717,101498,140082,44446
30人以上,F21 なめし革・同製品・毛皮製造業,平成20,2008,7月,381905,459952,267486,281461,328079,213117,276328,5133,100444,131873,54369
30人以上,F21 なめし革・同製品・毛皮製造業,平成20,2008,8月,281969,328888,212264,281686,328414,212264,277819,3867,283,474,0
30人以上,F21 なめし革・同製品・毛皮製造業,平成20,2008,9月,282132,331615,206371,280387,329431,205300,276209,4178,1745,2184,1071
30人以上,F21 なめし革・同製品・毛皮製造業,平成20,2008,10月,285294,338129,202725,284593,336979,202725,280002,4591,701,1150,0
30人以上,F21 なめし革・同製品・毛皮製造業,平成20,2008,11月,284038,333041,206810,283331,331885,206810,277806,5525,707,1156,0
30人以上,F21 なめし革・同製品・毛皮製造業,平成20,2008,12月,495674,613258,309696,280539,333444,196861,276110,4429,215135,279814,112835
30人以上,F22 窯業・土石製品製造業,平成17,2005,年平均,469842,543552,291628,355286,406572,231288,336411,18875,114556,136980,60340
30人以上,F22 窯業・土石製品製造業,平成18,2006,年平均,467095,541085,294750,351851,404207,229896,333907,17944,115244,136878,64854
30人以上,F22 窯業・土石製品製造業,平成19,2007,年平均,621503,674911,391642,487599,532074,296185,465393,22206,133904,142837,95457
30人以上,F22 窯業・土石製品製造業,平成20,2008,年平均,632995,694428,397049,492503,543738,295725,470752,21751,140492,150690,101324
30人以上,F22 窯業・土石製品製造業,平成20,2008,1月,481584,524152,302096,481584,524152,302096,462503,19081,0,0,0
30人以上,F22 窯業・土石製品製造業,平成20,2008,2月,493456,539383,301380,493456,539383,301380,469937,23519,0,0,0
30人以上,F22 窯業・土石製品製造業,平成20,2008,3月,491270,539582,292983,491270,539582,292983,467735,23535,0,0,0
30人以上,F22 窯業・土石製品製造業,平成20,2008,4月,509448,556314,323780,509448,556314,323780,485649,23799,0,0,0
30人以上,F22 窯業・土石製品製造業,平成20,2008,5月,489348,539125,297282,488746,538475,296864,467434,21312,602,650,418
30人以上,F22 窯業・土石製品製造業,平成20,2008,6月,890533,971603,580871,486566,537805,290850,464851,21715,403967,433798,290021
30人以上,F22 窯業・土石製品製造業,平成20,2008,7月,929530,1020888,583694,490971,544008,290199,469287,21684,438559,476880,293495
30人以上,F22 窯業・土石製品製造業,平成20,2008,8月,498907,552462,300028,498907,552462,300028,479984,18923,0,0,0
30人以上,F22 窯業・土石製品製造業,平成20,2008,9月,487451,543725,280878,487451,543725,280878,468116,19335,0,0,0
30人以上,F22 窯業・土石製品製造業,平成20,2008,10月,507278,563215,303371,507278,563215,303371,483224,24054,0,0,0
30人以上,F22 窯業・土石製品製造業,平成20,2008,11月,589178,667740,304208,490142,547983,280333,467590,22552,99036,119757,23875
30人以上,F22 窯業・土石製品製造業,平成20,2008,12月,1213948,1313106,854692,484316,538243,288935,462787,21529,729632,774863,565757
30人以上,F23 鉄鋼業,平成17,2005,年平均,808114,878942,453834,490217,527274,304857,473797,16420,317897,351668,148977
30人以上,F23 鉄鋼業,平成18,2006,年平均,807336,883786,455681,489811,530146,304279,472857,16954,317525,353640,151402
30人以上,F23 鉄鋼業,平成19,2007,年平均,1246668,1422923,597135,493486,535617,338226,473822,19664,753182,887306,258909
30人以上,F23 鉄鋼業,平成20,2008,年平均,883565,992592,485248,499297,540418,349067,481064,18233,384268,452174,136181
30人以上,F23 鉄鋼業,平成20,2008,1月,498537,539936,346378,495171,536446,343468,475610,19561,3366,3490,2910
30人以上,F23 鉄鋼業,平成20,2008,2月,507577,550367,350213,504029,546041,349526,484626,19403,3548,4326,687
30人以上,F23 鉄鋼業,平成20,2008,3月,506122,551121,341001,497968,541449,338418,477087,20881,8154,9672,2583
30人以上,F23 鉄鋼業,平成20,2008,4月,505857,544007,364035,496533,535688,350973,476676,19857,9324,8319,13062
30人以上,F23 鉄鋼業,平成20,2008,5月,487644,526933,343431,483922,522465,342447,466642,17280,3722,4468,984
30人以上,F23 鉄鋼業,平成20,2008,6月,4237546,4971325,1611851,497575,540410,344295,480529,17046,3739971,4430915,1267556
30人以上,F23 鉄鋼業,平成20,2008,7月,515011,556545,366255,508539,549415,362140,487439,21100,6472,7130,4115
30人以上,F23 鉄鋼業,平成20,2008,8月,504659,546020,355316,500658,541318,353847,483305,17353,4001,4702,1469
30人以上,F23 鉄鋼業,平成20,2008,9月,515084,557727,359358,506523,547759,355936,488613,17910,8561,9968,3422
30人以上,F23 鉄鋼業,平成20,2008,10月,513413,551499,373670,505111,544434,360826,485507,19604,8302,7065,12844
30人以上,F23 鉄鋼業,平成20,2008,11月,506256,549128,348672,502265,544399,347392,486559,15706,3991,4729,1280
30人以上,F23 鉄鋼業,平成20,2008,12月,1320393,1503973,647763,494026,536199,339505,480923,13103,826367,967774,308258
30人以上,F24 非鉄金属製造業,平成17,2005,年平均,598700,659661,339626,441182,483610,260872,418239,22943,157518,176051,78754
30人以上,F24 非鉄金属製造業,平成18,2006,年平均,632201,688597,366359,439336,474974,271344,416683,22653,192865,213623,95015
30人以上,F24 非鉄金属製造業,平成19,2007,年平均,670935,778420,330079,463050,530324,249710,441596,21454,207885,248096,80369
30人以上,F24 非鉄金属製造業,平成20,2008,年平均,659004,764922,340498,460593,532670,243850,441076,19517,198411,232252,96648
30人以上,F24 非鉄金属製造業,平成20,2008,1月,468537,540586,243480,467381,539449,242264,451956,15425,1156,1137,1216
30人以上,F24 非鉄金属製造業,平成20,2008,2月,465197,532923,253070,462454,530433,249534,439850,22604,2743,2490,3536
30人以上,F24 非鉄金属製造業,平成20,2008,3月,481727,551302,265263,456400,525267,242140,435614,20786,25327,26035,23123
30人以上,F24 非鉄金属製造業,平成20,2008,4月,461518,530867,248576,460955,530374,247797,439377,21578,563,493,779
30人以上,F24 非鉄金属製造業,平成20,2008,5月,460181,530019,246601,457244,526954,244055,438800,18444,2937,3065,2546
30人以上,F24 非鉄金属製造業,平成20,2008,6月,1483671,1737460,710883,469715,541373,251515,448441,21274,1013956,1196087,459368
30人以上,F24 非鉄金属製造業,平成20,2008,7月,585887,677254,313766,461728,533096,249171,439281,22447,124159,144158,64595
30人以上,F24 非鉄金属製造業,平成20,2008,8月,470101,542487,258351,457132,531461,239700,440110,17022,12969,11026,18651
30人以上,F24 非鉄金属製造業,平成20,2008,9月,479461,554202,261050,453545,527429,237637,435520,18025,25916,26773,23413
30人以上,F24 非鉄金属製造業,平成20,2008,10月,462215,537430,243261,461257,536925,240986,442189,19068,958,505,2275
30人以上,F24 非鉄金属製造業,平成20,2008,11月,708343,843710,314229,457472,531838,240959,437978,19494,250871,311872,73270
30人以上,F24 非鉄金属製造業,平成20,2008,12月,1356700,1578496,708365,461817,537390,240908,443819,17998,894883,1041106,467457
30人以上,F25 金属製品製造業,平成17,2005,年平均,435814,502810,275394,348649,402571,219535,310466,38183,87165,100239,55859
30人以上,F25 金属製品製造業,平成18,2006,年平均,391639,447713,242232,327022,375911,196759,283801,43221,64617,71802,45473
30人以上,F25 金属製品製造業,平成19,2007,年平均,393937,452326,221067,330922,378403,190348,319359,11563,63015,73923,30719
30人以上,F25 金属製品製造業,平成20,2008,年平均,448156,497084,251558,370462,408468,217752,354780,15682,77694,88616,33806
30人以上,F25 金属製品製造業,平成20,2008,1月,372763,416486,194587,371027,414542,193702,357709,13318,1736,1944,885
30人以上,F25 金属製品製造業,平成20,2008,2月,380841,422205,211632,380452,421789,211354,361845,18607,389,416,278
30人以上,F25 金属製品製造業,平成20,2008,3月,381405,422855,210697,380665,422077,210116,362530,18135,740,778,581
30人以上,F25 金属製品製造業,平成20,2008,4月,384948,424665,225285,382809,422533,223117,364319,18490,2139,2132,2168
30人以上,F25 金属製品製造業,平成20,2008,5月,371354,413615,206295,370852,413098,205853,356237,14615,502,517,442
30人以上,F25 金属製品製造業,平成20,2008,6月,581618,663819,263067,367858,408301,211131,350824,17034,213760,255518,51936
30人以上,F25 金属製品製造業,平成20,2008,7月,578235,624865,395061,394840,414503,317601,377482,17358,183395,210362,77460
30人以上,F25 金属製品製造業,平成20,2008,8月,371244,413258,203423,370830,412807,203158,357462,13368,414,451,265
30人以上,F25 金属製品製造業,平成20,2008,9月,361198,399034,210025,360468,398273,209419,344520,15948,730,761,606
30人以上,F25 金属製品製造業,平成20,2008,10月,361054,397589,213118,359399,396006,211173,343519,15880,1655,1583,1945
30人以上,F25 金属製品製造業,平成20,2008,11月,539244,608704,254828,355106,390960,208294,340965,14141,184138,217744,46534
30人以上,F25 金属製品製造業,平成20,2008,12月,695040,759544,431036,350622,386079,205503,339433,11189,344418,373465,225533
30人以上,F26 一般機械器具製造業,平成17,2005,年平均,574893,610480,368134,433643,459906,281055,392115,41528,141250,150574,87079
30人以上,F26 一般機械器具製造業,平成18,2006,年平均,588468,625516,380179,436246,463626,282310,391891,44355,152222,161890,97869
30人以上,F26 一般機械器具製造業,平成19,2007,年平均,622695,686182,340544,430403,471647,247104,400708,29695,192292,214535,93440
30人以上,F26 一般機械器具製造業,平成20,2008,年平均,618645,678495,354853,426398,465813,252672,395670,30728,192247,212682,102181
30人以上,F26 一般機械器具製造業,平成20,2008,1月,418968,458862,241018,418833,458722,240908,388717,30116,135,140,110
30人以上,F26 一般機械器具製造業,平成20,2008,2月,424518,463380,250410,424432,463275,250410,395197,29235,86,105,0
30人以上,F26 一般機械器具製造業,平成20,2008,3月,445282,485849,262755,442330,482550,261368,408051,34279,2952,3299,1387
30人以上,F26 一般機械器具製造業,平成20,2008,4月,420528,458836,248470,420505,458808,248470,390397,30108,23,28,0
30人以上,F26 一般機械器具製造業,平成20,2008,5月,409889,447493,242583,409827,447417,242583,378658,31169,62,76,0
30人以上,F26 一般機械器具製造業,平成20,2008,6月,1402013,1545250,767043,437117,476427,262857,406746,30371,964896,1068823,504186
30人以上,F26 一般機械器具製造業,平成20,2008,7月,606434,666612,341952,424165,462071,257568,391621,32544,182269,204541,84384
30人以上,F26 一般機械器具製造業,平成20,2008,8月,428250,469144,252011,428112,468979,251991,398614,29498,138,165,20
30人以上,F26 一般機械器具製造業,平成20,2008,9月,434410,475672,256908,431358,472252,255439,399442,31916,3052,3420,1469
30人以上,F26 一般機械器具製造業,平成20,2008,10月,425260,464190,255710,424858,463747,255486,391620,33238,402,443,224
30人以上,F26 一般機械器具製造業,平成20,2008,11月,429774,469832,254988,420561,459741,249605,389790,30771,9213,10091,5383
30人以上,F26 一般機械器具製造業,平成20,2008,12月,1539659,1694875,861113,434903,476076,254909,409342,25561,1104756,1218799,606204
30人以上,F27 電気機械器具製造業,平成17,2005,年平均,568116,620063,340614,432901,471021,265956,400758,32143,135215,149042,74658
30人以上,F27 電気機械器具製造業,平成18,2006,年平均,598662,639539,384214,449646,479814,291380,416937,32709,149016,159725,92834
30人以上,F27 電気機械器具製造業,平成19,2007,年平均,618439,659462,389910,444007,472121,287389,412104,31903,174432,187341,102521
30人以上,F27 電気機械器具製造業,平成20,2008,年平均,606556,648155,386447,441026,470310,286079,410029,30997,165530,177845,100368
30人以上,F27 電気機械器具製造業,平成20,2008,1月,460610,489569,305561,439613,470131,276216,411617,27996,20997,19438,29345
30人以上,F27 電気機械器具製造業,平成20,2008,2月,445938,476254,283461,440448,469915,282523,410891,29557,5490,6339,938
30人以上,F27 電気機械器具製造業,平成20,2008,3月,449477,479064,290349,438905,468419,280172,407490,31415,10572,10645,10177
30人以上,F27 電気機械器具製造業,平成20,2008,4月,445499,473736,293905,442576,470666,291772,413850,28726,2923,3070,2133
30人以上,F27 電気機械器具製造業,平成20,2008,5月,521716,553809,350879,442348,471302,288221,409545,32803,79368,82507,62658
30人以上,F27 電気機械器具製造業,平成20,2008,6月,967758,1043751,567146,445933,475564,289727,412489,33444,521825,568187,277419
30人以上,F27 電気機械器具製造業,平成20,2008,7月,811616,865527,528149,444397,474093,288253,410734,33663,367219,391434,239896
30人以上,F27 電気機械器具製造業,平成20,2008,8月,447955,478192,289483,442699,472145,288371,410339,32360,5256,6047,1112
30人以上,F27 電気機械器具製造業,平成20,2008,9月,438778,468116,286079,436232,465408,284377,408604,27628,2546,2708,1702
30人以上,F27 電気機械器具製造業,平成20,2008,10月,438608,467413,288307,436827,465569,286855,407039,29788,1781,1844,1452
30人以上,F27 電気機械器具製造業,平成20,2008,11月,571633,605197,395129,442879,472170,288845,409889,32990,128754,133027,106284
30人以上,F27 電気機械器具製造業,平成20,2008,12月,1267327,1365831,748193,439336,468230,287058,407872,31464,827991,897601,461135
30人以上,F28 情報通信機械器具製造業,平成17,2005,年平均,565170,591660,406145,405994,424104,297278,357965,48029,159176,167556,108867
30人以上,F28 情報通信機械器具製造業,平成18,2006,年平均,580342,606283,418576,402338,418596,300957,354245,48093,178004,187687,117619
30人以上,F28 情報通信機械器具製造業,平成19,2007,年平均,617914,649777,450274,442037,463029,331595,400530,41507,175877,186748,118679
30人以上,F28 情報通信機械器具製造業,平成20,2008,年平均,626685,661764,449359,448423,471596,331282,410706,37717,178262,190168,118077
30人以上,F28 情報通信機械器具製造業,平成20,2008,1月,446508,468811,330435,444838,466951,329755,407967,36871,1670,1860,680
30人以上,F28 情報通信機械器具製造業,平成20,2008,2月,450365,472530,334937,446530,468324,333036,406748,39782,3835,4206,1901
30人以上,F28 情報通信機械器具製造業,平成20,2008,3月,450890,474095,330876,443657,466041,327894,399774,43883,7233,8054,2982
30人以上,F28 情報通信機械器具製造業,平成20,2008,4月,464453,485281,358582,451114,473469,337481,411737,39377,13339,11812,21101
30人以上,F28 情報通信機械器具製造業,平成20,2008,5月,453896,477110,337412,447647,470393,333508,411343,36304,6249,6717,3904
30人以上,F28 情報通信機械器具製造業,平成20,2008,6月,1567252,1673023,1036819,456551,479884,339539,420256,36295,1110701,1193139,697280
30人以上,F28 情報通信機械器具製造業,平成20,2008,7月,540073,568285,399122,456303,480511,335357,417985,38318,83770,87774,63765
30人以上,F28 情報通信機械器具製造業,平成20,2008,8月,453780,476998,337015,446456,469642,329856,408804,37652,7324,7356,7159
30人以上,F28 情報通信機械器具製造業,平成20,2008,9月,453858,478120,332029,447881,471411,329731,417526,30355,5977,6709,2298
30人以上,F28 情報通信機械器具製造業,平成20,2008,10月,451019,475032,331085,448752,472664,329321,410256,38496,2267,2368,1764
30人以上,F28 情報通信機械器具製造業,平成20,2008,11月,458004,481653,340260,445894,470278,324487,405845,40049,12110,11375,15773
30人以上,F28 情報通信機械器具製造業,平成20,2008,12月,1322213,1406259,904853,445086,469199,325344,409611,35475,877127,937060,579509
30人以上,F29 電子部品・デバイス製造業,平成17,2005,年平均,518430,572006,305590,398500,438508,239562,362938,35562,119930,133498,66028
30人以上,F29 電子部品・デバイス製造業,平成18,2006,年平均,544436,607560,313795,406780,452350,240277,372555,34225,137656,155210,73518
30人以上,F29 電子部品・デバイス製造業,平成19,2007,年平均,593156,665843,336717,439081,489973,259535,411501,27580,154075,175870,77182
30人以上,F29 電子部品・デバイス製造業,平成20,2008,年平均,597606,675753,329666,429121,481877,248238,401209,27912,168485,193876,81428
30人以上,F29 電子部品・デバイス製造業,平成20,2008,1月,424973,477116,244007,422001,473679,242648,397795,24206,2972,3437,1359
30人以上,F29 電子部品・デバイス製造業,平成20,2008,2月,441389,496627,249907,434374,488539,246613,405497,28877,7015,8088,3294
30人以上,F29 電子部品・デバイス製造業,平成20,2008,3月,473988,532683,264825,444587,498996,250697,408394,36193,29401,33687,14128
30人以上,F29 電子部品・デバイス製造業,平成20,2008,4月,435045,485931,255800,428977,478929,253019,398563,30414,6068,7002,2781
30人以上,F29 電子部品・デバイス製造業,平成20,2008,5月,464343,522270,265568,426240,476443,253969,399198,27042,38103,45827,11599
30人以上,F29 電子部品・デバイス製造業,平成20,2008,6月,1155631,1345018,508544,428332,480186,251159,400946,27386,727299,864832,257385
30人以上,F29 電子部品・デバイス製造業,平成20,2008,7月,693798,751709,496743,430256,482335,253044,402231,28025,263542,269374,243699
30人以上,F29 電子部品・デバイス製造業,平成20,2008,8月,432727,484277,257796,427560,478370,255137,400507,27053,5167,5907,2659
30人以上,F29 電子部品・デバイス製造業,平成20,2008,9月,438024,492974,251180,431099,484898,248168,404143,26956,6925,8076,3012
30人以上,F29 電子部品・デバイス製造業,平成20,2008,10月,431515,485033,251300,425237,477812,248197,397509,27728,6278,7221,3103
30人以上,F29 電子部品・デバイス製造業,平成20,2008,11月,515371,589129,269489,422687,475471,246724,395706,26981,92684,113658,22765
30人以上,F29 電子部品・デバイス製造業,平成20,2008,12月,1277951,1466498,641105,427822,486472,229724,403906,23916,850129,980026,411381
30人以上,F30 輸送用機械器具製造業,平成17,2005,年平均,588126,625853,403084,436467,464355,299683,394256,42211,151659,161498,103401
30人以上,F30 輸送用機械器具製造業,平成18,2006,年平均,584270,617789,411348,439931,465753,306716,398782,41149,144339,152036,104632
30人以上,F30 輸送用機械器具製造業,平成19,2007,年平均,544008,560497,381607,437745,451929,298049,395857,41888,106263,108568,83558
30人以上,F30 輸送用機械器具製造業,平成20,2008,年平均,577513,596525,407394,435390,450671,298659,398089,37301,142123,145854,108735
30人以上,F30 輸送用機械器具製造業,平成20,2008,1月,434422,447901,302935,432343,445861,300472,393407,38936,2079,2040,2463
30人以上,F30 輸送用機械器具製造業,平成20,2008,2月,443497,458060,302254,442108,456837,299249,398810,43298,1389,1223,3005
30人以上,F30 輸送用機械器具製造業,平成20,2008,3月,446880,460637,315017,442245,455753,312769,400980,41265,4635,4884,2248
30人以上,F30 輸送用機械器具製造業,平成20,2008,4月,439587,453539,312133,436748,450867,307767,398438,38310,2839,2672,4366
30人以上,F30 輸送用機械器具製造業,平成20,2008,5月,441648,457460,301918,440557,456477,299873,400347,40210,1091,983,2045
30人以上,F30 輸送用機械器具製造業,平成20,2008,6月,1025090,1056674,746243,443173,458663,306413,402720,40453,581917,598011,439830
30人以上,F30 輸送用機械器具製造業,平成20,2008,7月,743052,770196,504108,449365,465471,307586,408831,40534,293687,304725,196522
30人以上,F30 輸送用機械器具製造業,平成20,2008,8月,434042,449857,294169,432990,448842,292786,399797,33193,1052,1015,1383
30人以上,F30 輸送用機械器具製造業,平成20,2008,9月,427891,443855,288187,423247,438931,285993,386909,36338,4644,4924,2194
30人以上,F30 輸送用機械器具製造業,平成20,2008,10月,443565,460321,300546,441311,458091,298087,393891,47420,2254,2230,2459
30人以上,F30 輸送用機械器具製造業,平成20,2008,11月,425824,441407,294139,424105,439686,292440,397693,26412,1719,1721,1699
30人以上,F30 輸送用機械器具製造業,平成20,2008,12月,1244196,1284879,902534,415938,431761,283052,394953,20985,828258,853118,619482
30人以上,F31 精密機械器具製造業,平成17,2005,年平均,484068,545754,254521,372249,418214,201204,341175,31074,111819,127540,53317
30人以上,F31 精密機械器具製造業,平成18,2006,年平均,457251,511617,255310,346812,386010,201211,313984,32828,110439,125607,54099
30人以上,F31 精密機械器具製造業,平成19,2007,年平均,519220,549893,345120,404246,426142,279966,366131,38115,114974,123751,65154
30人以上,F31 精密機械器具製造業,平成20,2008,年平均,528189,557248,364392,399556,420181,283301,364556,35000,128633,137067,81091
30人以上,F31 精密機械器具製造業,平成20,2008,1月,399921,421869,278370,398061,420094,276035,360366,37695,1860,1775,2335
30人以上,F31 精密機械器具製造業,平成20,2008,2月,404410,425486,287011,404410,425486,287011,368831,35579,0,0,0
30人以上,F31 精密機械器具製造業,平成20,2008,3月,400471,421485,281643,398924,419975,279884,359202,39722,1547,1510,1759
30人以上,F31 精密機械器具製造業,平成20,2008,4月,422878,444557,300963,412979,434435,292317,372749,40230,9899,10122,8646
30人以上,F31 精密機械器具製造業,平成20,2008,5月,399464,420194,283335,398453,419275,281807,363735,34718,1011,919,1528
30人以上,F31 精密機械器具製造業,平成20,2008,6月,664697,708401,418911,396770,416959,283229,362716,34054,267927,291442,135682
30人以上,F31 精密機械器具製造業,平成20,2008,7月,936822,992218,624596,400123,420489,285331,362676,37447,536699,571729,339265
30人以上,F31 精密機械器具製造業,平成20,2008,8月,395800,416171,280553,395800,416171,280553,361812,33988,0,0,0
30人以上,F31 精密機械器具製造業,平成20,2008,9月,397418,416942,286805,395838,415424,284875,365917,29921,1580,1518,1930
30人以上,F31 精密機械器具製造業,平成20,2008,10月,412845,433721,294440,404074,424573,287807,370320,33754,8771,9148,6633
30人以上,F31 精密機械器具製造業,平成20,2008,11月,398643,418827,283849,397798,418066,282527,364673,33125,845,761,1322
30人以上,F31 精密機械器具製造業,平成20,2008,12月,1096342,1156658,751829,391690,411555,278224,361701,29989,704652,745103,473605
30人以上,F32 その他の製造業,平成17,2005,年平均,526824,598559,347854,416008,474614,269795,394792,21216,110816,123945,78059
30人以上,F32 その他の製造業,平成18,2006,年平均,532461,601318,353880,421797,477231,278029,397298,24499,110664,124087,75851
30人以上,F32 その他の製造業,平成19,2007,年平均,506268,589230,310557,384556,441825,249457,370585,13971,121712,147405,61100
30人以上,F32 その他の製造業,平成20,2008,年平均,524337,608037,318223,395287,453035,253080,377414,17873,129050,155002,65143
30人以上,F32 その他の製造業,平成20,2008,1月,387219,447623,240336,381476,441249,236128,363651,17825,5743,6374,4208
30人以上,F32 その他の製造業,平成20,2008,2月,401011,453894,258982,400459,453259,258651,389016,11443,552,635,331
30人以上,F32 その他の製造業,平成20,2008,3月,396792,458580,245513,396085,457720,245183,379870,16215,707,860,330
30人以上,F32 その他の製造業,平成20,2008,4月,405962,464579,263833,398307,455859,258761,378738,19569,7655,8720,5072
30人以上,F32 その他の製造業,平成20,2008,5月,398167,457130,255392,396323,454936,254395,377910,18413,1844,2194,997
30人以上,F32 その他の製造業,平成20,2008,6月,985573,1139576,609259,391843,447861,254960,375332,16511,593730,691715,354299
30人以上,F32 その他の製造業,平成20,2008,7月,712024,846766,380556,397914,454813,257942,380617,17297,314110,391953,122614
30人以上,F32 その他の製造業,平成20,2008,8月,391871,447267,253593,391320,446639,253233,375200,16120,551,628,360
30人以上,F32 その他の製造業,平成20,2008,9月,408567,467674,261954,405280,464052,259495,389988,15292,3287,3622,2459
30人以上,F32 その他の製造業,平成20,2008,10月,397096,453922,258325,394457,451475,255217,376455,18002,2639,2447,3108
30人以上,F32 その他の製造業,平成20,2008,11月,397187,454447,258506,395237,452064,257605,363435,31802,1950,2383,901
30人以上,F32 その他の製造業,平成20,2008,12月,1005081,1204606,523568,394577,456403,245374,378627,15950,610504,748203,278194
30人以上,J-1 卸売業,平成17,2005,年平均,618104,701780,391918,450061,506093,298601,432269,17792,168043,195687,93317
30人以上,J-1 卸売業,平成18,2006,年平均,639298,719255,412939,458851,511429,310002,437598,21253,180447,207826,102937
30人以上,J-1 卸売業,平成19,2007,年平均,591652,669440,365626,428177,478461,282067,406609,21568,163475,190979,83559
30人以上,J-1 卸売業,平成20,2008,年平均,594514,661262,385041,430577,475006,291146,408540,22037,163937,186256,93895
30人以上,J-1 卸売業,平成20,2008,1月,461938,510485,302823,424401,469153,277724,404534,19867,37537,41332,25099
30人以上,J-1 卸売業,平成20,2008,2月,447603,496534,293498,430939,476633,287029,408471,22468,16664,19901,6469
30人以上,J-1 卸売業,平成20,2008,3月,454533,501157,306419,430489,475783,286600,407147,23342,24044,25374,19819
30人以上,J-1 卸売業,平成20,2008,4月,492947,551727,315546,437409,484309,295861,413456,23953,55538,67418,19685
30人以上,J-1 卸売業,平成20,2008,5月,467951,519420,307864,433440,480551,286909,411505,21935,34511,38869,20955
30人以上,J-1 卸売業,平成20,2008,6月,1210707,1382958,687576,425014,471024,285282,404172,20842,785693,911934,402294
30人以上,J-1 卸売業,平成20,2008,7月,587191,656640,375292,431102,478165,287506,408186,22916,156089,178475,87786
30人以上,J-1 卸売業,平成20,2008,8月,485540,531356,336764,435334,475655,304401,413131,22203,50206,55701,32363
30人以上,J-1 卸売業,平成20,2008,9月,442399,487196,304335,425942,470088,289883,405930,20012,16457,17108,14452
30人以上,J-1 卸売業,平成20,2008,10月,440778,482899,306421,427258,467626,298491,404018,23240,13520,15273,7930
30人以上,J-1 卸売業,平成20,2008,11月,512791,564359,347283,437366,480163,300010,414596,22770,75425,84196,47273
30人以上,J-1 卸売業,平成20,2008,12月,1124473,1252498,723558,428246,471041,294233,407313,20933,696227,781457,429325
30人以上,J-2 小売業,平成17,2005,年平均,264718,401148,172062,216814,318022,148079,203943,12871,47904,83126,23983
30人以上,J-2 小売業,平成18,2006,年平均,278667,401884,192665,230337,323753,165135,217137,13200,48330,78131,27530
30人以上,J-2 小売業,平成19,2007,年平均,274762,406430,187139,229342,325892,165089,217212,12130,45420,80538,22050
30人以上,J-2 小売業,平成20,2008,年平均,373636,559545,222117,292409,425373,184041,280711,11698,81227,134172,38076
30人以上,J-2 小売業,平成20,2008,1月,278104,406672,178176,276041,403224,177190,263299,12742,2063,3448,986
30人以上,J-2 小売業,平成20,2008,2月,284230,420763,177037,281202,415932,175425,269760,11442,3028,4831,1612
30人以上,J-2 小売業,平成20,2008,3月,418253,652303,231075,287565,423416,178921,275807,11758,130688,228887,52154
30人以上,J-2 小売業,平成20,2008,4月,289879,422847,185304,284600,414719,182265,273398,11202,5279,8128,3039
30人以上,J-2 小売業,平成20,2008,5月,304599,451247,184555,300838,445574,182358,289348,11490,3761,5673,2197
30人以上,J-2 小売業,平成20,2008,6月,383281,552259,246835,289928,421722,183508,279117,10811,93353,130537,63327
30人以上,J-2 小売業,平成20,2008,7月,437699,676611,246643,290662,423564,184381,279139,11523,147037,253047,62262
30人以上,J-2 小売業,平成20,2008,8月,306661,456375,184147,304115,452585,182619,292581,11534,2546,3790,1528
30人以上,J-2 小売業,平成20,2008,9月,626789,994048,324289,304090,438508,193375,291749,12341,322699,555540,130914
30人以上,J-2 小売業,平成20,2008,10月,306625,431269,199328,295979,419529,189624,283910,12069,10646,11740,9704
30人以上,J-2 小売業,平成20,2008,11月,316970,459529,196697,293808,420373,187029,282359,11449,23162,39156,9668
30人以上,J-2 小売業,平成20,2008,12月,509916,754257,302151,297789,424394,190136,285836,11953,212127,329863,112015
30人以上,Q80 専門サービス業（他に分類されないもの）,平成17,2005,年平均,570047,628375,414115,467484,516418,336664,427124,40360,102563,111957,77451
30人以上,Q80 専門サービス業（他に分類されないもの）,平成18,2006,年平均,562046,621738,412087,448261,495766,328918,408681,39580,113785,125972,83169
30人以上,Q80 専門サービス業（他に分類されないもの）,平成19,2007,年平均,574254,622848,404997,434166,467509,318029,397435,36731,140088,155339,86968
30人以上,Q80 専門サービス業（他に分類されないもの）,平成20,2008,年平均,565207,627711,380418,436621,481486,303982,399248,37373,128586,146225,76436
30人以上,Q80 専門サービス業（他に分類されないもの）,平成20,2008,1月,486617,532096,340259,444114,486562,307508,413015,31099,42503,45534,32751
30人以上,Q80 専門サービス業（他に分類されないもの）,平成20,2008,2月,482028,529802,332602,441295,482828,311390,405609,35686,40733,46974,21212
30人以上,Q80 専門サービス業（他に分類されないもの）,平成20,2008,3月,462374,505009,329420,446384,489951,310526,406126,40258,15990,15058,18894
30人以上,Q80 専門サービス業（他に分類されないもの）,平成20,2008,4月,450307,498502,307025,429988,474608,297333,390383,39605,20319,23894,9692
30人以上,Q80 専門サービス業（他に分類されないもの）,平成20,2008,5月,445130,485944,319260,435235,476064,309321,398393,36842,9895,9880,9939
30人以上,Q80 専門サービス業（他に分類されないもの）,平成20,2008,6月,1001050,1124402,622719,430574,471853,303970,390793,39781,570476,652549,318749
30人以上,Q80 専門サービス業（他に分類されないもの）,平成20,2008,7月,497960,545928,357431,428138,472479,298236,386171,41967,69822,73449,59195
30人以上,Q80 専門サービス業（他に分類されないもの）,平成20,2008,8月,449480,496946,313833,430574,475609,301874,394093,36481,18906,21337,11959
30人以上,Q80 専門サービス業（他に分類されないもの）,平成20,2008,9月,441447,487392,311148,433424,480681,299407,396710,36714,8023,6711,11741
30人以上,Q80 専門サービス業（他に分類されないもの）,平成20,2008,10月,441430,492807,303838,431518,481365,298024,394125,37393,9912,11442,5814
30人以上,Q80 専門サービス業（他に分類されないもの）,平成20,2008,11月,675956,795868,331450,442802,490379,306115,407106,35696,233154,305489,25335
30人以上,Q80 専門サービス業（他に分類されないもの）,平成20,2008,12月,945854,1038058,688996,445380,495579,305537,408465,36915,500474,542479,383459
30人以上,Q81 学術・開発研究機関,平成17,2005,年平均,664041,709721,465859,486467,519217,344382,462382,24085,177574,190504,121477
30人以上,Q81 学術・開発研究機関,平成18,2006,年平均,654107,697769,461697,479010,510111,341950,453135,25875,175097,187658,119747
30人以上,Q81 学術・開発研究機関,平成19,2007,年平均,603236,656505,381297,452258,490988,290893,422666,29592,150978,165517,90404
30人以上,Q81 学術・開発研究機関,平成20,2008,年平均,614950,672432,382733,451881,492083,289472,423660,28221,163069,180349,93261
30人以上,Q81 学術・開発研究機関,平成20,2008,1月,448881,488065,290634,446974,486060,289124,420452,26522,1907,2005,1510
30人以上,Q81 学術・開発研究機関,平成20,2008,2月,447922,487265,288050,447038,486363,287238,420199,26839,884,902,812
30人以上,Q81 学術・開発研究機関,平成20,2008,3月,461360,501425,296359,454429,493865,292016,423333,31096,6931,7560,4343
30人以上,Q81 学術・開発研究機関,平成20,2008,4月,474748,514597,313114,468067,507707,307281,434806,33261,6681,6890,5833
30人以上,Q81 学術・開発研究機関,平成20,2008,5月,463954,506040,294267,458896,500432,291426,432511,26385,5058,5608,2841
30人以上,Q81 学術・開発研究機関,平成20,2008,6月,1233249,1369621,682751,454659,494384,294298,426802,27857,778590,875237,388453
30人以上,Q81 学術・開発研究機関,平成20,2008,7月,641338,695320,422561,445860,484537,289112,418417,27443,195478,210783,133449
30人以上,Q81 学術・開発研究機関,平成20,2008,8月,450787,490825,288750,447538,487107,287401,419577,27961,3249,3718,1349
30人以上,Q81 学術・開発研究機関,平成20,2008,9月,451202,491094,289880,445652,485444,284734,421047,24605,5550,5650,5146
30人以上,Q81 学術・開発研究機関,平成20,2008,10月,461115,502801,294982,454612,496334,288336,424710,29902,6503,6467,6646
30人以上,Q81 学術・開発研究機関,平成20,2008,11月,452119,494949,281066,449821,492515,279311,420837,28984,2298,2434,1755
30人以上,Q81 学術・開発研究機関,平成20,2008,12月,1375277,1509022,838203,449352,490479,284199,421447,27905,925925,1018543,554004
30人以上,Q84 娯楽業,平成17,2005,年平均,324690,401334,230631,265503,320214,198360,255610,9893,59187,81120,32271
30人以上,Q84 娯楽業,平成18,2006,年平均,327493,407671,231046,263173,320848,193795,250792,12381,64320,86823,37251
30人以上,Q84 娯楽業,平成19,2007,年平均,350267,440653,219497,279595,339008,193636,269717,9878,70672,101645,25861
30人以上,Q84 娯楽業,平成20,2008,年平均,349994,421989,234641,281956,331111,203197,273207,8749,68038,90878,31444
30人以上,Q84 娯楽業,平成20,2008,1月,286307,338767,202293,284512,336315,201550,276701,7811,1795,2452,743
30人以上,Q84 娯楽業,平成20,2008,2月,271562,324937,188048,269767,322423,187377,261617,8150,1795,2514,671
30人以上,Q84 娯楽業,平成20,2008,3月,299551,360279,204901,278606,333356,193273,270596,8010,20945,26923,11628
30人以上,Q84 娯楽業,平成20,2008,4月,291119,344397,208377,278907,325885,205949,269515,9392,12212,18512,2428
30人以上,Q84 娯楽業,平成20,2008,5月,284923,332734,209739,283456,330772,209049,274487,8969,1467,1962,690
30人以上,Q84 娯楽業,平成20,2008,6月,525990,668659,302455,278443,324191,206764,270145,8298,247547,344468,95691
30人以上,Q84 娯楽業,平成20,2008,7月,372982,441229,268458,278661,327660,203617,270501,8160,94321,113569,64841
30人以上,Q84 娯楽業,平成20,2008,8月,283454,336311,202902,278889,328838,202770,269910,8979,4565,7473,132
30人以上,Q84 娯楽業,平成20,2008,9月,296447,342860,209291,294931,341192,208060,284980,9951,1516,1668,1231
30人以上,Q84 娯楽業,平成20,2008,10月,290460,342922,208527,280497,327540,207027,271596,8901,9963,15382,1500
30人以上,Q84 娯楽業,平成20,2008,11月,279993,326833,207247,279919,326766,207162,271519,8400,74,67,85
30人以上,Q84 娯楽業,平成20,2008,12月,720885,887323,418977,297102,346717,207103,287112,9990,423783,540606,211874
30人以上,"Q86,87 自動車整備業、機械等修理業",平成17,2005,年平均,523242,564839,304337,392673,424051,227546,340991,51682,130569,140788,76791
30人以上,"Q86,87 自動車整備業、機械等修理業",平成18,2006,年平均,494122,535450,286451,386115,418252,224627,336565,49550,108007,117198,61824
30人以上,"Q86,87 自動車整備業、機械等修理業",平成19,2007,年平均,511630,535290,315830,395026,410951,263238,350032,44994,116604,124339,52592
30人以上,"Q86,87 自動車整備業、機械等修理業",平成20,2008,年平均,487134,511485,309071,380506,396976,260073,340302,40204,106628,114509,48998
30人以上,"Q86,87 自動車整備業、機械等修理業",平成20,2008,1月,394234,410679,268174,390956,407295,265712,346250,44706,3278,3384,2462
30人以上,"Q86,87 自動車整備業、機械等修理業",平成20,2008,2月,395764,412555,268723,391631,408255,265858,353082,38549,4133,4300,2865
30人以上,"Q86,87 自動車整備業、機械等修理業",平成20,2008,3月,404029,421544,272585,395618,412628,267968,344687,50931,8411,8916,4617
30人以上,"Q86,87 自動車整備業、機械等修理業",平成20,2008,4月,411897,429522,276039,392864,409554,264213,344109,48755,19033,19968,11826
30人以上,"Q86,87 自動車整備業、機械等修理業",平成20,2008,5月,435436,451818,307576,388382,402897,275094,342596,45786,47054,48921,32482
30人以上,"Q86,87 自動車整備業、機械等修理業",平成20,2008,6月,754513,797652,446474,375420,391748,258826,333294,42126,379093,405904,187648
30人以上,"Q86,87 自動車整備業、機械等修理業",平成20,2008,7月,556359,591585,304498,373361,389819,255684,339981,33380,182998,201766,48814
30人以上,"Q86,87 自動車整備業、機械等修理業",平成20,2008,8月,377800,394366,258598,373990,390392,255969,337068,36922,3810,3974,2629
30人以上,"Q86,87 自動車整備業、機械等修理業",平成20,2008,9月,381305,397866,262083,374690,390884,258108,337205,37485,6615,6982,3975
30人以上,"Q86,87 自動車整備業、機械等修理業",平成20,2008,10月,376581,394076,254228,371707,388881,251594,334173,37534,4874,5195,2634
30人以上,"Q86,87 自動車整備業、機械等修理業",平成20,2008,11月,422517,443078,281677,371124,388090,254909,337102,34022,51393,54988,26768
30人以上,"Q86,87 自動車整備業、機械等修理業",平成20,2008,12月,924611,984581,496823,367934,384406,250437,334920,33014,556677,600175,246386
30人以上,Q82 洗濯・理容・美容・浴場業,平成17,2005,年平均,312434,364209,258595,270135,315424,223041,260361,9774,42299,48785,35554
30人以上,Q82 洗濯・理容・美容・浴場業,平成18,2006,年平均,306054,370437,241662,266938,323595,210272,256307,10631,39116,46842,31390
30人以上,Q82 洗濯・理容・美容・浴場業,平成19,2007,年平均,214234,265262,178095,194344,239850,162116,185544,8800,19890,25412,15979
30人以上,Q82 洗濯・理容・美容・浴場業,平成20,2008,年平均,214816,262536,180286,195933,238164,165375,186944,8989,18883,24372,14911
30人以上,Q82 洗濯・理容・美容・浴場業,平成20,2008,1月,189625,233676,158481,188249,232324,157088,180540,7709,1376,1352,1393
30人以上,Q82 洗濯・理容・美容・浴場業,平成20,2008,2月,201656,238934,174852,198448,236523,171071,190030,8418,3208,2411,3781
30人以上,Q82 洗濯・理容・美容・浴場業,平成20,2008,3月,202037,240697,173842,197404,237458,168192,187906,9498,4633,3239,5650
30人以上,Q82 洗濯・理容・美容・浴場業,平成20,2008,4月,204677,245916,175198,193379,239515,160400,185126,8253,11298,6401,14798
30人以上,Q82 洗濯・理容・美容・浴場業,平成20,2008,5月,214076,253593,186861,195504,243405,162516,185231,10273,18572,10188,24345
30人以上,Q82 洗濯・理容・美容・浴場業,平成20,2008,6月,222951,277588,184470,193123,238431,161212,184054,9069,29828,39157,23258
30人以上,Q82 洗濯・理容・美容・浴場業,平成20,2008,7月,234222,322475,170676,196386,242083,163482,187038,9348,37836,80392,7194
30人以上,Q82 洗濯・理容・美容・浴場業,平成20,2008,8月,205721,248380,174663,202591,245782,171147,192847,9744,3130,2598,3516
30人以上,Q82 洗濯・理容・美容・浴場業,平成20,2008,9月,203167,241986,174606,198519,239032,168711,189998,8521,4648,2954,5895
30人以上,Q82 洗濯・理容・美容・浴場業,平成20,2008,10月,198843,239290,168094,197097,237917,166065,188216,8881,1746,1373,2029
30人以上,Q82 洗濯・理容・美容・浴場業,平成20,2008,11月,232853,255868,215462,197531,238812,166337,188578,8953,35322,17056,49125
30人以上,Q82 洗濯・理容・美容・浴場業,平成20,2008,12月,269438,354557,207714,193165,226625,168902,183958,9207,76273,127932,38812
30人以上,Q89 広告業,平成17,2005,年平均,606607,658451,447826,501173,543299,372157,469958,31215,105434,115152,75669
30人以上,Q89 広告業,平成18,2006,年平均,622640,683899,451931,486173,532640,356684,448320,37853,136467,151259,95247
30人以上,Q89 広告業,平成19,2007,年平均,505387,603238,332577,431168,513326,286073,407807,23361,74219,89912,46504
30人以上,Q89 広告業,平成20,2008,年平均,537350,640952,356442,458733,547807,303192,424918,33815,78617,93145,53250
30人以上,Q89 広告業,平成20,2008,1月,428829,512730,283510,428017,511971,282606,404567,23450,812,759,904
30人以上,Q89 広告業,平成20,2008,2月,431760,516386,287447,430708,515115,286767,408881,21827,1052,1271,680
30人以上,Q89 広告業,平成20,2008,3月,484642,573909,332626,438077,526240,287942,414760,23317,46565,47669,44684
30人以上,Q89 広告業,平成20,2008,4月,441409,521379,304631,435899,517324,296633,414057,21842,5510,4055,7998
30人以上,Q89 広告業,平成20,2008,5月,430522,518416,285260,428226,515908,283315,404670,23556,2296,2508,1945
30人以上,Q89 広告業,平成20,2008,6月,704101,853940,461838,432505,523809,284883,409591,22914,271596,330131,176955
30人以上,Q89 広告業,平成20,2008,7月,534037,632422,359225,483795,577585,317148,437875,45920,50242,54837,42077
30人以上,Q89 広告業,平成20,2008,8月,483679,576007,318706,482733,574775,318270,437155,45578,946,1232,436
30人以上,Q89 広告業,平成20,2008,9月,502737,593619,340351,487261,579539,322379,446149,41112,15476,14080,17972
30人以上,Q89 広告業,平成20,2008,10月,484439,573004,323311,481261,571261,317522,436843,44418,3178,1743,5789
30人以上,Q89 広告業,平成20,2008,11月,487659,577354,322747,486658,576311,321824,438332,48326,1001,1043,923
30人以上,Q89 広告業,平成20,2008,12月,1043672,1244021,672258,491608,581488,324985,447336,44272,552064,662533,347273
30人以上,QS-1 一括分,平成17,2005,年平均,394568,499197,244043,322791,402473,208157,300047,22744,71777,96724,35886
30人以上,QS-1 一括分,平成18,2006,年平均,389576,491399,254879,314833,387804,218304,291961,22872,74743,103595,36575
30人以上,QS-1 一括分,平成19,2007,年平均,385205,473167,271807,311572,374895,229937,284816,26756,73633,98272,41870
30人以上,QS-1 一括分,平成20,2008,年平均,383375,465964,272383,311206,370945,230923,285191,26015,72169,95019,41460
30人以上,QS-1 一括分,平成20,2008,1月,317709,385441,228621,309756,374814,224184,284634,25122,7953,10627,4437
30人以上,QS-1 一括分,平成20,2008,2月,315788,377964,232509,311404,372260,229892,285385,26019,4384,5704,2617
30人以上,QS-1 一括分,平成20,2008,3月,339467,405832,252807,317120,376720,239293,289783,27337,22347,29112,13514
30人以上,QS-1 一括分,平成20,2008,4月,332756,399976,246172,313205,373338,235750,285109,28096,19551,26638,10422
30人以上,QS-1 一括分,平成20,2008,5月,327845,390181,245999,308045,366752,230964,281420,26625,19800,23429,15035
30人以上,QS-1 一括分,平成20,2008,6月,532406,665002,357019,312045,370798,234332,285691,26354,220361,294204,122687
30人以上,QS-1 一括分,平成20,2008,7月,440085,542172,305308,314128,372562,236982,288098,26030,125957,169610,68326
30人以上,QS-1 一括分,平成20,2008,8月,315822,376858,233720,310183,369507,230385,284702,25481,5639,7351,3335
30人以上,QS-1 一括分,平成20,2008,9月,319090,379814,237644,310296,370525,229515,286503,23793,8794,9289,8129
30人以上,QS-1 一括分,平成20,2008,10月,321706,381792,234819,312966,370730,229437,286729,26237,8740,11062,5382
30人以上,QS-1 一括分,平成20,2008,11月,323501,389547,230797,308194,368900,222986,281623,26571,15307,20647,7811
30人以上,QS-1 一括分,平成20,2008,12月,708014,884636,461720,307246,364965,226760,282719,24527,400768,519671,234960
,,,,,,,,,,,,,,,
東京都の賃金、労働時間及び雇用の動き（毎月勤労統計調査）平成20年確報,,,,,,,,,,,,,,,
第１－２表　産業、性別常用労働者の１人平均月間現金給与額　（事業所規模３０人以上）,,,,,,,,,,,,,,,
