町丁目,世帯数[世帯],男[人],女[人],総数[人]
両国一丁目,1080,820,818,1638
両国二丁目,1345,1040,1058,2098
両国三丁目,1335,969,1002,1971
両国四丁目,1369,1084,1075,2159
千歳一丁目,996,808,857,1665
千歳二丁目,651,535,527,1062
千歳三丁目,1523,1255,1214,2469
緑一丁目,2057,1700,1616,3316
緑二丁目,1811,1668,1725,3393
緑三丁目,1700,1471,1487,2958
緑四丁目,2977,2492,2305,4797
立川一丁目,925,646,712,1358
立川二丁目,908,722,703,1425
立川三丁目,1105,874,934,1808
立川四丁目,1075,805,811,1616
菊川一丁目,1110,866,962,1828
菊川二丁目,1484,1109,1259,2368
菊川三丁目,2228,1875,1968,3843
江東橋一丁目,1037,782,760,1542
江東橋二丁目,1462,1166,1135,2301
江東橋三丁目,614,450,312,762
江東橋四丁目,1720,1229,1264,2493
江東橋五丁目,1749,1517,1553,3070
横網一丁目,140,159,148,307
横網二丁目,697,588,576,1164
亀沢一丁目,1252,1040,1065,2105
亀沢二丁目,1038,883,1027,1910
亀沢三丁目,1124,1110,1080,2190
亀沢四丁目,1532,1359,1357,2716
石原一丁目,1675,1313,1348,2661
石原二丁目,1471,1268,1288,2556
石原三丁目,1743,1537,1403,2940
石原四丁目,1664,1502,1501,3003
本所一丁目,1655,1451,1491,2942
本所二丁目,935,773,844,1617
本所三丁目,1063,881,937,1818
本所四丁目,1509,1276,1271,2547
東駒形一丁目,906,692,709,1401
東駒形二丁目,856,751,768,1519
東駒形三丁目,964,773,776,1549
東駒形四丁目,1483,1189,1249,2438
吾妻橋一丁目,1356,1047,1123,2170
吾妻橋二丁目,964,710,778,1488
吾妻橋三丁目,868,789,844,1633
錦糸一丁目,1439,1061,1029,2090
錦糸二丁目,467,356,333,689
錦糸三丁目,466,373,315,688
錦糸四丁目,1015,902,904,1806
太平一丁目,2000,1844,1815,3659
太平二丁目,954,770,654,1424
太平三丁目,925,722,707,1429
太平四丁目,2696,2361,2454,4815
横川一丁目,831,844,763,1607
横川二丁目,979,825,726,1551
横川三丁目,722,612,587,1199
横川四丁目,777,665,608,1273
横川五丁目,1453,1234,1610,2844
業平一丁目,1575,1387,1588,2975
業平二丁目,831,694,617,1311
業平三丁目,873,672,699,1371
業平四丁目,1250,950,1024,1974
業平五丁目,1215,1099,1223,2322
向島一丁目,1455,1177,1192,2369
向島二丁目,1576,1289,1402,2691
向島三丁目,2774,2358,2348,4706
向島四丁目,1352,1267,1333,2600
向島五丁目,2618,2163,2162,4325
東向島一丁目,1808,1594,1569,3163
東向島二丁目,2856,2396,2626,5022
東向島三丁目,1739,1669,1766,3435
東向島四丁目,2030,1734,1790,3524
東向島五丁目,2223,1873,2038,3911
東向島六丁目,3017,2742,2762,5504
堤通一丁目,1130,1201,1126,2327
堤通二丁目,2082,1814,2354,4168
墨田一丁目,1423,1478,1649,3127
墨田二丁目,2060,1955,1962,3917
墨田三丁目,2038,1839,1850,3689
墨田四丁目,2443,2320,2412,4732
墨田五丁目,1559,1395,1398,2793
押上一丁目,1342,1059,1140,2199
押上二丁目,2001,1751,1903,3654
押上三丁目,2363,2198,2219,4417
京島一丁目,3609,3393,3712,7105
京島二丁目,999,952,840,1792
京島三丁目,2291,2128,2038,4166
文花一丁目,2979,2537,3043,5580
文花二丁目,1322,1155,1238,2393
文花三丁目,1211,1339,1320,2659
八広一丁目,1893,1759,1646,3405
八広二丁目,2263,2196,2087,4283
八広三丁目,1891,1836,1737,3573
八広四丁目,2432,2314,2248,4562
八広五丁目,1621,1456,1478,2934
八広六丁目,2156,2097,2033,4130
立花一丁目,3447,2957,3173,6130
立花二丁目,877,803,797,1600
立花三丁目,1651,1493,1495,2988
立花四丁目,1897,1858,1809,3667
立花五丁目,2045,2252,2191,4443
立花六丁目,1214,1110,1243,2353
東墨田一丁目,83,87,65,152
東墨田二丁目,800,723,687,1410
東墨田三丁目,405,428,399,827
立花五丁目,2063583,139.7244816
４７Ａ－３７７,大崎５－９－１６,㈱米喜製作所,粉末,ウ,2003.07,2003.07,93.06,70,大崎三五町会,大崎第二,35.6215597,139.7253242
４７Ａ－３８８,大崎４－２－２,中田宅,粉末,ウ,90.09,2001.01,82.03,69,大崎四丁目町会,大崎第二,35.6223376,139.7233058
４７Ａ－５４７,西五反田１－１６－５,ゆうぽうと分室宿舎,粉末,ウ,2003.04,2003.04,89.07,34,西五反田一丁目町会,大崎第一,35.6237082,139.7234315
４８Ａ－０４３,東五反田３－１１－５,共同住宅,粉末,ウ,2005.08,2005.08,97.07,38,島津山自生会,大崎第一,35.6277074,139.7305861
４８Ａ－０４７,東五反田１－３－１３,小松宅,粉末,ア,2007.03,2007.03,91.03,38,島津山自生会,大崎第一,35.6269538,139.7271564
４８Ａ－０５０,東五反田３－２０－１０,パラスト島津山裏,粉末,ウ,2006.08,2006.08,85.12,38,島津山自生会,大崎第一,35.6251611,139.7309799
４８Ａ－０５１,東五反田１－８－５,天理教,粉末,ウ,2004.07,2004.07,91.03,32,五反田中部町会,大崎第一,35.6273907,139.7269863
４８Ａ－０５２,東五反田１－１２－７,サントリ－パブ「レスト」,粉末,ウ,90.09,2001.01,94.07,32,五反田中部町会,大崎第一,35.6265657,139.7250368
４８Ａ－０５３,東五反田１－１６－１,大衆酒場「蔵や」,粉末,ウ,99,2003.08,98.03,32,五反田中部町会,大崎第一,35.6270493,139.7253315
４８Ａ－０５５,東五反田１－１８－１４,東五反田ビル,粉末,ウ,2003,2004.11,98.03,32,五反田中部町会,大崎第一,35.6268674,139.7259051
４８Ａ－０５６,東五反田１－１９－７,小幡工業所,粉末,ウ,2002.09,2002.09,98.01,32,五反田中部町会,大崎第一,35.6263205,139.7266236
４８Ａ－０６１,東五反田１－２５－１０,水野宅,粉末,ウ,2003.07,2003.07,98.03,31,東五反田みづほ町会,大崎第一,35.6255885,139.7288174
４８Ａ－０６３,東五反田２－４－１,米久レンガビル,粉末,ウ,2005,2005,2003.07,31,東五反田みづほ町会,大崎第一,35.6255342,139.7268837
４８Ａ－０６４,東五反田２－４－５,酒蔵あさり,粉末,ウ,2003.07,2003.07,91.03,31,東五反田みづほ町会,大崎第一,35.6254934,139.7275352
４８Ａ－０７７,東五反田１－２１－９,ウイスタリヤ東五反田ビル表,粉末,ウ,2003.07,2003.07,96.09,30,五反田一丁目町会,大崎第一,35.6257998,139.7265150
４８Ａ－０７８,東五反田２－２－２,パチンコ五反田センター,粉末,ウ,98,2003.03,94.07,30,五反田一丁目町会,大崎第一,35.6256933,139.7250144
４８Ａ－０８０,東五反田２－３－５,紳士服はるやま,粉末,ウ,91,2003.07,82.08,30,五反田一丁目町会,大崎第一,35.6255687,139.7265417
４８Ａ－０９６,大崎５－１－５,高砂興業,粉末,ウ,97,2007.02,90.03,70,大崎三五町会,大崎第二,35.6233722,139.7251531
４８Ａ－０９７,大崎５－５－１８,大崎公園（つり堀前）,粉末,ウ,99,2004.01,89.12,70,大崎三五町会,大崎第二,35.6229109,139.7240053
４８Ａ－０９８,大崎５－７－１,サンライズ五反田,粉末,ウ,2007.03,2007.03,2003.08,70,大崎三五町会,大崎第二,35.6225195,139.7246665
４８Ａ－０９９,大崎５－７－９,大東運輸㈱,粉末,ウ,2003.07,2003.07,91.03,70,大崎三五町会,大崎第二,35.6219305,139.7245379
４８Ａ－１００,大崎５－４－９,寺沢宅,粉末,ウ,91.07,2001.01,96.1,70,大崎三五町会,大崎第二,35.6223554,139.7257055
４８Ａ－１９７,西五反田１－１－８,大和証券五反田支店,粉末,ウ,2002.06,2002.06,95.08,36,西五反田一・二・三町会,大崎第一,35.6260449,139.7229603
４８Ａ－１９９,西五反田１－５－１,野村証券五反田支店,粉末,ウ,2005.02,2005.02,2005.02,36,西五反田一・二・三町会,大崎第一,35.6256975,139.7234417
４８Ａ－２２６,西五反田１－２２－６,ポッポ,粉末,ウ,2003.01,2003.01,2003.01,34,西五反田一丁目町会,大崎第一,35.6232292,139.7231341
４９Ａ－１０８,北品川５－１３－７,ファミールグラン御殿山,粉末,ウ,2007.02,2007.02,88.1,6,御殿山町会,品川第一,35.6228903,139.7339037
４９Ａ－１１２,北品川５－１１－２,ソニー通り歩道上,粉末,ウ,2003.07,2003.07,88.07,6,御殿山町会,品川第一,35.6235647,139.7330535
４９Ａ－１１３,北品川５－１１－１６,コーポ御殿山,粉末,ウ,2003.07,2003.07,88.05,6,御殿山町会,品川第一,35.6226444,139.7330121
４９Ａ－１１６,北品川６－６－１２,太田宅,粉末,ウ,2000,2001.12,88.07,6,御殿山町会,品川第一,35.6251300,139.7337394
４９Ａ－１１８,北品川６－６－２９,荻野宅,粉末,ウ,2004.07,2004.07,85.03,6,御殿山町会,品川第一,35.6245251,139.7334573
４９Ａ－１２３,東五反田２－２０－１０,塩崎宅,粉末,ア,2007.02,2007.02,88.07,7,袖ケ崎新興会,品川第一,35.6246217,139.7309500
４９Ａ－１２４,東五反田２－２１－１８,ＤＩＫマンション裏,粉末,ウ,2003.07,2003.07,88.07,7,袖ケ崎新興会,品川第一,35.6240453,139.7307175
４９Ａ－１２８,北品川５－２－６,御殿山小学校正門,粉末,ウ,2000,2001.01,2005.04,7,袖ケ崎新興会,品川第一,35.6234580,139.7318975
４９Ａ－１３０,北品川６－１－３１,箱崎宅,粉末,ウ,2003.07,2003.07,93.11,7,袖ケ崎新興会,品川第一,35.6280598,139.7312960
４９Ａ－１３３,東五反田３－２０－１７,佐藤宅,粉末,ア,2003.07,2004.03,88.07,7,袖ケ崎新興会,品川第一,35.6253787,139.7295812
４９Ａ－１３４,北品川５－３－７,坂本宅,粉末,ウ,2007.02,2007.02,88.08,5,小関親睦会,品川第一,35.6226866,139.7319722
４９Ａ－１３５,北品川５－３－１１,巴工業㈱,粉末,ア,2006.08,2006.08,88.07,5,小関親睦会,品川第一,35.6221784,139.7320650
４９Ａ－１３７,北品川５－５－２２,保安工業㈱,粉末,ア,2003.07,2003.07,95.08,5,小関親睦会,品川第一,35.6220247,139.7303360
４９Ａ－２０７,東五反田１－２１－６,ウイスタリア東五反田ビル裏,粉末,ア,2004.12,2004.12,93.07,30,五反田一丁目町会,大崎第一,35.6259995,139.7264550
５９Ａ－０４１,大崎５－６－１３,空き地,粉末,ウ,2004.07,2004.07,96.02,70,大崎三五町会,大崎第二,35.6222774,139.7239957
６２Ｋ－００６,大崎５－１－５,高徳ビル,粉末,脚,2004.03,2004.03,87.09,70,大崎三五町会,大崎第二,35.6235400,139.7248905
６２Ｋ－０５０,北品川５－１０－１,ハイホーム御殿山（ｴﾝﾄﾗﾝｽⅠ）,粉末,脚,2005.08,2005.08,87.09,5,小関親睦会,品川第一,35.6217087,139.7323625
６３Ａ－０２６,東五反田３－１９－３,クチナ歯科,粉末,ウ,2007.02,2007.02,89.04,7,袖ケ崎新興会,品川第一,35.6254460,139.7293962
６３Ｋ－０１８,東五反田１－２－１８,菅野宅,粉末,脚,88.08,2003.12,88.08,40,相生会,大崎第一,35.6279415,139.7276534
６３Ｋ－０１９,東五反田１－７－１１,Ａｉｏｓ五反田ＡＮＮＥＸ,粉末,脚,88.08,2003.11,88.08,32,五反田中部町会,大崎第一,35.6276701,139.7262536
６３Ｋ－０２０,東五反田１－１０－７,Ａｉｏｓ五反田,粉末,脚,88.08,2003.12,88.08,40,相生会,大崎第一,35.6276737,139.7259167
６３Ｋ－０２１,東五反田２－２１－２８,ソニー㈱　２０３号館,粉末,脚,88.08,2003.11,88.08,7,袖ケ崎新興会,品川第一,35.6244497,139.7306914
６３Ｋ－０４５,大崎５－１－７,五反田ＩＳビル,粉末,脚,2003.04,2003.04,2003.06,70,大崎三五町会,大崎第二,35.6238000,139.7244715
６３Ｋ－０４６,大崎５－４－１５,第２サンライズ五反田,粉末,脚,2004.07,2004.07,88.08,70,大崎三五町会,大崎第二,35.6225859,139.7249078
６３Ｋ－０４７,大崎５－５－３,五反田スカイマンション,粉末,脚,88.08,2004.12,88.08,70,大崎三五町会,大崎第二,35.6233728,139.7244195
８９Ｋ－００２,北品川５－５－２６,第一興産,粉末,脚,2007.03,2007.03,89.11,5,小関親睦会,品川第一,35.6223936,139.7303010
８９Ｋ－００６,東五反田３－１４－１３,タカナワ　ミュ－ズビル,粉末,脚,89.11,2004.12,89.11,38,島津山自生会,大崎第一,35.6260410,139.7302997
９０Ｋ－０１０,北品川５－１,ＮＩＫＫＹ－Ｓ０ＮＹ共同ビル,粉末,脚,90.11,2004.12,90.11,7,袖ケ崎新興会,品川第一,35.6239159,139.7323085
９０Ｋ－０２５,東五反田１－２２－１,五反田ＡＮビル,粉末,脚,98,2004.12,2005.02,31,東五反田みづほ町会,大崎第一,35.6261508,139.7271339
９１Ｋ－００１,東五反田１－６－３,東京建物五反田ビル,粉末,脚,98,2003.11,91.06,32,五反田中部町会,大崎第一,35.6269788,139.7260289
９１Ｋ－００３,東五反田１－１４,五反田三井住友協同ビル,粉末,脚,92.09,2007.02,91.06,30,五反田一丁目町会,大崎第一,35.6260783,139.7254887
９１Ｋ－０３３,東五反田２－２－３,五反田日興證券ハタビル,粉末,脚,92.03,2003.03,92.03,30,五反田一丁目町会,大崎第一,35.6256186,139.7253440
９２Ａ－０１３,東五反田１－２－２３,前田宅,粉末,ウ,92,2003.12,2006.09,40,相生会,大崎第一,35.6276213,139.7270852
９２Ａ－０２１,大崎５－２－１０,都営住宅,粉末,ウ,2006.05,2006.05,93.01,70,大崎三五町会,大崎第二,35.6220479,139.7261727
９２Ｋ－０１６,東五反田２－１７－２,安田生命裏,粉末,脚,93,2005.01,92,7,袖ケ崎新興会,品川第一,35.6236812,139.7297849
９３Ｋ－０１９,西五反田１－５－１,野村証券ビル,粉末,脚,99,2003.11,93.1,36,西五反田一・二・三町会,大崎第一,35.6254789,139.7233453
９３Ｋ－０２９,東五反田５－２４－１０,テラサキ第３ビル,粉末,脚,94.03,2003.11,94.03,33,五反田東口町会,大崎第一,35.6276322,139.7232138
９４Ｋ－０２５,東五反田３－２０,高輪パークタワー,粉末,脚,94,2004.12,95.01,38,島津山自生会,大崎第一,35.6256884,139.7299736
９５Ｋ－０１０,大崎５－４－３,小野ビル,粉末,脚,95.09,2004.12,95.09,70,大崎三五町会,大崎第二,35.6232156,139.7251639
９６Ｋ－０２２,北品川５－５－２７,アクス御殿山,粉末,脚,96.1,2001.01,96.1,5,小関親睦会,品川第一,35.6226944,139.7304610
９６Ｋ－０３３,北品川５－１１－１１,ソニー南口ビル,粉末,脚,97.01,2007.02,97.01,6,御殿山町会,品川第一,35.6233571,139.7327974
９７Ｋ－００３,東五反田１－２１－１３,五反田千趣会,粉末,脚,2003.07,2003.07,97.04,30,五反田一丁目町会,大崎第一,35.6260300,139.7258301
９７Ｋ－０１０,大崎５－４－６,グローリー工業㈱,粉末,脚,97.05,2007.02,97.05,70,大崎三五町会,大崎第二,35.6228004,139.7254217
９７Ｋ－０２５,東五反田２－５－３,ルイシャトル五反田,粉末,脚,97.09,2007.02,97.09,31,東五反田みづほ町会,大崎第一,35.6251885,139.7279463
９７Ｋ－０２６,大崎５－９－３,ラフィ－ネ大崎,粉末,脚,97.09,2007.02,97.09,70,大崎三五町会,大崎第二,35.6218927,139.7259319
９７Ｋ－０３８,東五反田１－８－１０,藤和シティホームズ東五反田,粉末,,97.12,2007.02,97.12,32,五反田中部町会,大崎第一,35.6276248,139.7266327
９８Ｋ－０２１,北品川６－４－９,菱和パレス品川御殿山,粉末,脚,98.08,2003.11,98.08,7,袖ケ崎新興会,品川第一,35.6263040,139.7312860
９８Ｋ－０３０,北品川５－１３－２５,ホレセーヌ御殿山弐番館,粉末,脚,98.09,2003.11,98.09,6,御殿山町会,品川第一,35.6225672,139.7331997
９８Ｋ－０４４,東五反田１－１３－３,加藤酒店（デュロス東五反田）,粉末,脚,98.11,2003.11,98.11,32,五反田中部町会,大崎第一,35.6264355,139.7249365
０５Ｋ－０５８,東五反田２－１１－２８,日野学園,粉末,脚,2006.03,2006.03,2006.03,31,東五反田みづほ町会,大崎第一,35.6245175,139.7281200
０６Ｋ－０２８,東五反田３－１６－４０,エクセレント島津山,粉末,壁,2006.09,2006.09,2006.09,38,島津山自生会,大崎第一,35.6265675,139.7278502
０６Ｋ－０３１,東五反田５－２７－１,メインステージ五反田駅前,粉末,壁,2006.11,2006.11,2006.11,33,五反田東口町会,大崎第一,35.6272209,139.7238813
０６Ｋ－０３６,大崎１－２－２,大崎駅東口第３地区業務棟,粉末,脚,2006.12,2006.12,2006.12,68,大崎居木橋町会,大崎第二,35.6216705,139.7280293
０６Ｋ－０３９,大崎１－２－３,大崎駅東口第３地区賃貸住宅棟,粉末,脚,2006.12,2006.12,2006.12,68,大崎居木橋町会,大崎第二,35.6231326,139.7267013
０６Ｋ－０５１,大崎１－１－１,ル・サンク大崎,粉末,脚,2007.02,2007.02,2007.02,68,大崎居木橋町会,大崎第二,35.6233592,139.7259730
08K-020,大崎５－３－４,（仮称）大崎５丁目マンション,粉末,脚,2008.12,2008.12,2008.12,70,大崎三五町会,大崎第二,35.6221129,139.7259703
４７Ａ－３３８,東五反田２－１１－２８,日野学園裏,粉末,ウ,2001,2005.04,1989.12,31,東五反田みづほ町会,大崎第一,35.6245860,139.7277466
０９Ｋ－０１１,東五反田1-26,JR五反田駅,粉末,脚,2009.1,2009.1,2009.1,33,五反田東口町会,大崎第一,35.6261725,139.7238553
０９Ｋ－０１６,大崎4-2-4,㈱カンドー大崎,粉末,脚,2009.11,2009.11,2009.11,69,大崎四丁目町会,大崎第二,35.6222887,139.7229494
１０Ｋ－００３,東五反田1-8-9,〔仮称〕アンテニア東五反田新築工事,粉末,脚,2010.04,2010.04,2010.04,32,五反田中部町会,大崎第一,35.6274073,139.7267488
４７Ａ－１４２,北品川６－５－１４,明治通り,粉末（2011.3撤去）,ウ,2004.07,2004.07,89.11,7,袖ケ崎新興会,品川第一,35.6239561,139.7327428
４７Ａ－１４４,北品川６－２－１２,松本宅,粉末　台帳削除2008.7不明,ウ,2000,2001.01,94.07,7,袖ケ崎新興会,品川第一,35.6273609,139.7307240
６３Ａ－００８,北品川６－７－６,出光御殿山社宅,粉末（2011.3撤去確認）,ウ,2006.08,2006.08,89.02,6,御殿山町会,品川第一,35.6243365,139.7338046
０１Ｋ－０１８,北品川１－１２－９,テラス品川,粉末,脚,2001.07,2007.02,2001.07,2,八ツ山町会,品川第一,35.6241935,139.7427426
０２Ｋ－０５８,北品川１－６,品川Ⅴタワー,粉末,脚,2002.12,2002.12,2002.12,2,八ツ山町会,品川第一,35.6246148,139.7401004
０３Ｋ－０５２,北品川４－１－３,古林共同住宅,粉末,脚,2004.03,,,6,御殿山町会,品川第一,35.6228875,139.7348759
０３Ｋ－０５７,北品川１－６,品川駅東口Ｂ－４地区計画,粉末,脚,2004.02,,,2,八ツ山町会,品川第一,35.6246930,139.7389743
０４Ｋ－０４１,北品川１－２－５,北品川Ｋマンション,粉末,直,2004.1,,,1,北品川１丁目町会,品川第一,35.6227783,139.7395216
４７Ａ－０１２,東品川１－２－１５,八ッ山保育園,粉末,ウ,95,2007.02,89.11,9,東品川一・三町会,品川第一,35.6229795,139.7434352
４７Ａ－０５４,北品川１－１１－２,樋口ビル,粉末,ウ,90.1,2001.01,98.1,2,八ツ山町会,品川第一,35.6245693,139.7426155
４７Ａ－０５７,北品川１－８－１２,協和自動車工業㈱,粉末,ウ,2006.08,2006.08,98.03,2,八ツ山町会,品川第一,35.6235180,139.7419256
４７Ａ－０６０,北品川１－８－１１,ＫＹビル,粉末,ウ,2005.08,2005.08,94.09,2,八ツ山町会,品川第一,35.6237233,139.7421738
４７Ａ－０６６,北品川１－２３－２４,トンカツ品川,粉末,ウ,2005.03,2004.12,95.08,1,北品川１丁目町会,品川第一,35.6215779,139.7405102
４７Ａ－０９２,北品川３－１－２,安全石油石川ｻ-ﾋﾞｽｽﾃ-ｼｮﾝ裏,粉末,ウ,90.1,2003.11,95.08,4,北品川三丁目親和会,品川第一,35.6219239,139.7385178
４７Ａ－１２１,北品川４－７－２２,小林宅,粉末,ウ,2003.07,2003.07,87.04,6,御殿山町会,品川第一,35.6220082,139.7355633
４７Ａ－１２５,北品川５－１２－６,若林宅,粉末,ウ,2001,2007.02,2003.12,6,御殿山町会,品川第一,35.6231086,139.7345997
４７Ａ－１２６,北品川５－１４－１５,栗山宅,粉末,ウ,2004.07,2004.07,86.07,6,御殿山町会,品川第一,35.6219932,139.7347706
４９Ａ－００４,東品川