町丁目,世帯数[世帯],男[人],女[人],総数[人]
両国一丁目,877,695,719,1414
両国二丁目,1245,1023,985,2008
両国三丁目,1127,829,905,1734
両国四丁目,1190,956,951,1907
千歳一丁目,884,739,768,1507
千歳二丁目,584,509,439,948
千歳三丁目,1229,989,1011,2000
緑一丁目,1658,1459,1350,2809
緑二丁目,1693,1605,1675,3280
緑三丁目,1368,1287,1192,2479
緑四丁目,2380,2026,1916,3942
立川一丁目,771,597,593,1190
立川二丁目,833,681,659,1340
立川三丁目,958,799,826,1625
立川四丁目,826,671,625,1296
菊川一丁目,822,746,780,1526
菊川二丁目,1300,1039,1145,2184
菊川三丁目,2062,1764,1890,3654
江東橋一丁目,924,704,729,1433
江東橋二丁目,1355,1155,1057,2212
江東橋三丁目,547,377,338,715
江東橋四丁目,1744,1237,1376,2613
江東橋五丁目,1632,1466,1505,2971
横網一丁目,127,149,136,285
横網二丁目,721,607,576,1183
亀沢一丁目,1177,1027,1014,2041
亀沢二丁目,927,819,919,1738
亀沢三丁目,974,988,921,1909
亀沢四丁目,1400,1252,1234,2486
石原一丁目,1506,1253,1266,2519
石原二丁目,1283,1180,1158,2338
石原三丁目,1635,1501,1295,2796
石原四丁目,1421,1366,1269,2635
本所一丁目,1510,1438,1399,2837
本所二丁目,874,806,840,1646
本所三丁目,1004,910,935,1845
本所四丁目,1225,1134,1108,2242
東駒形一丁目,765,614,627,1241
東駒形二丁目,867,791,769,1560
東駒形三丁目,841,741,730,1471
東駒形四丁目,1400,1225,1194,2419
吾妻橋一丁目,1249,983,1065,2048
吾妻橋二丁目,853,680,685,1365
吾妻橋三丁目,837,784,832,1616
錦糸一丁目,1291,988,953,1941
錦糸二丁目,451,365,332,697
錦糸三丁目,482,374,382,756
錦糸四丁目,992,869,900,1769
太平一丁目,1791,1717,1694,3411
太平二丁目,983,805,712,1517
太平三丁目,750,604,610,1214
太平四丁目,2545,2320,2461,4781
横川一丁目,766,828,722,1550
横川二丁目,871,748,652,1400
横川三丁目,643,583,545,1128
横川四丁目,778,698,633,1331
横川五丁目,1370,1225,1533,2758
業平一丁目,1496,1412,1561,2973
業平二丁目,821,702,641,1343
業平三丁目,864,684,683,1367
業平四丁目,1129,931,983,1914
業平五丁目,1160,1073,1182,2255
向島一丁目,1233,1079,1031,2110
向島二丁目,1373,1214,1259,2473
向島三丁目,2147,1891,1842,3733
向島四丁目,1293,1284,1306,2590
向島五丁目,2334,2062,1991,4053
東向島一丁目,1657,1520,1500,3020
東向島二丁目,2697,2400,2501,4901
東向島三丁目,1614,1605,1703,3308
東向島四丁目,1883,1702,1758,3460
東向島五丁目,2037,1864,1971,3835
東向島六丁目,2745,2621,2645,5266
堤通一丁目,1126,1245,1151,2396
堤通二丁目,2092,1973,2441,4414
墨田一丁目,1247,1388,1512,2900
墨田二丁目,1992,2014,1930,3944
墨田三丁目,1870,1841,1788,3629
墨田四丁目,2443,2343,2507,4850
墨田五丁目,1505,1438,1383,2821
押上一丁目,1285,1070,1162,2232
押上二丁目,2032,1852,1988,3840
押上三丁目,2222,2143,2031,4174
京島一丁目,3394,3259,3463,6722
京島二丁目,998,966,867,1833
京島三丁目,2390,2227,2166,4393
文花一丁目,2936,2628,3168,5796
文花二丁目,1179,1129,1122,2251
文花三丁目,1180,1349,1347,2696
八広一丁目,1745,1718,1610,3328
八広二丁目,2022,2097,2042,4139
八広三丁目,1771,1745,1688,3433
八広四丁目,1988,2046,1943,3989
八広五丁目,1529,1457,1466,2923
八広六丁目,2005,2044,1948,3992
立花一丁目,3355,3070,3190,6260
立花二丁目,866,790,744,1534
立花三丁目,1432,1351,1381,2732
立花四丁目,1797,1883,1798,3681
立花五丁目,1822,2054,2017,4071
立花六丁目,1154,1141,1245,2386
東墨田一丁目,83,95,65,160
東墨田二丁目,667,659,592,1251
東墨田三丁目,410,442,383,825
立川四丁目,8ｬ会,大井第一,35.6061454,139.7422373
０４Ｋ－０６７,東大井４－２－２,パークホームズ大井仙台坂グランヴェル,粉末,脚,2005.02,,,89,東大井林町会,大井第一,35.6062170,139.7406632
０４Ｋ－０７３,東大井１－２４－１１,カナルマルテ,粉末,脚,2006.07,2006.07,2005.03,73,鮫洲仲町会,大井第一,35.6030255,139.7423346
０４Ｋ－０７４,東大井５－２６－２３,スカイコート品川仙台坂,粉末,脚,2005.03,,,87,大井立会町会,大井第一,35.6065443,139.7387083
０５Ｋ－０１５,東大井５－４－５,ルネス大井町ゼームス坂,粉末,脚,2005.07,2005.07,2005.07,87,大井立会町会,大井第一,35.6076947,139.7368076
０５Ｋ－０３１,東大井１－２１－５,ニューシティアパートメント東大井,粉末,脚,2005.12,2005.12,2005.12,73,鮫洲仲町会,大井第一,35.6038003,139.7411583
０５Ｋ－０３４,南品川５－１４－１４,南品川５丁目マンション,粉末,脚,2005.12,2005.12,2005.12,20,三睦会町会,品川第二,35.6072977,139.7400663
４７Ａ－２５８,南品川５－１４－１４,小野田宅,粉末,ウ,2007.02,2007.02,2006.03,20,三睦会町会,品川第二,35.6074518,139.7401724
４７Ａ－２６８,南品川５－１１－２５,鈴木宅,粉末,ウ,2006.08,2006.08,93.1,23,南品川南睦会,品川第二,35.6072357,139.7397574
４７Ｂ－００５,東大井１－１４－２４,東京ナイル,粉末,ウ,2004.12,2004.12,87.09,71,鮫洲曙町会,大井第一,35.6046573,139.7449060
４７Ｂ－００８,東大井１－４,区立鮫洲運動場,粉末,ウ,2005.09,2005.09,2003.06,72,鮫洲北町会,大井第一,35.6059213,139.7442005
４７Ｂ－０１１,東大井１－３－２,ミニストップ,粉末,ウ,2005.08,2005.08,88.07,72,鮫洲北町会,大井第一,35.6067423,139.7443021
４７Ｂ－０１３,東大井１－２－９,青雲稲荷神社,粉末,ウ,2002.12,2002.12,2002.12,72,鮫洲北町会,大井第一,35.6058288,139.7431411
４７Ｂ－０１９,東大井４－６－１３,区立大井公園東,粉末,ウ,2003.04,2003.04,2002.07,89,東大井林町会,大井第一,35.6052746,139.7416857
４７Ｂ－０２２,東大井１－１６－２２,駐車場,粉末,ウ,2003.07,2003.07,88.09,73,鮫洲仲町会,大井第一,35.6043626,139.7432945
４７Ｂ－０２５,東大井１－２５－１,駐車場前,粉末,ウ,97,2007.02,91.03,73,鮫洲仲町会,大井第一,35.6029391,139.7429424
４７Ｂ－０２７,東大井１－１７－１４,駐車場前,粉末,ウ,97,2007.02,88.07,73,鮫洲仲町会,大井第一,35.6039445,139.7428221
４７Ｂ－０２８,東大井１－２４－１５,駐車場,粉末,ウ,2005.03,2005.03,2005.03,73,鮫洲仲町会,大井第一,35.6034540,139.7425007
４７Ｂ－０３１,東大井１－２２－５,シティハウス東大井,粉末,ウ,2004.07,2004.07,88.07,73,鮫洲仲町会,大井第一,35.6036840,139.7416035
４７Ｂ－０３４,東大井２－４－８,居食亭じぁんぬ,粉末,ウ,2003.06,2003.06,93.1,74,鮫洲南町会,大井第一,35.6022358,139.7417714
４７Ｂ－０３７,東大井２－９－１４,佐久間宅,粉末,ア,2003.06,2003.06,86.02,74,鮫洲南町会,大井第一,35.6011907,139.7408276
４７Ｂ－０５１,東大井４－１０－６,ドーミー大井町,粉末,ウ,2004.07,2004.07,91.03,88,東大井月見台町会,大井第一,35.6054628,139.7397375
４７Ｂ－０５６,東大井２－３－１０,高橋宅,粉末,ウ,2003.07,2003.07,88.07,86,大井元芝町会,大井第一,35.6018892,139.7410437
４７Ｂ－０５９,東大井３－６－２０,宮原宅,粉末,ウ,98,2003.03,88.07,86,大井元芝町会,大井第一,35.6025099,139.7398690
４７Ｂ－０６７,東大井４－１５－３,ワールドパレス大井仙台坂Ⅱ,粉末,ウ,2003.07,2003.07,87.02,88,東大井月見台町会,大井第一,35.6048759,139.7391612
４７Ｂ－０７３,東大井３－１１－１６,高島宅,粉末,ウ,2004.07,2004.07,85.12,86,大井元芝町会,大井第一,35.6031178,139.7371761
４７Ｂ－０９０,東大井５－２５－３,丸山宅,粉末,ウ,2004.07,2004.07,88.07,87,大井立会町会,大井第一,35.6061580,139.7383598
４７Ｂ－０９１,東大井５－７－１３,芳林堂書店,粉末,ウ,2007.03,2007.03,2003.07,87,大井立会町会,大井第一,35.6071273,139.7374362
４７Ｂ－０９２,東大井５－２４－３,藤谷工務店,粉末,ア,2004.07,2004.07,88.07,87,大井立会町会,大井第一,35.6058339,139.7374791
４７Ｂ－０９３,東大井５－２３－１３,第３港南マンション,粉末,ウ,2003.07,2003.07,88.1,87,大井立会町会,大井第一,35.6047806,139.7375213
４７Ｂ－０９７,東大井５－２－８,橋本フトン店,粉末,ウ,2007.02,2007.02,90.03,87,大井立会町会,大井第一,35.6075997,139.7361552
４７Ｂ－１０１,東大井５－１７－１,駐車場,粉末,ウ,2004.1,2004.1,2004.1,87,大井立会町会,大井第一,35.6070500,139.7356861
４７Ｂ－１０２,東大井６－１０－１０,大沼宅,粉末,ア,2003.07,2004.03,86.02,85,大井関ケ原町会,大井第一,35.6025767,139.7367128
４７Ｂ－１０５,東大井６－５－１７,佐藤製薬㈱,粉末,ウ,2007.03,2007.03,92.01,85,大井関ケ原町会,大井第一,35.6039162,139.7362189
４７Ｂ－１０７,東大井６－１２－１１,海老沢宅,粉末,ウ,2004.07,2004.07,91.03,85,大井関ケ原町会,大井第一,35.6021192,139.7359543
４７Ｂ－１１０,東大井６－２－１８,岩野宅,粉末,ウ,2004.07,2004.07,2006.09,85,大井関ケ原町会,大井第一,35.6038920,139.7349343
４７Ｂ－２１６,大井１－６－６,みずほ銀行,粉末,ウ,98,2003.02,2007.03,94,大井一丁目権現町会,大井第二,35.6068425,139.7340328
４７Ｂ－２４０,大井４－１０－４,大栄ビル,粉末,ウ,2003.07,2003.07,94.09,99,大井倉田町会,大井第二,35.6033457,139.7343919
４８Ｂ－０３３,大井４－１１－１７,駐車場,粉末,ウ,2006.08,2006.08,86.05,99,大井倉田町会,大井第二,35.6011440,139.7340203
４９Ａ－２０３,南品川３－２－２,木村宅,粉末,ア,2003.07,2003.07,88.07,20,三睦会町会,品川第二,35.6069022,139.7432835
４９Ａ－２０８,南品川３－３－５,小森宅,粉末,ウ,2005.08,2005.08,88.09,20,三睦会町会,品川第二,35.6073442,139.7438510
４９Ｂ－００８,東大井１－４－２２,高橋宅,粉末,ア,2005.12,2005.12,91.03,72,鮫洲北町会,大井第一,35.6049639,139.7444971
４９Ｂ－００９,東大井１－２－７,飯田酒店,粉末,ウ,2005.06,2005.06,2003.04,72,鮫洲北町会,大井第一,35.6059513,139.7437047
４９Ｂ－０１０,東大井１－１－７,今岡工業,粉末,ウ,2003.07,2003.07,88.01,72,鮫洲北町会,大井第一,35.6063396,139.7438968
４９Ｂ－０１１,東大井１－２－１６,鮫洲更科,粉末,ウ,92.1,2003.03,98.03,72,鮫洲北町会,大井第一,35.6047778,139.7430372
４９Ｂ－０１６,東大井４－６－６,五幸ハイツ,粉末,ウ,92.04,2007.02,89.11,89,東大井林町会,大井第一,35.6058271,139.7421296
４９Ｂ－０１９,東大井１－２０－１３,八幡神社,粉末,ウ,2003.07,2003.07,2005.09,73,鮫洲仲町会,大井第一,35.6043153,139.7421787
４９Ｂ－０２０,東大井１－２３－１２,中田宅,粉末,ア,2004.07,2004.07,88.07,73,鮫洲仲町会,大井第一,35.6032668,139.7418688
４９Ｂ－０２１,東大井１－２１－１１,池田宅,粉末,ウ,2006.08,2006.08,93.1,73,鮫洲仲町会,大井第一,35.6044352,139.7416074
４９Ｂ－０２４,東大井１－１６－９,駐車場前,粉末,ウ,2004.07,2004.07,89.07,73,鮫洲仲町会,大井第一,35.6041090,139.7434034
４９Ｂ－０２８,東大井２－４－３,土田宅,粉末,ウ,2003.01,2003.01,2003.01,74,鮫洲南町会,大井第一,35.6028025,139.7420713
４９Ｂ－０３０,東大井２－７－８,品川テクノ,粉末,ウ,92.04,2007.02,98.07,74,鮫洲南町会,大井第一,35.6012127,139.7422614
４９Ｂ－０４５,東大井４－１０－９,東條宅,粉末,ウ,2006.08,2006.08,91.03,88,東大井月見台町会,大井第一,35.6056734,139.7399461
４９Ｂ－０４９,東大井４－１４－３,グリーンロッジ,粉末,ア,2004.07,2004.07,94.09,88,東大井月見台町会,大井第一,35.6052628,139.7393273
４９Ｂ－０５０,東大井２－３－２,芝崎宅,粉末,ア,2003.08,2003.08,97.09,86,大井元芝町会,大井第一,35.6025830,139.7409800
４９Ｂ－０５２,東大井２－１１－７,鮫洲小学校グランド,粉末,ウ,2006.08,2006.08,95.08,86,大井元芝町会,大井第一,35.6018044,139.7400290
４９Ｂ－０５３,東大井３－６－１７,日高宅,粉末,ア,2003.02,2003.12,91.33,86,大井元芝町会,大井第一,35.6028252,139.7399400
４９Ｂ－０５７,東大井３－８－８,広瀬宅,粉末,ウ,2006.08,2006.08,94.08,86,大井元芝町会,大井第一,35.6025790,139.7386785
４９Ｂ－０５９,東大井３－１０－１４,北沢塗装,粉末,ウ,2003.08,2003.08,88.07,86,大井元芝町会,大井第一,35.6028348,139.7381939
４９Ｂ－０６０,東大井３－１１－１１,秋山宅,粉末,ウ,92.11,2003.12,88.07,86,大井元芝町会,大井第一,35.6028431,139.7372475
４９Ｂ－０６６,東大井３－１０－２３,倉持宅,粉末,ア,2006.08,2006.08,87.09,86,大井元芝町会,大井第一,35.6033656,139.7377949
４９Ｂ－０８２,東大井５－１１－３,かんべ土地１１号ビル,粉末,ウ,92.07,2007.02,89.03,87,大井立会町会,大井第一,35.6069052,139.7381611
４９Ｂ－０８３,東大井５－５－８,酒仙道場,粉末,ウ,2003,2003,90.1,87,大井立会町会,大井第一,35.6072203,139.7367527
４９Ｂ－０８８,東大井５－２３－９,第三港南ﾏﾝｼｮﾝ,粉末,ウ,2004.07,2004.07,2003.01,87,大井立会町会,大井第一,35.6050145,139.7374266
４９Ｂ－０９２,東大井５－２６－５,仙台坂マンション,粉末,ウ,92.11,2003.02,2003.07,87,大井立会町会,大井第一,35.6064924,139.7392411
４９Ｂ－０９３,東大井５－１４－１０,親和荘,粉末,ウ,2004.07,2004.07,93.1,87,大井立会町会,大井第一,35.6061535,139.7369635
４９Ｂ－０９５,東大井５－８－１４,佐藤宅,粉末,ア,2003.07,2003.07,86.02,87,大井立会町会,大井第一,35.6076300,139.7374823
４９Ｂ－０９８,東大井５－３－５,弁慶,粉末,ア,2005.06,2005.06,2005.08,87,大井立会町会,大井第一,35.6074833,139.7357116
４９Ｂ－１０２,東大井６－１４－２,小池宅,粉末,ア,92.11,2003.12,2005.02,85,大井関ケ原町会,大井第一,35.6012240,139.7353952
４９Ｂ－１０７,東大井３－３－１４,かえでそばや,粉末,ウ,2004.07,2004.07,98.03,86,大井元芝町会,大井第一,35.6040546,139.7370941
５８Ｂ－００２,東大井１－１５－３,望月宅,粉末,ウ,2003.07,2003.07,91.03,72,鮫洲北町会,大井第一,35.6044562,139.7436136
５８Ｂ－００３,東大井１－２４－１１,カナルマルテ,粉末,ウ,2006.08,2006.08,93.04,73,鮫洲仲町会,大井第一,35.6031249,139.7423249
５８Ｂ－０１３,東大井６－１０－４,相原宅,粉末,ウ,91.06,2001.01,91.06,85,大井関ケ原町会,大井第一,35.6030567,139.7362915
５９Ａ－０１０,南品川３－３－５,三睦会館,粉末,ウ,2004.07,2004.07,91.03,20,三睦会町会,品川第二,35.6074478,139.7440218
６２Ｋ－０１２,東大井１－２－１１,ウエノ東大井ハイツ,粉末,脚,2005.08,2005.08,87.09,72,鮫洲北町会,大井第一,35.6055008,139.7430886
６２Ｋ－０１８,大井４－１０－８,ジョイフル大井町,粉末,脚,2005.08,2005.08,87.09,99,大井倉田町会,大井第二,35.6027133,139.7342505
６２Ｋ－０２３,大井１－５２－６,コスモ大井,粉末,脚,2005.08,2005.08,87.09,95,大井一丁目鎧町会,大井第二,35.6049419,139.7340513
６３Ｋ－０４８,東大井４－１０－４,住友銀行東大井寮,粉末,脚,88.08,2004.12,88.08,88,東大井月見台町会,大井第一,35.6050885,139.7395284
８９Ａ－０１０,南品川５－１１－４０,立正校成会品川教会,粉末,ウ,90.03,2001.01,90.03,23,南品川南睦会,品川第二,35.6077309,139.7386161
８９Ｂ－０１２,東大井４－２－４,仙台坂第１ハイツ,粉末,ウ,92.08,2003.12,90.03,89,東大井林町会,大井第一,35.6067008,139.7404938
８９Ｂ－０１７,東大井６－２－１１,むらやま食堂,粉末,ウ,94,2004.12,90.03,85,大井関ケ原町会,大井第一,35.6039804,139.7352893
８９Ｂ－０１８,東大井６－５－１０,日興社,粉末,ウ,94,2004.12,90.03,85,大井関ケ原町会,大井第一,35.6043971,139.7362416
８９Ｋ－０１６,東大井４－２－４,仙台坂第１ハイツ,粉末,脚,89.11,2004.12,89.11,89,東大井林町会,大井第一,35.6066644,139.7406771
８９Ｋ－０１７,東大井５－１０－１０,ジョイテル大井町,粉末,脚,"2006,07",2006.07,89.11,87,大井立会町会,大井第一,35.6070795,139.7385723
８９Ｋ－０１８,東大井５－１２－８,東大井　ＣＩＴＹ　ＨＯＵＳＥ,粉末,脚,89.11,2004.12,2005.03,87,大井立会町会,大井第一,35.6065460,139.7378700
８９Ｋ－０１９,東大井６－３－３,東芝病院２号棟,粉末,脚,89.11,2004.12,89.11,85,大井関ケ原町会,大井第一,35.6024470,139.7349651
８９Ｋ－０２０,東大井６－４－３,エスト－ル東大井,粉末,脚,89.11,2004.12,89.11,85,大井関ケ原町会,大井第一,35.6039620,139.7355229
８９Ｋ－０２１,東大井６－１４－９,大輝レジデンス,粉末,脚,89.11,2004.12,89.11,85,大井関ケ原町会,大井第一,35.6011469,139.7362616
９０Ｂ－００７,東大井６－９－１４,サンハイム,粉末,ウ,2005.04,2005.04,90.1,85,大井関ケ原町会,大井第一,35.6033977,139.7361000
９０Ｂ－００８,東大井６－１２－１０,関が原公園　入口,粉末,ウ,92.07,2001.01,90.1,85,大井関ケ原町会,大井第一,35.6022239,139.7358102
９０Ｋ－０１４,東大井５－２２－５,三愛平和ビル,粉末,脚,90.11,2004.12,90.11,87,大井立会町会,大井第一,35.6054802,139.7357389
９０Ｋ－０１６,東大井５－２３－２４,品川郵便局庁舎,粉末,脚,90.11,2004.12,90.11,87,大井立会町会,大井第一,35.6051436,139.7360238
９１Ｋ－０１６,東大井２－８－４,品川都市整備公社,粉末,脚,90,2007.02,91.08,74,鮫洲南町会,大井第一,35.6016192,139.7418486
９１Ｋ－０２０,東大井４－２－１４,大井仙台坂パークハウス,粉末,脚,92,2007.02,91.1,89,東大井林町会,大井第一,35.6058970,139.7404560
９１Ｋ－０３６,東大井５－２３－２４,ドルチェ品川,粉末,脚,92.03,2003.03,92.03,87,大井立会町会,大井第一,35.6043737,139.7365411
９２Ｂ－００７,東大井１－１６－６,潮風荘,粉末,ウ,93.01,2003.12,93.01,73,鮫洲仲町会,大井第一,35.6037807,139.7432698
９２Ｋ－０２１,東大井３－１２－１６,大井町スカイレジテル,粉末,脚,91,2004.12,2000.06,86,大井元芝町会,大井第一,35.6024831,139.7371840
９３Ｋ－００７,大井１－２,ＪＲ大井町駅　西口,粉末,直,92,2003.12,93.06,94,大井一丁目権現町会,大井第二,35.6059173,139.7346717
９３Ｋ－０１５,東大井５－２６－２２,エクシズビル,粉末,壁,93.09,2003.12,93.09,87,大井立会町会,大井第一,35.6064865,139.7384998
９３Ｋ－０２１,東大井１－２５－２,パールコート東大井,粉末,壁,93.11,2002.07,93.11,73,鮫洲仲町会,大井第一,35.6027831,139.7429085
９４Ｋ－００１,東大井６－３－２２,東芝中央病院新１号館,粉末,脚,94.04,2003.03,94.04,85,大井関ケ原町会,大井第一,35.6016948,139.7353930
９５Ｋ－０１３,東大井３－７－８,パレ東大井,粉末,壁,95.1,2004.12,95.1,86,大井元芝町会,大井第一,35.6022527,139.7390913
９７Ｋ－０１２,東大井５－１４－７,藤和シティホームズ,粉末,脚,97.05,2007.02,97.05,87,大井立会町会,大井第一,35.6063782,139.7371549
９７Ｋ－０４９,東大井５－２３－１６,コスモ大井町グレイスシティ－,粉末,,98.02,2007.02,98.02,87,大井立会町会,大井第一,35.6044676,139.7371400
９８Ｋ－０１４,東大井５－２５－１,カーサ大井町,粉末,脚,98.06,2003.12,98.06,87,大井立会町会,大井第一,35.6063702,139.7380773
９８Ｋ－０１５,東大井３－５－９,エクセルシオール品川大井町,粉末,脚,98,2007.02,2005.09,86,�