町丁目,世帯数[世帯],男[人],女[人],総数[人]
両国一丁目,1072,816,812,1628
両国二丁目,1339,1036,1058,2094
両国三丁目,1337,986,1006,1992
両国四丁目,1355,1079,1051,2130
千歳一丁目,977,799,850,1649
千歳二丁目,644,539,516,1055
千歳三丁目,1504,1255,1212,2467
緑一丁目,2019,1683,1585,3268
緑二丁目,1781,1647,1716,3363
緑三丁目,1674,1456,1476,2932
緑四丁目,2932,2461,2301,4762
立川一丁目,890,635,697,1332
立川二丁目,900,722,699,1421
立川三丁目,1102,884,919,1803
立川四丁目,1049,790,805,1595
菊川一丁目,1075,865,948,1813
菊川二丁目,1472,1097,1257,2354
菊川三丁目,2221,1867,1978,3845
江東橋一丁目,1014,770,756,1526
江東橋二丁目,1428,1161,1121,2282
江東橋三丁目,614,451,316,767
江東橋四丁目,1738,1250,1269,2519
江東橋五丁目,1718,1499,1530,3029
横網一丁目,140,160,148,308
横網二丁目,695,587,589,1176
亀沢一丁目,1238,1036,1068,2104
亀沢二丁目,1045,891,1032,1923
亀沢三丁目,1052,1073,1046,2119
亀沢四丁目,1509,1350,1353,2703
石原一丁目,1647,1287,1331,2618
石原二丁目,1458,1264,1288,2552
石原三丁目,1737,1543,1408,2951
石原四丁目,1605,1466,1453,2919
本所一丁目,1638,1437,1480,2917
本所二丁目,932,779,854,1633
本所三丁目,1067,883,939,1822
本所四丁目,1493,1265,1253,2518
東駒形一丁目,885,684,699,1383
東駒形二丁目,861,753,777,1530
東駒形三丁目,958,772,776,1548
東駒形四丁目,1463,1184,1253,2437
吾妻橋一丁目,1342,1044,1109,2153
吾妻橋二丁目,920,691,753,1444
吾妻橋三丁目,871,794,842,1636
錦糸一丁目,1439,1066,1046,2112
錦糸二丁目,473,358,330,688
錦糸三丁目,471,379,324,703
錦糸四丁目,1020,905,914,1819
太平一丁目,2003,1839,1827,3666
太平二丁目,954,766,661,1427
太平三丁目,899,718,690,1408
太平四丁目,2667,2345,2443,4788
横川一丁目,819,841,771,1612
横川二丁目,972,823,722,1545
横川三丁目,714,611,589,1200
横川四丁目,770,654,604,1258
横川五丁目,1457,1238,1622,2860
業平一丁目,1579,1389,1601,2990
業平二丁目,813,682,612,1294
業平三丁目,866,668,703,1371
業平四丁目,1237,928,1023,1951
業平五丁目,1220,1110,1226,2336
向島一丁目,1452,1183,1190,2373
向島二丁目,1574,1286,1416,2702
向島三丁目,2732,2338,2334,4672
向島四丁目,1340,1256,1332,2588
向島五丁目,2610,2170,2163,4333
東向島一丁目,1783,1601,1557,3158
東向島二丁目,2855,2408,2618,5026
東向島三丁目,1746,1690,1766,3456
東向島四丁目,1992,1724,1767,3491
東向島五丁目,2207,1878,2038,3916
東向島六丁目,2994,2741,2758,5499
堤通一丁目,1143,1199,1106,2305
堤通二丁目,2092,1835,2381,4216
墨田一丁目,1444,1490,1667,3157
墨田二丁目,2058,1959,1948,3907
墨田三丁目,2039,1853,1859,3712
墨田四丁目,2461,2340,2427,4767
墨田五丁目,1553,1393,1399,2792
押上一丁目,1303,1027,1122,2149
押上二丁目,2010,1766,1908,3674
押上三丁目,2361,2203,2210,4413
京島一丁目,3621,3406,3713,7119
京島二丁目,1000,958,835,1793
京島三丁目,2304,2130,2066,4196
文花一丁目,2997,2565,3067,5632
文花二丁目,1331,1169,1253,2422
文花三丁目,1190,1323,1299,2622
八広一丁目,1879,1756,1652,3408
八広二丁目,2239,2183,2082,4265
八広三丁目,1853,1819,1724,3543
八広四丁目,2387,2283,2255,4538
八広五丁目,1619,1445,1486,2931
八広六丁目,2113,2072,2004,4076
立花一丁目,3474,3008,3193,6201
立花二丁目,890,809,804,1613
立花三丁目,1636,1499,1495,2994
立花四丁目,1864,1847,1789,3636
立花五丁目,2040,2242,2184,4426
立花六丁目,1209,1108,1255,2363
東墨田一丁目,85,88,64,152
東墨田二丁目,780,716,672,1388
東墨田三丁目,404,424,396,820
:dataty町丁目,世帯数[世帯],男[人],女[人],総数[人]
両国一丁目,1087,823,816,1639
両国二丁目,1346,1035,1073,2108
両国三丁目,1333,979,1007,1986
両国四丁目,1352,1085,1051,2136
千歳一丁目,972,793,851,1644
千歳二丁目,646,541,513,1054
千歳三丁目,1510,1252,1218,2470
緑一丁目,2013,1683,1583,3266
緑二丁目,1782,1651,1721,3372
緑三丁目,1683,1462,1482,2944
緑四丁目,2915,2457,2278,4735
立川一丁目,892,633,699,1332
立川二丁目,896,727,699,1426
立川三丁目,1100,886,911,1797
立川四丁目,1047,786,802,1588
菊川一丁目,1083,876,952,1828
菊川二丁目,1477,1100,1255,2355
菊川三丁目,2215,1868,1973,3841
江東橋一丁目,1002,758,748,1506
江東橋二丁目,1439,1171,1128,2299
江東橋三丁目,620,455,316,771
江東橋四丁目,1741,1252,1268,2520
江東橋五丁目,1727,1507,1540,3047
横網一丁目,140,162,146,308
横網二丁目,704,592,596,1188
亀沢一丁目,1236,1041,1062,2103
亀沢二丁目,1048,893,1028,1921
亀沢三丁目,1050,1072,1046,2118
亀沢四丁目,1513,1356,1348,2704
石原一丁目,1633,1283,1326,2609
石原二丁目,1458,1263,1287,2550
石原三丁目,1742,1543,1413,2956
石原四丁目,1627,1491,1455,2946
本所一丁目,1647,1450,1482,2932
本所二丁目,932,779,856,1635
本所三丁目,1061,881,935,1816
本所四丁目,1479,1261,1248,2509
東駒形一丁目,886,686,704,1390
東駒形二丁目,865,756,781,1537
東駒形三丁目,945,764,773,1537
東駒形四丁目,1440,1172,1239,2411
吾妻橋一丁目,1331,1037,1102,2139
吾妻橋二丁目,917,693,749,1442
吾妻橋三丁目,866,792,837,1629
錦糸一丁目,1443,1072,1051,2123
錦糸二丁目,472,360,328,688
錦糸三丁目,469,377,324,701
錦糸四丁目,1017,905,911,1816
太平一丁目,1997,1835,1827,3662
太平二丁目,950,766,655,1421
太平三丁目,907,722,693,1415
太平四丁目,2667,2344,2452,4796
横川一丁目,822,842,771,1613
横川二丁目,978,829,730,1559
横川三丁目,706,604,585,1189
横川四丁目,769,659,605,1264
横川五丁目,1455,1234,1623,2857
業平一丁目,1580,1403,1602,3005
業平二丁目,814,684,615,1299
業平三丁目,863,668,701,1369
業平四丁目,1232,929,1019,1948
業平五丁目,1220,1102,1231,2333
向島一丁目,1441,1173,1182,2355
向島二丁目,1572,1278,1412,2690
向島三丁目,2696,2332,2321,4653
向島四丁目,1340,1253,1332,2585
向島五丁目,2604,2166,2160,4326
東向島一丁目,1791,1607,1564,3171
東向島二丁目,2853,2414,2605,5019
東向島三丁目,1748,1700,1764,3464
東向島四丁目,1990,1724,1764,3488
東向島五丁目,2206,1876,2031,3907
東向島六丁目,2987,2749,2760,5509
堤通一丁目,1148,1201,1106,2307
堤通二丁目,2102,1847,2401,4248
墨田一丁目,1453,1494,1671,3165
墨田二丁目,2061,1961,1952,3913
墨田三丁目,2039,1856,1858,3714
墨田四丁目,2472,2347,2439,4786
墨田五丁目,1554,1400,1394,2794
押上一丁目,1303,1023,1123,2146
押上二丁目,2021,1775,1909,3684
押上三丁目,2352,2199,2201,4400
京島一丁目,3626,3415,3700,7115
京島二丁目,1003,963,839,1802
京島三丁目,2297,2121,2059,4180
文花一丁目,3004,2573,3070,5643
文花二丁目,1330,1170,1249,2419
文花三丁目,1192,1322,1303,2625
八広一丁目,1871,1750,1646,3396
八広二丁目,2226,2186,2075,4261
八広三丁目,1857,1824,1727,3551
八広四丁目,2361,2255,2242,4497
八広五丁目,1618,1446,1490,2936
八広六丁目,2105,2065,2003,4068
立花一丁目,3482,3014,3213,6227
立花二丁目,886,807,800,1607
立花三丁目,1634,1493,1496,2989
立花四丁目,1875,1854,1795,3649
立花五丁目,2036,2239,2179,4418
立花六丁目,1208,1106,1250,2356
東墨田一丁目,85,88,64,152
東墨田二丁目,778,717,671,1388
東墨田三丁目,405,426,393,819
p:逕ｺ莨�>
    <ic:蠎ｧ讓� rdf:nodeID="ub6bL7970C9"/>
    <bp:蠖｢蠑� xml:lang="ja">繧ｦ</bp:蠖｢蠑�>
    <rdfs:label xml:lang="ja">逶ｸ逕滉ｼ�</rdfs:label>
    <bp:險ｭ鄂ｮ蝣ｴ謇� xml:lang="ja">譚ｱ莠泌渚逕ｰ�費ｼ搾ｼ托ｼ托ｼ搾ｼ托ｼ�</bp:險ｭ鄂ｮ蝣ｴ謇�>
    <bp:邨悟ｺｦ rdf:datatype="http://www.w3.org/2001/XMLSchemadouble">139.7256177</bp:邨悟ｺｦ>
    <bp:邱ｯ蠎ｦ rdf:datatype="http://www.w3.org/2001/XMLSchemadouble">35.6302298</bp:邱ｯ蠎ｦ>
    <bp:豸育↓蝎ｨ逡ｪ蜿ｷ xml:lang="ja">�費ｼ暦ｼ｡�搾ｼ抵ｼ假ｼ�</bp:豸育↓蝎ｨ逡ｪ蜿ｷ>
    <bp:陬ｽ騾�蟷ｴ譛� xml:lang="ja">92.01</bp:陬ｽ騾�蟷ｴ譛�>
    <bp:逶ｮ讓� xml:lang="ja">阯､蜥後す繝�ぅ繝ｼ繝帙�繝�繧ｺ豎�逕ｰ螻ｱ�郁�霆｢霆顔ｽｮ蝣ｴ��</bp:逶ｮ讓�>
    <geo:lat rdf:datatype="http://www.w3.org/2001/XMLSchemadouble">35.6302298</geo:lat>
    <bp:逕ｺ莨壼錐 xml:lang="ja">逶ｸ逕滉ｼ�</bp:逕ｺ莨壼錐>
    <geo:long rdf:datatype="http://www.w3.org/2001/XMLSchemadouble">139.7256177</geo:long>
    <bp:遞ｮ蛻･ xml:lang="ja">邊画忰</bp:遞ｮ蛻･>
    <bp:譬ｼ邏咲ｮｱ蟷ｴ譛� xml:lang="ja">88.07</bp:譬ｼ邏咲ｮｱ蟷ｴ譛�>
  </rdf:Description>
  <rdf:Description rdf:about="http://www.city.shinagawa.tokyo.jp/2592">
    <geo:lat rdf:datatype="http://www.w3.org/2001/XMLSchemadouble">35.6269392</geo:lat>
    <rdfs:label xml:lang="ja">莠泌渚逕ｰ譚ｱ蜿｣逕ｺ莨�</rdfs:label>
    <ic:蠎ｧ讓� rdf:nodeID="ub6bL3444C9"/>
    <bp:邱ｯ蠎ｦ rdf:datatype="http://www.w3.org/2001/XMLSchemadouble">35.6269392</bp:邱ｯ蠎ｦ>
    <bp:陬ｽ騾�蟷ｴ譛� xml:lang="ja">2003.07</bp:陬ｽ騾�蟷ｴ譛�>
    <geo:long rdf:datatype="http://www.w3.org/2001/XMLSch95772997{ �E": "2017-05-11 04:55:51", "SAFIELD000":埇~�0 �"SAFIELD001": 44