町丁目,世帯数[世帯],男[人],女[人],総数[人]
両国一丁目,978,747,765,1512
両国二丁目,1348,1054,1080,2134
両国三丁目,1318,966,1035,2001
両国四丁目,1332,1073,1044,2117
千歳一丁目,977,800,860,1660
千歳二丁目,647,565,505,1070
千歳三丁目,1486,1255,1200,2455
緑一丁目,1923,1610,1527,3137
緑二丁目,1797,1657,1739,3396
緑三丁目,1721,1487,1474,2961
緑四丁目,2874,2416,2283,4699
立川一丁目,881,634,692,1326
立川二丁目,892,726,682,1408
立川三丁目,1097,875,918,1793
立川四丁目,1058,793,823,1616
菊川一丁目,1070,869,938,1807
菊川二丁目,1504,1100,1265,2365
菊川三丁目,2247,1899,1961,3860
江東橋一丁目,987,746,751,1497
江東橋二丁目,1458,1201,1137,2338
江東橋三丁目,638,470,328,798
江東橋四丁目,1811,1296,1312,2608
江東橋五丁目,1683,1483,1502,2985
横網一丁目,146,167,149,316
横網二丁目,704,593,605,1198
亀沢一丁目,1229,1028,1052,2080
亀沢二丁目,1048,890,1035,1925
亀沢三丁目,1066,1085,1056,2141
亀沢四丁目,1520,1365,1328,2693
石原一丁目,1625,1274,1328,2602
石原二丁目,1459,1275,1284,2559
石原三丁目,1747,1551,1424,2975
石原四丁目,1580,1432,1400,2832
本所一丁目,1633,1458,1476,2934
本所二丁目,925,778,851,1629
本所三丁目,1018,888,897,1785
本所四丁目,1440,1257,1226,2483
東駒形一丁目,872,676,694,1370
東駒形二丁目,870,766,774,1540
東駒形三丁目,931,762,763,1525
東駒形四丁目,1472,1200,1268,2468
吾妻橋一丁目,1353,1053,1128,2181
吾妻橋二丁目,923,690,750,1440
吾妻橋三丁目,896,816,861,1677
錦糸一丁目,1434,1082,1055,2137
錦糸二丁目,480,372,326,698
錦糸三丁目,480,388,347,735
錦糸四丁目,1029,897,937,1834
太平一丁目,1945,1817,1800,3617
太平二丁目,937,772,644,1416
太平三丁目,868,688,668,1356
太平四丁目,2688,2363,2489,4852
横川一丁目,820,853,755,1608
横川二丁目,978,825,737,1562
横川三丁目,709,616,588,1204
横川四丁目,756,660,604,1264
横川五丁目,1443,1214,1617,2831
業平一丁目,1576,1438,1596,3034
業平二丁目,817,701,627,1328
業平三丁目,875,683,698,1381
業平四丁目,1215,925,1039,1964
業平五丁目,1213,1108,1227,2335
向島一丁目,1389,1148,1127,2275
向島二丁目,1571,1293,1414,2707
向島三丁目,2675,2302,2310,4612
向島四丁目,1370,1268,1356,2624
向島五丁目,2568,2178,2133,4311
東向島一丁目,1803,1610,1566,3176
東向島二丁目,2880,2449,2636,5085
東向島三丁目,1736,1703,1761,3464
東向島四丁目,2013,1751,1803,3554
東向島五丁目,2154,1857,1999,3856
東向島六丁目,3024,2766,2796,5562
堤通一丁目,1157,1208,1115,2323
堤通二丁目,2106,1871,2401,4272
墨田一丁目,1465,1497,1679,3176
墨田二丁目,2061,1987,1952,3939
墨田三丁目,2073,1876,1885,3761
墨田四丁目,2482,2361,2442,4803
墨田五丁目,1571,1412,1414,2826
押上一丁目,1347,1048,1160,2208
押上二丁目,2021,1780,1929,3709
押上三丁目,2318,2178,2183,4361
京島一丁目,3642,3425,3711,7136
京島二丁目,1002,958,859,1817
京島三丁目,2322,2132,2069,4201
文花一丁目,3008,2573,3089,5662
文花二丁目,1328,1166,1236,2402
文花三丁目,1209,1354,1323,2677
八広一丁目,1847,1741,1649,3390
八広二丁目,2170,2143,2068,4211
八広三丁目,1862,1849,1720,3569
八広四丁目,2280,2213,2197,4410
八広五丁目,1636,1467,1508,2975
八広六丁目,2105,2058,1980,4038
立花一丁目,3507,3057,3272,6329
立花二丁目,907,834,805,1639
立花三丁目,1645,1483,1532,3015
立花四丁目,1886,1869,1821,3690
立花五丁目,1969,2186,2146,4332
立花六丁目,1200,1120,1243,2363
東墨田一丁目,78,81,65,146
東墨田二丁目,744,696,644,1340
東墨田三丁目,404,423,391,814
6町丁目,世帯数[世帯],男[人],女[人],総数[人]
両国一丁目,980,749,759,1508
両国二丁目,1346,1048,1083,2131
両国三丁目,1317,963,1028,1991
両国四丁目,1324,1066,1037,2103
千歳一丁目,976,798,855,1653
千歳二丁目,645,564,502,1066
千歳三丁目,1472,1245,1193,2438
緑一丁目,1934,1614,1534,3148
緑二丁目,1801,1653,1746,3399
緑三丁目,1718,1485,1474,2959
緑四丁目,2873,2423,2282,4705
立川一丁目,886,637,694,1331
立川二丁目,892,724,684,1408
立川三丁目,1099,875,918,1793
立川四丁目,1061,799,823,1622
菊川一丁目,1055,862,928,1790
菊川二丁目,1504,1105,1264,2369
菊川三丁目,2251,1902,1964,3866
江東橋一丁目,990,750,755,1505
江東橋二丁目,1456,1199,1136,2335
江東橋三丁目,642,471,330,801
江東橋四丁目,1812,1291,1314,2605
江東橋五丁目,1678,1483,1498,2981
横網一丁目,149,169,150,319
横網二丁目,709,593,608,1201
亀沢一丁目,1230,1032,1055,2087
亀沢二丁目,1046,889,1035,1924
亀沢三丁目,1066,1086,1055,2141
亀沢四丁目,1519,1364,1329,2693
石原一丁目,1614,1268,1331,2599
石原二丁目,1458,1280,1279,2559
石原三丁目,1746,1551,1427,2978
石原四丁目,1566,1414,1387,2801
本所一丁目,1629,1462,1461,2923
本所二丁目,924,782,851,1633
本所三丁目,1021,890,898,1788
本所四丁目,1434,1256,1224,2480
東駒形一丁目,870,672,691,1363
東駒形二丁目,876,770,774,1544
東駒形三丁目,933,765,761,1526
東駒形四丁目,1470,1196,1266,2462
吾妻橋一丁目,1355,1059,1133,2192
吾妻橋二丁目,915,685,747,1432
吾妻橋三丁目,891,813,860,1673
錦糸一丁目,1438,1082,1060,2142
錦糸二丁目,478,368,325,693
錦糸三丁目,489,391,352,743
錦糸四丁目,1022,892,929,1821
太平一丁目,1949,1820,1804,3624
太平二丁目,935,768,650,1418
太平三丁目,866,686,664,1350
太平四丁目,2684,2372,2484,4856
横川一丁目,812,843,755,1598
横川二丁目,968,819,730,1549
横川三丁目,713,620,588,1208
横川四丁目,755,661,606,1267
横川五丁目,1449,1219,1617,2836
業平一丁目,1582,1439,1605,3044
業平二丁目,828,709,631,1340
業平三丁目,870,679,697,1376
業平四丁目,1216,927,1039,1966
業平五丁目,1213,1110,1223,2333
向島一丁目,1385,1144,1127,2271
向島二丁目,1573,1296,1410,2706
向島三丁目,2681,2306,2306,4612
向島四丁目,1358,1258,1349,2607
向島五丁目,2565,2168,2137,4305
東向島一丁目,1803,1607,1570,3177
東向島二丁目,2877,2454,2625,5079
東向島三丁目,1734,1699,1759,3458
東向島四丁目,2015,1753,1806,3559
東向島五丁目,2162,1863,2010,3873
東向島六丁目,3026,2765,2795,5560
堤通一丁目,1136,1187,1115,2302
堤通二丁目,2102,1870,2396,4266
墨田一丁目,1469,1503,1684,3187
墨田二丁目,2061,1988,1955,3943
墨田三丁目,2067,1865,1878,3743
墨田四丁目,2482,2360,2438,4798
墨田五丁目,1573,1415,1420,2835
押上一丁目,1347,1048,1156,2204
押上二丁目,2021,1777,1931,3708
押上三丁目,2325,2187,2186,4373
京島一丁目,3635,3415,3704,7119
京島二丁目,996,956,859,1815
京島三丁目,2322,2133,2070,4203
文花一丁目,3004,2573,3094,5667
文花二丁目,1329,1162,1241,2403
文花三丁目,1211,1358,1321,2679
八広一丁目,1849,1742,1654,3396
八広二丁目,2158,2132,2061,4193
八広三丁目,1857,1847,1711,3558
八広四丁目,2285,2216,2198,4414
八広五丁目,1634,1470,1514,2984
八広六丁目,2113,2063,1992,4055
立花一丁目,3517,3067,3278,6345
立花二丁目,911,832,809,1641
立花三丁目,1633,1472,1532,3004
立花四丁目,1891,1876,1833,3709
立花五丁目,1974,2189,2144,4333
立花六丁目,1202,1123,1243,2366
東墨田一丁目,78,81,65,146
東墨田二丁目,741,695,643,1338
東墨田三丁目,404,421,395,816
ｺ莠御ｸ∫岼", "SAFIELD007": 9, "SAFIELD008": "蝠�･ｭ蝨ｰ蝓�", "SAFIELD009": 111, "SAFIELD010": 0 }, "geometry": { "type": "LineString", "coordinates": [ [ 139.72981708917024, 35.608182115280158 ], [ 139.72982182643696, 35.608189059993364 ] ] } },
{ "type": "Feature", "properties": { "SAUID": 44287, "SAUPDATE": "2017-05-11 04:55:51", "SAFIELD000": 44287, "SAFIELD001": 44304, "SAFIELD002": 9, "SAFIELD003": "邱大喧菴吝鴨辟｡縺�", "SAFIELD004": 2.0, "SAFIELD005": "螟ｧ莠募慍蛹ｺ", "SAFIELD006": "螟ｧ莠穂ｸ�荳∫岼", "SAFIELD007": 9, "SAFIELD008": "蝠�･ｭ蝨ｰ蝓�", "SAFIELD009": 111, "SAFIELD010": 0 }, "geometry": { "type": "LineString", "coordinates": [ [ 139.7298129133101, 35.608167779714144 ], [ 139.72981433485668, 35.608178146831889 ], [ 139.72981708917024, 35.608182115280158 ] ] } },
{ "type": "Feature", "properties": { "SAUID": 44288, "SAUPDATE": "2017-05-11 04:55:51", "SAFIELD000": 44288, "SAFIELD001": 44305, "SAFIELD002": 9, "SAFIELD003": "邱大喧菴吝鴨辟｡縺�", "SAFIELD004": 5.0, "SAFIELD005": "螟ｧ莠募慍蛹ｺ", "SAFIELD006": "螟ｧ莠穂ｸ�荳∫岼", "SAFIELD007": 9, "SAFIELD008": "蝠�･ｭ蝨ｰ蝓�", "SAFIELD009": 520, "SAFIELD010": 0 }, "geometry": { "type": "LineString", "coordinates": [ [ 139.72981672243705, 35.608124065944317 ], [ 139.7298129133101, 35.608167779714144 ] ] } },
{ "type": "Feature", "properties": { "SAUID": 44289, "SAUPDATE": "2017-05-11 04:55:51", "SAFIELD000": 44289, "SAFIELD001": 44306, "SAFIELD002": 9, "SAFIELD003": "邱大喧菴吝鴨辟｡縺�", "SAFIELD004": 7.0, "SAFIELD005": "螟ｧ莠募恠p哿<yﾈ;x橆 �coordinates": [ [ 139.70330782766612, 35.609624507339824 ], [ 139.70331339225433