町丁目,世帯数[世帯],男[人],女[人],総数[人]
両国一丁目,1008,748,774,1522
両国二丁目,1342,1066,1058,2124
両国三丁目,1237,917,980,1897
両国四丁目,1302,989,1021,2010
千歳一丁目,982,823,832,1655
千歳二丁目,584,512,464,976
千歳三丁目,1430,1196,1199,2395
緑一丁目,1779,1540,1408,2948
緑二丁目,1718,1602,1699,3301
緑三丁目,1551,1402,1341,2743
緑四丁目,2603,2237,2057,4294
立川一丁目,872,633,681,1314
立川二丁目,870,696,685,1381
立川三丁目,1002,821,837,1658
立川四丁目,944,756,717,1473
菊川一丁目,963,804,887,1691
菊川二丁目,1397,1080,1195,2275
菊川三丁目,2193,1859,1949,3808
江東橋一丁目,955,718,753,1471
江東橋二丁目,1428,1201,1110,2311
江東橋三丁目,590,426,308,734
江東橋四丁目,1766,1241,1365,2606
江東橋五丁目,1674,1509,1543,3052
横網一丁目,139,164,148,312
横網二丁目,729,615,614,1229
亀沢一丁目,1238,1063,1074,2137
亀沢二丁目,999,853,1004,1857
亀沢三丁目,1010,1045,995,2040
亀沢四丁目,1496,1316,1300,2616
石原一丁目,1552,1256,1267,2523
石原二丁目,1415,1269,1251,2520
石原三丁目,1668,1519,1347,2866
石原四丁目,1473,1368,1301,2669
本所一丁目,1628,1506,1474,2980
本所二丁目,922,809,849,1658
本所三丁目,1037,919,930,1849
本所四丁目,1339,1224,1140,2364
東駒形一丁目,772,617,611,1228
東駒形二丁目,858,771,779,1550
東駒形三丁目,871,740,742,1482
東駒形四丁目,1429,1212,1238,2450
吾妻橋一丁目,1313,1017,1107,2124
吾妻橋二丁目,916,689,751,1440
吾妻橋三丁目,877,798,863,1661
錦糸一丁目,1380,1035,1028,2063
錦糸二丁目,463,359,318,677
錦糸三丁目,461,369,339,708
錦糸四丁目,1005,884,935,1819
太平一丁目,1841,1734,1735,3469
太平二丁目,929,763,671,1434
太平三丁目,832,665,667,1332
太平四丁目,2676,2386,2469,4855
横川一丁目,800,862,744,1606
横川二丁目,901,778,676,1454
横川三丁目,673,584,566,1150
横川四丁目,777,685,621,1306
横川五丁目,1463,1277,1651,2928
業平一丁目,1514,1425,1580,3005
業平二丁目,831,710,656,1366
業平三丁目,866,683,686,1369
業平四丁目,1181,924,1029,1953
業平五丁目,1154,1080,1179,2259
向島一丁目,1313,1091,1092,2183
向島二丁目,1506,1281,1358,2639
向島三丁目,2524,2175,2198,4373
向島四丁目,1328,1276,1322,2598
向島五丁目,2556,2184,2123,4307
東向島一丁目,1621,1520,1455,2975
東向島二丁目,2851,2465,2610,5075
東向島三丁目,1638,1648,1706,3354
東向島四丁目,1916,1707,1779,3486
東向島五丁目,2138,1867,2008,3875
東向島六丁目,2929,2695,2729,5424
堤通一丁目,1157,1197,1141,2338
堤通二丁目,2092,1927,2399,4326
墨田一丁目,1443,1517,1675,3192
墨田二丁目,2040,1996,1963,3959
墨田三丁目,1965,1837,1819,3656
墨田四丁目,2456,2348,2457,4805
墨田五丁目,1549,1410,1399,2809
押上一丁目,1334,1058,1153,2211
押上二丁目,2054,1823,1990,3813
押上三丁目,2302,2214,2131,4345
京島一丁目,3610,3383,3688,7071
京島二丁目,1001,963,855,1818
京島三丁目,2316,2157,2060,4217
文花一丁目,2938,2579,3120,5699
文花二丁目,1283,1152,1216,2368
文花三丁目,1195,1359,1334,2693
八広一丁目,1849,1743,1643,3386
八広二丁目,2070,2079,2071,4150
八広三丁目,1865,1853,1741,3594
八広四丁目,2139,2136,2107,4243
八広五丁目,1579,1441,1487,2928
八広六丁目,2082,2051,1966,4017
立花一丁目,3457,3074,3260,6334
立花二丁目,901,786,776,1562
立花三丁目,1586,1460,1497,2957
立花四丁目,1878,1858,1860,3718
立花五丁目,1869,2118,2048,4166
立花六丁目,1190,1146,1251,2397
東墨田一丁目,82,93,59,152
東墨田二丁目,738,717,644,1361
東墨田三丁目,410,442,398,840
吾妻橋三丁目3,141,中延１丁目町会,荏原第三,35.6120457,139.7095209
６２Ｃ－０８４,中延２－３－４,池田宅,粉末,ウ,2006.03,2006.03,88.03,141,中延１丁目町会,荏原第三,35.6115996,139.7097494
６２Ｃ－０８５,中延２－３－１９,塚田宅,粉末,ウ,2006.03,2006.03,88.03,141,中延１丁目町会,荏原第三,35.6117818,139.7094380
６２Ｃ－０８６,中延２－５－２０,岡田宅,粉末,ウ,2006.03,2006.03,88.03,142,中延２丁目町会,荏原第三,35.6113514,139.7103633
６２Ｃ－０９０,西中延２－１６－２４,もとまる一号館,粉末,ウ,2006.03,2006.03,88.03,145,西中延２丁目町会,荏原第三,35.6090124,139.7061665
６２Ｃ－０９１,西中延２－１１－１９,岡田宅,粉末,ウ,2004.08,2004.08,88.03,145,西中延２丁目町会,荏原第三,35.6097090,139.7079486
６２Ｃ－１１５,中延３－２－８,土肥宅,粉末,ウ,2006.03,2006.03,88.03,153,中延３丁目町会,荏原第四,35.6090517,139.7115810
６２Ｃ－１１９,中延３－５－２,田口宅,粉末,ウ,2006.03,2006.03,88.03,153,中延３丁目町会,荏原第四,35.6083792,139.7097734
６２Ｋ－０３２,西中延１－４－１５,ライオンズマンション西中延,粉末,脚,2005.08,2005.08,87.09,144,西中延１丁目町会,荏原第三,35.6131128,139.7075187
６２Ｋ－０３３,西中延１－７－１５,小沢宅,粉末,脚,2005.08,2005.08,87.09,144,西中延１丁目町会,荏原第三,35.6125156,139.7075970
６３Ｃ－０４４,荏原５－６－１４,区民センター裏,粉末,ウ,2006.08,2006.08,89.02,128,荏原５丁目町会,荏原第二,35.6143698,139.7022964
６３Ｃ－０４５,荏原５－９－１３,天理教荏原分教会,粉末,ウ,2006.08,2006.08,89.02,128,荏原５丁目町会,荏原第二,35.6142904,139.7032600
６３Ｃ－０４６,荏原５－１４－１２,㈱片品精機,粉末,ウ,2006.08,2006.08,89.02,128,荏原５丁目町会,荏原第二,35.6136735,139.7026439
６３Ｃ－０４８,荏原５－１６－１４,田畑宅,粉末,ウ,2006.08,2006.08,89.02,128,荏原５丁目町会,荏原第二,35.6128786,139.7012880
６３Ｃ－０４９,荏原６－６－１３,小林宅,粉末,ウ,2006.08,2006.08,89.02,129,荏原６丁目町会,荏原第二,35.6129694,139.7046526
６３Ｃ－０５０,荏原６－１８－３,福田宅,粉末,ウ,2005.02,2005.02,89.02,129,荏原６丁目町会,荏原第二,35.6118135,139.7046998
６３Ｃ－０５１,荏原７－１３－１２,間宮宅,粉末,ウ,2006.08,2006.08,89.02,130,荏原７丁目町会,荏原第二,35.6102306,139.7011155
６３Ｃ－０５５,旗の台１－６－６,旗の台コーポ,粉末,ウ,94,2000.07,89.02,131,旗の台１丁目町会,荏原第二,35.6105961,139.7037527
６３Ｃ－０６８,西中延２－７－１４,西中延公園,粉末,ウ,2006.08,2006.08,2003.02,145,西中延２丁目町会,荏原第三,35.6104509,139.7085221
６３Ｃ－０６９,西中延２－９－１８,梅山宅,粉末,ウ,2006.08,2006.08,89.02,145,西中延２丁目町会,荏原第三,35.6096887,139.7086381
６３Ｃ－０７０,西中延２－１７－２２,タイヘイハイム,粉末,ウ,2006.08,2006.08,89.02,145,西中延２丁目町会,荏原第三,35.6087368,139.7074822
６３Ｃ－０７１,西中延２－１８－１８,寿荘,粉末,ウ,2006.08,2006.08,89.02,145,西中延２丁目町会,荏原第三,35.6089307,139.7090606
６３Ｋ－０５６,中延１－２－９,コートハウス中延,粉末,脚,88.08,2004.12,88.08,141,中延１丁目町会,荏原第三,35.6135220,139.7108757
６３Ｋ－０５７,中延２－１－１,セザール中延,粉末,脚,88.08,2001.12,88.08,141,中延１丁目町会,荏原第三,35.6113069,139.7092856
６３Ｋ－０５８,西中延２－１４－１９,昭和大学病院　東棟,粉末,脚,99,2004.01,88.08,145,西中延２丁目町会,荏原第三,35.6097523,139.7059240
８９Ｃ－０１８,旗の台１－８－５,旗の台１丁目防災活動広場,粉末,ウ,90.03,2003.03,90.03,131,旗の台１丁目町会,荏原第二,35.6103272,139.7021080
８９Ｃ－０２４,平塚３－１３－１５,新井宅,粉末,ウ,90.03,2001.01,90.03,139,平塚３丁目町会,荏原第三,35.6137342,139.7117555
８９Ｃ－０２５,荏原６－９－１４,遊佐宅,粉末,ウ,90.03,2003.03,90.03,144,西中延１丁目町会,荏原第三,35.6133364,139.7064839
８９Ｃ－０２９,西中延２－４－２,大谷･橋本宅,粉末,ウ,90.03,2004.01,90.11,145,西中延２丁目町会,荏原第三,35.6104065,139.7076422
８９Ｋ－０４２,西中延２－１２－７,ピアメゾン西中延,粉末,脚,89.11,2004.12,89.11,145,西中延２丁目町会,荏原第三,35.6097392,139.7072873
９１Ｋ－０１７,荏原７－９－５,旗の台フラット,粉末,脚,91.1,2003.1,91.1,130,荏原７丁目町会,荏原第二,35.6113863,139.7024565
９２Ｃ－０１９,荏原６－１９－１９,浅井宅,粉末,ウ,93.01,2004.12,2005.03,144,西中延１丁目町会,荏原第三,35.6112471,139.7056201
９３Ｃ－０１５,荏原６－１４－１８,西見ハイツ,粉末,ウ,93,2004.12,94.01,129,荏原６丁目町会,荏原第二,35.6120712,139.7035328
４７Ｃ－２５７,荏原４－１５－１８,深見宅,粉末,ウ,1989,2001.01,1998.1,140,平塚４丁目町会,荏原第三,35.6144704,139.7067388
９３Ｋ－０２４,旗の台１－１－１１,旗の台新東洋ビル,粉末,脚,93,2003.12,94.01,131,旗の台１丁目町会,荏原第二,35.6109513,139.7056426
９５Ｋ－００５,中延１－２－７,桃李邦,粉末,壁,95.06,2004.12,95.06,141,中延１丁目町会,荏原第三,35.6138300,139.7108021
９５Ｋ－０１５,旗の台１－１－１６,菱和パレス旗の台,粉末,壁,95.1,2004.12,95.1,131,旗の台１丁目町会,荏原第二,35.6105147,139.7053473
９５Ｋ－０２２,中延１－１０－５,アールベェール　中延,粉末,脚,95.12,2004.12,95.12,141,中延１丁目町会,荏原第三,35.6130187,139.7109357
９６Ｋ－００７,西中延１－６－１,ワールドパレス西中延,粉末,脚,96.05,2007.02,96.05,144,西中延１丁目町会,荏原第三,35.6129645,139.7082212
９６Ｋ－０１７,旗の台６－７－１２,エクレール洗足,粉末,脚,96.08,2001.01,96.08,134,旗の台６丁目町会,荏原第二,35.6087430,139.7013391
９６Ｋ－０２０,西中延２－１６－６,モナージュ旗の台,粉末,脚,96.09,2000.07,96.09,145,西中延２丁目町会,荏原第三,35.6091974,139.7072072
９６Ｋ－０４５,西中延２－１８－１６,八幡勝壱番館,粉末,,97.03,2000.04,97.03,145,西中延２丁目町会,荏原第三,35.6085180,139.7088959
９７Ｋ－００８,中延３－６－１５,トレフォーユ中延,粉末,脚,97.04,2007.02,97.04,153,中延３丁目町会,荏原第四,35.6081701,139.7103848
９７Ｋ－０４０,荏原６－９－８,マイキャッスル武蔵小山Ⅱ,粉末,,97.12,2007.02,97.12,144,西中延１丁目町会,荏原第三,35.6135302,139.7073221
９７Ｋ－０４５,中延１－３－７,ライオンズシティ－中延,粉末,,98.01,2007.02,98.01,141,中延１丁目町会,荏原第三,35.6132617,139.7115667
９８Ｋ－０４８,西中延２－４－１１,クレッセント,粉末,脚,98.12,2004.01,98.12,145,西中延２丁目町会,荏原第三,35.6102348,139.7079524
９８Ｋ－０５６,旗の台１－５－８,昭和大学病院　中央棟,粉末,脚,98,2003.12,99.02,131,旗の台１丁目町会,荏原第二,35.6083847,139.7030715
９８Ｋ－０５７,旗の台１－５－８,昭和大学病院　中央棟,粉末,脚,98,2003.12,99.02,131,旗の台１丁目町会,荏原第二,35.6089369,139.7035661
９８Ｋ－０５９,中延１－１０－７,プレール荏原中延,粉末,脚,98,2004.1,99.02,141,中延１丁目町会,荏原第三,35.6129687,139.7111784
０５Ｋ－０５９,荏原６－５－２,ラグジュアリーアパートメント西小山,粉末,脚,2006.03,2006.03,2006.03,129,荏原６丁目町会,荏原第二,35.6134577,139.7041315
０６Ｋ－０５６,荏原６－１９－１７,リーズスエア品川荏原,粉末,脚,2007.03,2007.03,2007.03,144,西中延１丁目町会,荏原第三,35.6114449,139.7057951
０７Ｋ－００８,旗の台１－６－１,第二延山小学校,粉末,脚,2007.05,2007.05,2007.05,131,旗の台１丁目町会,荏原第二,35.6092710,139.7034454
０７Ｋ－０１６,荏原７－９－１２,パークステージK,粉末,脚,2007.08,2007.08,2007.08,129,荏原７丁目町会,荏原第二,35.6108455,139.7034125
０７Ｋ－０４０,西中延１－４－１１,（仮称）アークプラザ西中延,粉末,脚,,,,144,西中延１丁目町会,荏原第三,35.6131728,139.7079087
08K-022,荏原4-17-18,(仮称)荏原４丁目マンション新築工事,粉末,脚,2008.12,2008.12,2008.12,140,平塚４丁目町会,荏原第三,35.6141968,139.7052647
１０Ｋ－００８,荏原6-11-6,〔仮称〕荏原６丁目プロジェクト,粉末,脚,2010.08,2010.08,2010.08,144,西中延１丁目町会,荏原第三,35.6127717,139.7068261
１０Ｋ－０１２,西中延2-3-9,クレヴィア品川中延,粉末,脚,2010.10,2010.10,2010.10,160,西中延三丁目町会,荏原第三,35.6101623,139.7070600
１０Ｋ－０２７,荏原5-13-12,〔仮称〕品川区荏原５丁目ﾌﾟﾛｼﾞｪｸﾄ,粉末,脚,2011.02,2011.02,2011.02,128,荏原５丁目町会,荏原第二,35.6132630,139.7024939
４７Ｃ－２６９,荏原６－１４－１４,高木宅,粉末（2010.6撤去）,ウ,2003.04,2003.04,90.08,129,荏原６丁目町会,荏原第二,35.6119297,139.7041323
４７Ｃ－３７８,荏原６－２－９,日清機工,粉末 撤去2009.6,ウ,92.11,2003.12,86.11,129,荏原６丁目町会,荏原第二,35.6128170,139.7030849
４８Ｃ－０４８,荏原４－１５－６,石坂宅,粉末　2011.7撤去,ア,2007.03,2004.12,98.07,140,平塚４丁目町会,荏原第三,35.6138716,139.7071428
５８Ｃ－０１９,荏原５－１５－２,川原宅,粉末（2011.2撤去）,ウ,2003.04,2003.04,91.03,128,荏原５丁目町会,荏原第二,35.6138052,139.7011668
６０Ｃ－０２５,中延２－３－１５,市川宅,粉末 撤去2009,ウ,2005.08,2005.08,86.03,141,中延１丁目町会,荏原第三,35.6114677,139.7097544
６２Ｃ－０８７,中延２－１１－１５,八丈歯科医院,粉末 撤去2007.12,ウ,2006.03,2006.03,88.03,142,中延２丁目町会,荏原第三,35.6102624,139.7094070
６３Ｃ－０４７,荏原５－１５－１３,駐車場裏　2011.6撤去,粉末,ウ,2006.08,2006.08,89.02,128,荏原５丁目町会,荏原第二,35.6134541,139.7010156
５８Ｃ－０２７,平塚１－１８－６,町田宅,粉末,ウ,2011.02,2011.02,2011.02,137,平塚１丁目南部町会,荏原第三,35.6125421,139.7142252
００Ｋ－０２１,平塚１－１３－１０,カテリーナ戸越,粉末,脚,2000.08,2000.08,2000.08,137,平塚１丁目南部町会,荏原第三,35.6132112,139.7156739
００Ｋ－０２５,豊町１－１５－１７,ナイスパークステージ戸越公園,粉末,脚,2000.08,2000.08,2000.08,167,豊町１丁目町会,荏原第五,35.6120340,139.7217448
００Ｋ－０２８,東中延１－１１－２１,ジェイパーク荏原中延,粉末,脚,2000.08,2000.08,2000.08,143,東中延１丁目町会,荏原第三,35.6097788,139.7124631
０１Ｋ－０１５,東中延１－４－７,クレアシティ品川戸越,粉末,脚,2001.06,2007.02,2001.06,143,東中延１丁目町会,荏原第三,35.6111328,139.7149652
０１Ｋ－０２２,戸越５－８－１０,品川ＴＴＫマンション,粉末,脚,2001.09,2007.02,2001.09,151,戸越５丁目町会,荏原第三,35.6097967,139.7200375
０１Ｋ－０５６,東中延１－２－３,センチュリーハイツ品川戸越,粉末,脚,2001,2007.02,2002.02,143,東中延１丁目町会,荏原第三,35.6122507,139.7136179
０１Ｋ－０５８,戸越３－１１－１３,Ｋ＆MハイツⅢ,粉末,脚,2002.02,2007.02,2002.02,149,戸越３丁目町会,荏原第三,35.6114370,139.7167653
０２Ｋ－０１２,豊町２－１－７,大崎高校,粉末,直,2002.06,2002.06,2002.06,168,豊町２丁目親和会,荏原第五,35.6102872,139.7205286
０２Ｋ－０１５,戸越３－５－１６,ソアブール品川戸越駅前,粉末,脚,2002.05,2002.05,2002.05,149,戸越３丁目町会,荏原第三,35.6132188,139.7161277
０２Ｋ－０４４,戸越６－１－１６,クオス戸越,粉末,脚,2002.1,2002.1,2002.1,157,東中延２丁目町会,荏原第四,35.6092869,139.7146308
０２Ｋ－０７８,東中延２－４－９,デュオ・スカーラ品川中延,粉末,脚,2003.02,2003.02,2003.02,157,東中延２丁目町会,荏原第四,35.6085131,139.7141116
０３Ｋ－０４６,東中延１－５－８,デュオスカーラ品川中延Ⅱ,粉末,脚,2004.01,,,143,東中延１丁目町会,荏原第三,35.6104127,139.7145766
０３Ｋ－０７３,戸越３－９－２２,イルビアーレ戸越,粉末,直,2004.03,,,149,戸越３丁目町会,荏原第三,35.6123003,139.7158742
０４Ｋ－０１９,東中延２－４－４,ヴェローナ品川中延,粉末,脚,2004.06,,,157,東中延二丁目町会,荏原第四,35.6091122,139.7141944
０５Ｋ－０３６,戸越６－２－１６,シーズガーデン戸越,粉末,脚,2005.11,2005.11,2005.11,157,東中延二丁目町会,荏原第四,35.6085273,139.7145980
０５Ｋ－０４２,豊町１－５－３,戸越豊町マンション,粉末,脚,2006.02,2006.02,2006.02,167,豊町１丁目町会,荏原第五,35.6140962,139.7225832
０５Ｋ－０４７,平塚１－１８－１１,グローリオ戸越Ⅱ,粉末,脚,2006.02,2006.02,2006.02,137,平塚１丁目南部町会,荏原第三,35.6126721,139.7138730
４７Ｃ－０３７,豊町１－８－１５,平石宅,粉末,ア,2003.07,2003.07,89.11,167,豊町１丁目町会,荏原第五,35.6125953,139.7227346
４７Ｃ－０３８,豊町１－１７－２,木下宅,粉末,ウ,98,2003.11,95.05,167,豊町１丁目町会,荏原第五,35.6116490,139.7218995
４７Ｃ－０４７,豊町２－１－１,戸越体育館,粉末,ウ,2006.08,2006.08,96.04,168,豊町２丁目親和会,荏原第五,35.6111041,139.7204302
４７Ｃ－０５０,豊町３－５－１７,手塚宅,粉末,ウ,2004.07,2006.11,89.11,169,豊町３丁目町会,荏原第五,35.6089801,139.7227487
４７Ｃ－０５２,豊町３－１－５,石本宅,粉末,ウ,2007.03,2007.03,2003.06,169,豊町３丁目町会,荏原第五,35.6090684,139.7204836
４７Ｃ－０７１,戸越１－２０－８,稲垣宅,粉末,ウ,2003.07,2003.07,2003.06,147,戸越１丁目町会,荏原第三,35.6143615,139.7217286
４７Ｃ－０９２,戸越３－８－１,山本宅,粉末,ウ,2001,2007.02,98.01,149,戸越３丁目町会,荏原第三,35.6128758,139.7160077
４７Ｃ－０９６,戸越３－１１－１２,杉本ビル,粉末,ウ,2003.02,2003.02,85.12,149,戸越３丁目町会,荏原第三,35.6112528,139.7166866
４７Ｃ－０９７,戸越４－３－７,横澤宅,粉末,ウ,2003.07,2003.07,90.04,150,戸越４丁目町会,荏原第三,35.6128611,139.7202660
４７Ｃ－１０１,戸越４－５－２,やよい荘,粉末,ウ,2004.07,2004.07,2005.03,150,戸越４丁目町会,荏原第三,35.6122745,139.7182639
４７Ｃ－１０３,戸越４－７－１０,中川商店,粉末,ウ,92.11,2003.12,86.03,150,戸越４丁目町会,荏原第三,35.6107990,139.7182826
４７Ｃ－１０４,戸越５－８－１０,加藤宅,粉末,ウ,2005.08,2005.08,2005.08,151,戸越５丁目町会,荏原第三,35.6096284,139.7200322
４７Ｃ－１０６,戸越５－１０－７,宮前宅,粉末,ウ,2003.07,2003.07,89.11,151,戸越５丁目町会,荏原第三,35.6092581,139.7184987
４７Ｃ－１０８,戸越５－１７－３,平山ランドリー,粉末,ウ,2002.04,2002.04,89.04,151,戸越５丁目町会,荏原第三,35.6093986,139.7167928
４７Ｃ－１１３,戸越６－９－２０,村田宅,粉末,ウ,95,2003.01,93.11,164,戸越６丁目町会,荏原第四,35.6078557,139.7166806
４７Ｃ－１１５,戸越６－４－３,佐伯小児科,粉末,ウ,2002.06,2002.06,87.09,164,戸越６丁目町会,荏原第四,35.6092139,139.7159126
４７Ｃ－１３９,平塚１－７－１０,酒処　かたりべ,粉末,ウ,2003.07,2003.07,87.03,136,平塚１丁目町会,荏原第三,35.6145969,139.7161801
４７Ｃ－１４０,平塚１－１３－２,赤塚ビル,粉末,ウ,2003.07,2003.07,93.06,137,平塚１丁目南部町会,荏原第三,35.6139531,139.7156905
４７Ｃ－１４２,平塚１－２１－７,加藤宅,粉末,ウ,2003.07,2003.07,2006.05,137,平塚１丁目南部町会,荏原第三,35.6122369,139.7