町丁目,世帯数[世帯],男[人],女[人],総数[人]
両国一丁目,1011,752,787,1539
両国二丁目,1306,1040,1035,2075
両国三丁目,1201,893,954,1847
両国四丁目,1256,964,1002,1966
千歳一丁目,964,807,817,1624
千歳二丁目,567,501,456,957
千歳三丁目,1256,1025,1038,2063
緑一丁目,1799,1547,1427,2974
緑二丁目,1706,1609,1668,3277
緑三丁目,1540,1404,1316,2720
緑四丁目,2584,2194,2094,4288
立川一丁目,877,637,685,1322
立川二丁目,862,691,690,1381
立川三丁目,980,821,822,1643
立川四丁目,907,739,687,1426
菊川一丁目,895,784,850,1634
菊川二丁目,1349,1067,1158,2225
菊川三丁目,2174,1829,1972,3801
江東橋一丁目,921,698,736,1434
江東橋二丁目,1380,1165,1089,2254
江東橋三丁目,564,417,312,729
江東橋四丁目,1749,1241,1384,2625
江東橋五丁目,1664,1498,1520,3018
横網一丁目,140,159,152,311
横網二丁目,729,620,609,1229
亀沢一丁目,1241,1062,1078,2140
亀沢二丁目,958,840,962,1802
亀沢三丁目,1000,1033,984,2017
亀沢四丁目,1487,1314,1294,2608
石原一丁目,1525,1255,1267,2522
石原二丁目,1389,1242,1211,2453
石原三丁目,1653,1514,1330,2844
石原四丁目,1440,1342,1281,2623
本所一丁目,1649,1511,1486,2997
本所二丁目,911,803,853,1656
本所三丁目,1048,921,946,1867
本所四丁目,1299,1173,1128,2301
東駒形一丁目,765,614,620,1234
東駒形二丁目,846,768,777,1545
東駒形三丁目,847,734,736,1470
東駒形四丁目,1381,1205,1184,2389
吾妻橋一丁目,1296,1006,1094,2100
吾妻橋二丁目,874,684,703,1387
吾妻橋三丁目,868,810,847,1657
錦糸一丁目,1324,1005,989,1994
錦糸二丁目,462,373,303,676
錦糸三丁目,465,380,343,723
錦糸四丁目,997,878,922,1800
太平一丁目,1826,1739,1733,3472
太平二丁目,927,754,682,1436
太平三丁目,789,649,634,1283
太平四丁目,2635,2359,2484,4843
横川一丁目,744,807,713,1520
横川二丁目,877,765,664,1429
横川三丁目,644,577,549,1126
横川四丁目,768,702,602,1304
横川五丁目,1397,1213,1579,2792
業平一丁目,1491,1411,1556,2967
業平二丁目,816,684,670,1354
業平三丁目,873,669,686,1355
業平四丁目,1166,919,1021,1940
業平五丁目,1169,1091,1175,2266
向島一丁目,1287,1086,1078,2164
向島二丁目,1442,1239,1301,2540
向島三丁目,2368,2062,2066,4128
向島四丁目,1299,1268,1310,2578
向島五丁目,2440,2103,2047,4150
東向島一丁目,1642,1522,1479,3001
東向島二丁目,2765,2432,2565,4997
東向島三丁目,1652,1636,1717,3353
東向島四丁目,1918,1708,1769,3477
東向島五丁目,2090,1851,1981,3832
東向島六丁目,2839,2656,2713,5369
堤通一丁目,1152,1199,1150,2349
堤通二丁目,2080,1931,2397,4328
墨田一丁目,1293,1415,1526,2941
墨田二丁目,2017,1995,1954,3949
墨田三丁目,1933,1835,1808,3643
墨田四丁目,2477,2355,2506,4861
墨田五丁目,1534,1418,1394,2812
押上一丁目,1307,1054,1143,2197
押上二丁目,2079,1865,2014,3879
押上三丁目,2281,2205,2096,4301
京島一丁目,3596,3387,3677,7064
京島二丁目,1005,966,851,1817
京島三丁目,2359,2201,2096,4297
文花一丁目,2971,2616,3181,5797
文花二丁目,1207,1119,1175,2294
文花三丁目,1196,1365,1339,2704
八広一丁目,1770,1712,1624,3336
八広二丁目,2079,2100,2076,4176
八広三丁目,1842,1841,1722,3563
八広四丁目,2110,2116,2084,4200
八広五丁目,1574,1470,1480,2950
八広六丁目,2059,2055,1944,3999
立花一丁目,3367,3030,3217,6247
立花二丁目,897,783,763,1546
立花三丁目,1480,1386,1403,2789
立花四丁目,1854,1856,1855,3711
立花五丁目,1856,2112,2033,4145
立花六丁目,1175,1125,1232,2357
東墨田一丁目,81,94,63,157
東墨田二丁目,725,704,638,1342
東墨田三丁目,406,441,390,831
立花五丁目,18S丁目町会,荏原第三,35.6120550,139.7199352
４９Ｃ－１０９,戸越４－２－１１,真弓宅,粉末,イ,2003.07,2003.07,82.04,150,戸越４丁目町会,荏原第三,35.6124498,139.7189015
４９Ｃ－１１５,戸越５－２０－１０,尾崎宅,粉末,ウ,2003.07,2006.06,88.03,151,戸越５丁目町会,荏原第三,35.6082677,139.7191804
４９Ｃ－１１７,戸越５－４－１３,片桐宅,粉末,ウ,91.04,2007.02,88.03,151,戸越５丁目町会,荏原第三,35.6102513,139.7172528
４９Ｃ－１２１,戸越６－９－７,沼口宅,粉末,ア,2003.01,2003.01,88.03,164,戸越６丁目町会,荏原第四,35.6078846,139.7174055
４９Ｃ－１３９,平塚１－１４－３,亀屋宅,粉末,ウ,90.04,2007.02,88.03,137,平塚１丁目南部町会,荏原第三,35.6141078,139.7150025
４９Ｃ－１４３,東中延１－３－２０,椎谷宅,粉末,ウ,90.04,2003.03,2006.03,143,東中延１丁目町会,荏原第三,35.6119991,139.7139501
４９Ｃ－１４５,東中延１－３－１２,三田宅,粉末,ア,2004.07,2004.07,88.03,143,東中延１丁目町会,荏原第三,35.6113386,139.7140433
４９Ｃ－１４６,東中延１－４－１５,武藤宅,粉末,イ,2007.03,2007.03,88.03,143,東中延１丁目町会,荏原第三,35.6113565,139.7144208
４９Ｃ－１４８,東中延１－５－９,紫光電気㈱,粉末,ウ,2002.06,2002.06,95.09,143,東中延１丁目町会,荏原第三,35.6102471,139.7146504
４９Ｃ－１５０,東中延１－７－１８,石岡宅,粉末,ウ,94,2004.12,85.12,143,東中延１丁目町会,荏原第三,35.6110617,139.7129794
４９Ｃ－１５２,東中延１－１０－１３,植田宅,粉末,ウ,2003.07,2003.07,88.03,143,東中延１丁目町会,荏原第三,35.6099366,139.7132080
４９Ｃ－１５４,東中延１－１２－２,深山宅,粉末,ウ,2004.07,2004.07,85.12,143,東中延１丁目町会,荏原第三,35.6101760,139.7140817
４９Ｃ－１６４,東中延２－１－１４,藤井宅,粉末,ウ,2003.05,2003.05,89.08,157,東中延２丁目町会,荏原第四,35.6086084,139.7124817
４９Ｃ－１６９,戸越６－１－９,菅野宅,粉末,ア,90.04,2007.02,88.03,157,東中延２丁目町会,荏原第四,35.6086570,139.7147641
５８Ｃ－０３２,戸越５－１５－９,飯野歯科,粉末,ウ,2003.07,2003.07,91.08,143,東中延１丁目町会,荏原第三,35.6094827,139.7155976
５８Ｃ－０３５,戸越２－５－１７,越智会計事務所,粉末,ウ,2003.07,2003.07,84.02,148,戸越２丁目町会,荏原第三,35.6139782,139.7188574
５８Ｃ－０３６,戸越３－８－４,横溝荘,粉末,ウ,2003.07,2003.07,97.12,149,戸越３丁目町会,荏原第三,35.6127799,139.7164349
５８Ｃ－０５５,豊町３－４－１７,神保宅,粉末,ウ,2003.07,2003.07,2003.06,169,豊町３丁目町会,荏原第五,35.6084538,139.7204911
６０Ｃ－０２３,平塚１－１４－１４,佐藤宅,粉末,ウ,2005.08,2005.08,2003.08,137,平塚１丁目南部町会,荏原第三,35.6138144,139.7147125
６０Ｃ－０３１,戸越３－６－１１,山水荘,粉末,ア,2005.08,2005.08,86.03,149,戸越３丁目町会,荏原第三,35.6132690,139.7171351
６０Ｃ－０３２,戸越４－８－２,渡辺宅,粉末,ウ,2005.08,2005.08,86.03,150,戸越４丁目町会,荏原第三,35.6113893,139.7185975
６０Ｃ－０５８,戸越２－６－２３,戸越八幡神社,粉末,ウ,2004.07,2004.07,2004.08,148,戸越２丁目町会,荏原第三,35.6132708,139.7201035
６０Ｃ－０５９,戸越２－３－６,高橋宅,粉末,ウ,2004.07,2004.07,85.1,148,戸越２丁目町会,荏原第三,35.6135762,139.7189436
６１Ｃ－０１３,戸越２－７－８,小倉宅,粉末,ウ,2005.08,2005.08,87.03,148,戸越２丁目町会,荏原第三,35.6139713,139.7219709
６１Ｃ－０２４,平塚１－１２－７,今関宅,粉末,ウ,2005.08,2005.08,2002.07,137,平塚１丁目南部町会,荏原第三,35.6142572,139.7157438
６１Ｃ－０２９,東中延１－１１－１１,大成会館,粉末,ウ,2005.08,2005.08,87.03,143,東中延１丁目町会,荏原第三,35.6094916,139.7134028
６１Ｃ－０３１,戸越２－９－３,原田宅,粉末,ウ,2005.08,2005.08,87.03,148,戸越２丁目町会,荏原第三,35.6131222,139.7210751
６１Ｃ－０３３,戸越５－８－１５,三富製作所,粉末,ウ,2005.08,2005.08,2003.01,151,戸越５丁目町会,荏原第三,35.6094476,139.7194287
６１Ｃ－０６１,戸越２－２－１８,新井宅,粉末,ウ,2007.03,2007.03,2006.03,148,戸越２丁目町会,荏原第三,35.6136113,139.7177489
６１Ｃ－０６４,戸越２－６－２８,村上宅,粉末,ウ,2002.03,2007.02,2002.03,148,戸越２丁目町会,荏原第三,35.6130871,139.7193149
６１Ｃ－０６５,戸越２－８－５,沢浦宅,粉末,ア,95.02,2007.02,87.03,148,戸越２丁目町会,荏原第三,35.6138374,139.7212751
６１Ｃ－０６６,戸越２－９－１２,西村車庫,粉末,ウ,2005.08,2005.08,87.03,148,戸越２丁目町会,荏原第三,35.6126722,139.7215701
６２Ｃ－０７９,平塚１－１６－４,神谷加工所,粉末,ウ,2006.03,2006.03,88.03,137,平塚１丁目南部町会,荏原第三,35.6137219,139.7141443
６２Ｃ－０８９,東中延１－９－３,千穐荘,粉末,ウ,2006.03,2006.03,88.03,143,東中延１丁目町会,荏原第三,35.6104815,139.7126218
６２Ｃ－０９９,戸越２－６－３５,富士荘,粉末,ウ,2006.03,2006.03,88.03,148,戸越２丁目町会,荏原第三,35.6139762,139.7197949
６２Ｃ－１００,戸越２－７－１２,坂本宅,粉末,ウ,2006.03,2006.03,88.03,148,戸越２丁目町会,荏原第三,35.6140746,139.7217600
６２Ｃ－１０３,戸越４－１－１１,岡本宅,粉末,ウ,2006.03,2006.03,2005.04,150,戸越４丁目町会,荏原第三,35.6119951,139.7178279
６２Ｃ－１０５,戸越５－３－１６,菊地宅,粉末,ウ,2006.03,2006.03,2005.08,151,戸越５丁目町会,荏原第三,35.6108740,139.7166278
６２Ｃ－１０６,戸越５－８－２０,ハイツ二神,粉末,ウ,2006.03,200603,88.03,151,戸越５丁目町会,荏原第三,35.6097325,139.7196387
６２Ｃ－１０７,戸越５－１３－１,矢島宅,粉末,ウ,2006.03,2006.03,88.03,151,戸越５丁目町会,荏原第三,35.6104207,139.7162592
６２Ｃ－１０８,戸越５－１８－４,高山宅,粉末,ウ,2006.03,2006.03,88.03,151,戸越５丁目町会,荏原第三,35.6092264,139.7177774
６２Ｃ－１７６,豊町３－７－５,メゾン・ド・ラベ,粉末,ウ,2006.03,2006.03,88.03,169,豊町３丁目町会,荏原第五,35.6079077,139.7221274
６２Ｃ－２１３,戸越５－１２－１０,戸越五丁目防災活動広場,粉末,ウ,2006.03,2006.11,88.03,151,戸越５丁目町会,荏原第三,35.6095995,139.7169917
６３Ｃ－０５８,平塚１－１３－１２,中央発条㈱,粉末,ウ,2004,2005.01,89.02,137,平塚１丁目南部町会,荏原第三,35.6128724,139.7154955
６３Ｃ－０５９,平塚３－１０－２,本間宅,粉末,ウ,2006.08,2006.08,89.02,139,平塚３丁目町会,荏原第三,35.6132979,139.7135152
６３Ｃ－０６１,中延１－４－１１,小峯商店,粉末,ウ,2006.08,2006.08,89.02,141,中延１丁目町会,荏原第三,35.6125362,139.7120318
６３Ｃ－０６３,中延１－７－９,中島宅,粉末,ウ,2007.02,2007.02,89.02,141,中延１丁目町会,荏原第三,35.6119500,139.7126416
６３Ｃ－０６７,戸越５－１５－１１,都寿司,粉末,ウ,2004.1,2004.1,2004.1,143,東中延１丁目町会,荏原第三,35.6094180,139.7152454
６３Ｃ－０７８,戸越２－５－２４,ピアハイツ裏,粉末,ウ,2006.08,2006.08,89.02,148,戸越２丁目町会,荏原第三,35.6145147,139.7190872
６３Ｃ－０７９,戸越２－６－５,小宮山ビル裏,粉末,ウ,2006.08,2006.08,89.02,148,戸越２丁目町会,荏原第三,35.6143859,139.7203787
６３Ｃ－０８０,戸越２－７－２０,小林宅,粉末,ウ,2006.08,2006.08,89.02,148,戸越２丁目町会,荏原第三,35.6142845,139.7209470
６３Ｃ－０８１,戸越３－６－７,サンハイツ釘元,粉末,ア,2006.08,2006.08,89.02,149,戸越３丁目町会,荏原第三,35.6133912,139.7175815
６３Ｃ－０８２,戸越４－５－１０,宮前小学校,粉末,ウ,2006.08,2006.08,89.02,150,戸越４丁目町会,荏原第三,35.6114682,139.7181715
６３Ｃ－０８６,戸越５－１９－１１,小鹿ビル,粉末,ウ,2006.08,2006.08,89.02,151,戸越５丁目町会,荏原第三,35.6084926,139.7182949
６３Ｃ－１４４,豊町３－４－１４,安宅宅,粉末,ウ,2006.08,2006.08,89.02,169,豊町３丁目町会,荏原第五,35.6080219,139.7204461
６３Ｋ－０６０,戸越６－７－２１,パークシティ戸越,粉末,脚,88.08,2004.12,88.08,164,戸越６丁目町会,荏原第四,35.6080013,139.7179824
８９Ｃ－０２８,東中延１－３－１３,原宅,粉末,ウ,90.03,2003.03,90.03,143,東中延１丁目町会,荏原第三,35.6115964,139.7140207
８９Ｃ－０３２,戸越２－１－３,戸越２丁目広場裏口,粉末,ウ,90.03,2003.03,2004.01,148,戸越２丁目町会,荏原第三,35.6146078,139.7184525
８９Ｃ－０３３,戸越３－４－１５,ジョイフル戸越,粉末,ウ,90.03,2003.03,90.11,149,戸越３丁目町会,荏原第三,35.6137937,139.7163816
８９Ｃ－０３５,戸越５－１７－１３,川崎宅,粉末,ウ,2005.03,2005.03,93.1,151,戸越５丁目町会,荏原第三,35.6091483,139.7163401
８９Ｋ－０３２,豊町２－１－１７,戸越体育館,粉末,脚,89.11,2004.12,89.11,168,豊町２丁目親和会,荏原第五,35.6110707,139.7207660
８９Ｋ－０４０,戸越２－５－１１,五反田女子学生ハイツ,粉末,脚,89.11,2004.12,89.11,148,戸越２丁目町会,荏原第三,35.6141645,139.7193771
９１Ｃ－０１２,平塚１－１９－３,川原宅,粉末,ウ,92,2003.03,91.12,137,平塚１丁目南部町会,荏原第三,35.6127604,139.7147742
９１Ｃ－０４９,戸越６－７－４,小田宅,粉末,ウ,2002.06,2002.06,91.12,164,戸越６丁目町会,荏原第四,35.6080524,139.7181678
９１Ｃ－０５７,豊町３－２－２,浅沼宅,粉末,ウ,92,2003.02,2002.06,169,豊町３丁目町会,荏原第五,35.6087371,139.7198661
９１Ｃ－０５８,豊町３－６－３,多賀宅,粉末,ウ,92,2003.11,91.12,169,豊町３丁目町会,荏原第五,35.6084008,139.7214352
９１Ｃ－０５９,豊町３－９－７,望月宅,粉末,ウ,91.12,2007.02,91.12,169,豊町３丁目町会,荏原第五,35.6083724,139.7224773
９１Ｋ－０１９,東中延２－５－７,ハウスブルンネン,粉末,脚,91.1,2007.02,91.1,157,東中延２丁目町会,荏原第四,35.6081199,139.7139620
９１Ｋ－０２７,戸越３－４－１８,ゴールドステージ,粉末,脚,92.01,2003.03,92.01,149,戸越３丁目町会,荏原第三,35.6141486,139.7165138
９２Ｃ－０３５,豊町３－５－１１,瓦井宅,粉末,ア,92,2003.11,93.01,169,豊町３丁目町会,荏原第五,35.6090043,139.7221198
９３Ｃ－０３０,戸越４－１－４,ロイヤルコート戸越,粉末,ウ,94.01,2004.12,96.08,150,戸越４丁目町会,荏原第三,35.6129799,139.7180062
９３Ｋ－０１３,戸越６－６－６,三栄家具,粉末,直,93.08,2003.11,93.08,164,戸越６丁目町会,荏原第四,35.6084937,139.7174524
９３Ｋ－０１４,平塚１－１１－８,セザ－ル戸越銀座,粉末,壁,98,2002.07,93.09,137,平塚１丁目南部町会,荏原第三,35.6144711,139.7147289
９３Ｋ－０２６,戸越５－１８－１４,ノアール,粉末,脚,94.02,2003.12,94.02,151,戸越５丁目町会,荏原第三,35.6089468,139.7174367
９４Ｋ－０１７,戸越４－３－２１,エステート共栄,粉末,脚,94.11,2003.12,94.11,150,戸越４丁目町会,荏原第三,35.6122006,139.7194775
９４Ｋ－０２９,戸越２－６－３２,ワールドパレス戸越,粉末,脚,95.02,2004.12,95.02,148,戸越２丁目町会,荏原第三,35.6135032,139.7194735
９５Ｋ－００３,東中延１－４－５,カリフール東中延,粉末,直,99,2004.12,95.05,143,東中延１丁目町会,荏原第三,35.6114764,139.7149815
９６Ｋ－０４０,戸越６－１３－１８,パルピア戸越,粉末,,97.02,2001.01,97.02,157,東中延２丁目町会,荏原第四,35.6079868,139.7143867
９７Ｋ－００２,戸越６－５－１７,マイキャスル戸越公園,粉末,脚,97.04,2007.02,97.04,164,戸越６丁目町会,荏原第四,35.6083613,139.7159865
９７Ｋ－０５０,戸越３－１０－８,Ｋ＆ＭハイツⅡ,粉末,,2003.04,2003.04,98.02,149,戸越３丁目町会,荏原第三,35.6118536,139.7172726
９８Ｋ－０１２,戸越６－１－４,ヴィルヌーブ品川・中延,粉末,脚,98.05,2003.11,98.05,157,東中延２丁目町会,荏原第四,35.6090309,139.7145902
９８Ｋ－０５３,東中延１－１０－２,ガーデンリックス荏原中延,粉末,脚,98,2004.01,99.02,143,東中延１丁目町会,荏原第三,35.6103159,139.7129117
９９Ｋ－０３６,戸越５－１－１５,品川戸越パークホームス,粉末,脚,99,2003.03,2000.02,143,東中延１丁目町会,荏原第三,35.6109492,139.7152842
９９Ｋ－０３７,戸越５－１５－１８,トランセードミヤノ,粉末,脚,99,2003.08,2000.02,143,東中延１丁目町会,荏原第三,35.6097263,139.7148140
０５Ｋ－０５２,戸越５－１９－１１,カテリーナ戸越公園,粉末,脚,2006.02,2006.02,2006.02,151,戸越５丁目町会,荏原第三,35.6084626,139.7184480
０７ｋ－００７,東中延１－９－７,藤和シティホームズ荏原中延駅前,粉末,脚,2007.05,2007.05,2007.05,143,東中延１丁目町会,荏原第三,35.6098882,139.7123204
０７Ｋ－０１９,東中延２－１－１７,ブライズ荏原中延,粉末,脚,2007.08,2007.08,2007.08,157,東中延２丁目町会,荏原第四,35.6087083,139.7122204
０７Ｋ－０３１,戸越５－４－５,ナイスシティアリーナ戸越公園,粉末,脚,2008.01,2008.01,2008.01,151,戸越５丁目町会,荏原第三,35.6105468,139.7173566
０７Ｋ－０３３,戸越４－３－,エステート戸越,粉末,脚,2008.02,2008.02,2008.02,150,戸越４丁目町会,荏原第三,35.6125494,139.7199000
08K-033,中延1-7-15,ガーデン荏原中延,粉末,脚,2009.02,2009.02,2009.02,141,中延１丁目町会,荏原第三,35.6118449,139.7121542
９９Ｋ－０４０,豊町１－１１－１６,パークハイム戸越三井坂,粉末 撤去2008.9,脚,99,2004.12,2000.02,167,豊町１丁目町会,荏原第五,35.6122821,139.7217380
４７Ｃ－１０５,戸越５－４－８,倉田宅,粉末 撤去2008.6,ウ,2003.07,2003.07,89.11,151,戸越５丁目町会,荏原第三,35.6105458,139.7178051
４９Ｃ－０９５,戸越３－２－１５,片柳宅,粉末 撤去2009,ウ,92.08,2003.03,2004.08,146,戸越銀座町会,荏原第三,35.6142867,139.7173314
４９Ｃ－１０２,戸越３－１０－１２,松竹錠工業㈱,粉末（2010.8撤去）,ア,2003.07,2003.07,2006.09,149,戸越３丁目町会,荏原第三,35.6116480,139.7169828
４９Ｃ－１５６,東中延１－１２－２０,土屋宅,粉末 撤去2009.5,ウ,90.04,2007.02,88.03,143,東中延１丁目町会,荏原第三,35.6097793,139.7141342
０１Ｋ－０１３,豊町１－７－５,ワールドパレス戸越ウエスト,粉末,脚,2004.07,2004.07,2001.05,167,豊町１丁目町会,荏原第五,35.6139163,139.7237285
０１Ｋ－０２４,豊町２－１９－１７,福の湯ビル,粉末,脚,2001.11,2007.02,2001.11,168,豊町２丁目親和会,荏原第五,35.6089458,139.7248507
０２Ｋ－０５２,西品川１－１－８,旧国際自動車大崎センター裏,粉末,脚,2002.11,2002.11,2002.11,62,協力睦会,大崎第二,35.6143951,139.7305402
０３Ｋ－０５８,西品川２－２０－８,三ツ木マンション,粉末,壁,2004.02,,,66,西品川三ツ木会,大崎第二,35.6126201,139.7261772
０４Ｋ－０２７,西品川１－８－１４,大崎南パークハウス,粉末,直,2004.07,,,62,協力睦会,大崎第二,35.6122417,139.7309477
０５Ｋ－０１２,西品川１－２－９,ルーブル大崎,粉末,脚,2005.07,2005.07,2005.07,62,協力睦会,大崎第二,35.6144137,139.7303043
４７Ａ－４３０,西品川１－３－１７,パアールシーク,粉末,ア,97.1,2007.02,97.1,62,協力睦会,大崎第二,35.6143178,139.7293694
４７Ａ－４３２,西品川１－２－２８,佐京宅,粉末,ウ,92,2002.12,95.09,62,協力睦会,大崎第二,35.6145662,139.7294352
４７Ａ－４３３,西品川１－９－１３,大塔宅,粉末,ア,2003.07,2003.07,88.07,62,協力睦