区分,BS-1／耐火造構成比(%),BS-2／準耐火造構成比(%),BS-3／防火造構成比(%),BS-4／木造構成比(%)
BP-1／官公庁施設,91.7,6.1,2,0.2
BP-2／教育文化施設,82.4,5.8,6.8,5
BP-3／厚生医療施設,88.6,8.4,2.9,0.2
BP-4／供給処理施設,84,14.6,1.3,0.1
BC-1／事務所建築物,92.3,5.4,2.1,0.1
BC-2／専用商業施設,77.5,16,6,0.5
BC-3／住商併用施設,52,13.9,32,2.1
BC-4／宿泊・遊興施設,90,4.7,4.8,0.5
BC-5／スポーツ・興行施設,85.7,9.7,4.3,0.4
BR-1／独立住宅,7.5,27.2,59.9,5.4
BR-2／集合住宅,70.3,13.8,15.3,0.6
BI-1／専用工場,41,47.2,9.7,2.1
BI-2／住居併用工場,29.7,24.7,41.5,4.1
BI-3／倉庫運輸関係施設,59.3,35,4.6,1.1
BA／農林漁業施設,3.3,55.5,23.1,18.1
