区分,BS-1／耐火造構成比(%),BS-2／準耐火造構成比(%),BS-3／防火造構成比(%),BS-4／木造構成比(%)
BP-1／官公庁施設,97.3,2.1,0.5,0.1
BP-2／教育文化施設,91.8,3.1,3.3,1.8
BP-3／厚生医療施設,94.2,4.4,1.3,0.1
BP-4／供給処理施設,90.2,9.2,0.7,0
BC-1／事務所建築物,98,1.5,0.5,0
BC-2／専用商業施設,90.1,7.1,2.7,0.2
BC-3／住商併用施設,69,10.7,19.1,1.1
BC-4／宿泊・遊興施設,97.6,1.3,1.1,0.1
BC-5／スポーツ・興行施設,92.8,5.1,1.9,0.2
BR-1／独立住宅,9,30.5,56.2,4.2
BR-2／集合住宅,87.3,6.5,6.1,0.2
BI-1／専用工場,57.1,34.7,7,1.2
BI-2／住居併用工場,38.4,24.3,34.3,3
BI-3／倉庫運輸関係施設,79,18.2,2.3,0.4
BA／農林漁業施設,4.8,53,25.1,17.1
