年,年少人口（％）,生産年齢人口（％）,老年人口（％）
1960,41.5,51,7.5
1965,36.9,53.9,9.2
1970,28.6,60.7,10.7
1975,22,66.8,11.2
1980,22.6,66.8,10.6
1985,24.8,63.1,12.1
1990,24.5,61.6,13.9
1995,22.1,59.5,18.4
2000,17.8,58.5,23.7
2005,15.8,59.3,24.9
2010,14.7,57.9,27.4
2015,15.1,57.1,27.8
