年,年少人口（％）,生産年齢人口（％）,老年人口（％）
1960,34.3,58.3,7.4
1965,28.9,63,8.1
1970,25.5,64.5,10
1975,23.5,64.7,11.8
1980,22.2,63.4,14.4
1985,19.9,63.1,17
1990,17,63.4,19.6
1995,14.8,62.4,22.8
2000,13.2,60.8,26
2005,12.2,59.2,28.6
2010,11.7,56.6,31.7
2015,11.1,53.5,35.4
