年,年少人口（％）,生産年齢人口（％）,老年人口（％）
1960,39.8,50.3,9.9
1965,33,52,15
1970,23.1,61,15.9
1975,18.3,66.4,15.3
1980,18,66.5,15.5
1985,19.5,63.7,16.8
1990,18.1,65.1,16.8
1995,12.9,67.5,19.6
2000,12.3,63.9,23.8
2005,10.4,66.9,22.7
2010,13.5,66.2,20.3
2015,16,60.8,23.1
