年,年少人口（％）,生産年齢人口（％）,老年人口（％）
1960,31.9,57.8,10.3
1965,27.3,60.6,12.1
1970,21.9,65,13.1
1975,20.4,66,13.6
1980,20.6,64.6,14.8
1985,20.9,60.8,18.3
1990,17.8,60.1,22.1
1995,14.3,58.5,27.2
2000,11.8,57.5,30.7
2005,12.1,56.6,31.3
2010,11.6,54,34.5
2015,11.5,51,37.5
