年,年少人口（％）,生産年齢人口（％）,老年人口（％）
1960,34.8,57,8.2
1965,29.6,61.1,9.3
1970,25.1,64.1,10.8
1975,22.5,65.3,12.2
1980,21.9,64.2,14
1985,20.8,62.6,16.6
1990,18.3,62.5,19.3
1995,15.7,61.2,23
2000,13.5,59.9,26.6
2005,12.7,58.8,28.5
2010,12.1,56.5,31.4
2015,11.9,53.7,34.4
