"年月日時［西暦]","地区","二酸化硫黄[ppb]","一酸化窒素[ppb]","二酸化窒素[ppb]","窒素酸化物[ppb]","オキシダント[ppb]","一酸化炭素[0.1ppm]","ノンメタン炭化水素(非メタン9[0.01ppmC]","メタン[0.01ppmC]","浮遊粒子状物質[μg/立方メートル]","PM2.5[μg/m3]","風速[0.1m/s]","風向","温度[0.1℃]","湿度[%]","THC[0.01ppmC]"
2005120101,"芝浦",,6,15,21,19,,,,14,,,,,,
2005120102,"芝浦",,8,17,25,17,,,,7,,,,,,
2005120103,"芝浦",,6,19,25,14,,,,13,,,,,,
2005120104,"芝浦",,11,19,30,16,,,,11,,,,,,
2005120105,"芝浦",,8,16,24,18,,,,9,,,,,,
2005120106,"芝浦",,11,20,31,15,,,,9,,,,,,
2005120107,"芝浦",,12,20,32,15,,,,20,,,,,,
2005120108,"芝浦",,26,26,52,11,,,,11,,,,,,
2005120109,"芝浦",,30,25,55,13,,,,18,,,,,,
2005120110,"芝浦",,31,25,56,14,,,,6,,,,,,
2005120111,"芝浦",,48,31,79,11,,,,7,,,,,,
2005120112,"芝浦",,24,26,50,17,,,,14,,,,,,
2005120113,"芝浦",,118,49,167,6,,,,22,,,,,,
2005120114,"芝浦",,115,51,166,5,,,,34,,,,,,
2005120115,"芝浦",,140,56,196,4,,,,31,,,,,,
2005120116,"芝浦",,115,55,170,3,,,,48,,,,,,
2005120117,"芝浦",,115,55,170,2,,,,32,,,,,,
2005120118,"芝浦",,51,48,99,3,,,,26,,,,,,
2005120119,"芝浦",,34,46,80,3,,,,20,,,,,,
2005120120,"芝浦",,83,48,131,3,,,,32,,,,,,
2005120121,"芝浦",,67,44,111,3,,,,39,,,,,,
2005120122,"芝浦",,84,45,129,3,,,,35,,,,,,
2005120123,"芝浦",,110,48,158,3,,,,35,,,,,,
2005120124,"芝浦",,61,44,105,3,,,,37,,,,,,
2005120201,"芝浦",,131,47,178,3,,,,44,,,,,,
2005120202,"芝浦",,114,42,156,3,,,,48,,,,,,
2005120203,"芝浦",,75,38,113,3,,,,54,,,,,,
2005120204,"芝浦",,51,33,84,3,,,,37,,,,,,
2005120205,"芝浦",,50,32,82,3,,,,40,,,,,,
2005120206,"芝浦",,72,33,105,3,,,,32,,,,,,
2005120207,"芝浦",,53,34,87,2,,,,32,,,,,,
2005120208,"芝浦",,59,34,93,3,,,,34,,,,,,
2005120209,"芝浦",,61,37,98,4,,,,31,,,,,,
2005120210,"芝浦",,171,54,225,3,,,,34,,,,,,
2005120211,"芝浦",,237,65,302,3,,,,43,,,,,,
2005120212,"芝浦",,256,74,330,3,,,,58,,,,,,
2005120213,"芝浦",,248,76,324,3,,,,79,,,,,,
2005120214,"芝浦",,189,71,260,3,,,,68,,,,,,
2005120215,"芝浦",,216,77,293,3,,,,71,,,,,,
2005120216,"芝浦",,80,56,136,7,,,,40,,,,,,
2005120217,"芝浦",,40,56,96,3,,,,47,,,,,,
2005120218,"芝浦",,42,53,95,3,,,,51,,,,,,
2005120219,"芝浦",,63,56,119,3,,,,63,,,,,,
2005120220,"芝浦",,79,58,137,3,,,,88,,,,,,
2005120221,"芝浦",,90,56,146,3,,,,96,,,,,,
2005120222,"芝浦",,73,49,122,3,,,,67,,,,,,
2005120223,"芝浦",,43,40,83,3,,,,34,,,,,,
2005120224,"芝浦",,16,34,50,5,,,,23,,,,,,
2005120301,"芝浦",,5,22,27,14,,,,13,,,,,,
2005120302,"芝浦",,5,16,21,19,,,,10,,,,,,
2005120303,"芝浦",,5,15,20,19,,,,8,,,,,,
2005120304,"芝浦",,7,20,27,13,,,,13,,,,,,
2005120305,"芝浦",,7,18,25,15,,,,10,,,,,,
2005120306,"芝浦",,8,17,25,16,,,,10,,,,,,
2005120307,"芝浦",,12,23,35,10,,,,2,,,,,,
2005120308,"芝浦",,27,30,57,6,,,,6,,,,,,
2005120309,"芝浦",,22,24,46,12,,,,6,,,,,,
2005120310,"芝浦",,23,24,47,15,,,,6,,,,,,
2005120311,"芝浦",,20,24,44,16,,,,2,,,,,,
2005120312,"芝浦",,23,28,51,13,,,,15,,,,,,
2005120313,"芝浦",,31,30,61,14,,,,5,,,,,,
2005120314,"芝浦",,55,38,93,10,,,,11,,,,,,
2005120315,"芝浦",,69,41,110,7,,,,25,,,,,,
2005120316,"芝浦",,70,45,115,5,,,,24,,,,,,
2005120317,"芝浦",,46,44,90,3,,,,30,,,,,,
2005120318,"芝浦",,49,44,93,3,,,,24,,,,,,
2005120319,"芝浦",,47,45,92,2,,,,21,,,,,,
2005120320,"芝浦",,25,41,66,3,,,,29,,,,,,
2005120321,"芝浦",,14,37,51,5,,,,28,,,,,,
2005120322,"芝浦",,9,38,47,4,,,,22,,,,,,
2005120323,"芝浦",,21,40,61,3,,,,19,,,,,,
2005120324,"芝浦",,45,41,86,2,,,,28,,,,,,
2005120401,"芝浦",,93,44,137,2,,,,43,,,,,,
2005120402,"芝浦",,30,38,68,3,,,,25,,,,,,
2005120403,"芝浦",,18,37,55,4,,,,22,,,,,,
2005120404,"芝浦",,6,33,39,7,,,,26,,,,,,
2005120405,"芝浦",,4,30,34,9,,,,20,,,,,,
2005120406,"芝浦",,3,23,26,14,,,,14,,,,,,
2005120407,"芝浦",,2,19,21,19,,,,16,,,,,,
2005120408,"芝浦",,5,23,28,15,,,,18,,,,,,
2005120409,"芝浦",,10,27,37,11,,,,26,,,,,,
2005120410,"芝浦",,16,31,47,7,,,,27,,,,,,
2005120411,"芝浦",,42,35,77,5,,,,34,,,,,,
2005120412,"芝浦",,83,39,122,4,,,,30,,,,,,
2005120413,"芝浦",,10,22,32,19,,,,32,,,,,,
2005120414,"芝浦",,11,20,31,21,,,,33,,,,,,
2005120415,"芝浦",,20,30,50,13,,,,27,,,,,,
2005120416,"芝浦",,30,30,60,11,,,,29,,,,,,
2005120417,"芝浦",,34,37,71,4,,,,31,,,,,,
2005120418,"芝浦",,27,36,63,7,,,,26,,,,,,
2005120419,"芝浦",,21,36,57,6,,,,30,,,,,,
2005120420,"芝浦",,42,39,81,3,,,,33,,,,,,
2005120421,"芝浦",,28,37,65,3,,,,38,,,,,,
2005120422,"芝浦",,25,33,58,3,,,,54,,,,,,
2005120423,"芝浦",,25,29,54,3,,,,80,,,,,,
2005120424,"芝浦",,10,25,35,4,,,,75,,,,,,
2005120501,"芝浦",,9999,9999,9999,9995,,,,49,,,,,,
2005120502,"芝浦",,5,22,27,8,,,,36,,,,,,
2005120503,"芝浦",,8,25,33,5,,,,25,,,,,,
2005120504,"芝浦",,17,28,45,5,,,,32,,,,,,
2005120505,"芝浦",,15,29,44,4,,,,16,,,,,,
2005120506,"芝浦",,8,24,32,12,,,,10,,,,,,
2005120507,"芝浦",,10,28,38,9,,,,7,,,,,,
2005120508,"芝浦",,10,22,32,16,,,,7,,,,,,
2005120509,"芝浦",,26,28,54,13,,,,4,,,,,,
2005120510,"芝浦",,21,23,44,19,,,,9,,,,,,
2005120511,"芝浦",,14,18,32,25,,,,4,,,,,,
2005120512,"芝浦",,12,17,29,27,,,,7,,,,,,
2005120513,"芝浦",,9998,9998,9998,9998,,,,12,,,,,,
2005120514,"芝浦",,9998,9998,9998,23,,,,12,,,,,,
2005120515,"芝浦",,17,20,37,22,,,,6,,,,,,
2005120516,"芝浦",,87,41,128,10,,,,21,,,,,,
2005120517,"芝浦",,60,43,103,4,,,,19,,,,,,
2005120518,"芝浦",,83,46,129,3,,,,14,,,,,,
2005120519,"芝浦",,68,45,113,3,,,,20,,,,,,
2005120520,"芝浦",,59,44,103,3,,,,13,,,,,,
2005120521,"芝浦",,70,44,114,3,,,,28,,,,,,
2005120522,"芝浦",,54,42,96,3,,,,25,,,,,,
2005120523,"芝浦",,83,42,125,3,,,,27,,,,,,
2005120524,"芝浦",,54,38,92,3,,,,32,,,,,,
2005120601,"芝浦",,62,35,97,3,,,,24,,,,,,
2005120602,"芝浦",,52,33,85,3,,,,27,,,,,,
2005120603,"芝浦",,41,29,70,3,,,,37,,,,,,
2005120604,"芝浦",,43,30,73,3,,,,22,,,,,,
2005120605,"芝浦",,35,28,63,3,,,,26,,,,,,
2005120606,"芝浦",,32,26,58,3,,,,17,,,,,,
2005120607,"芝浦",,36,28,64,3,,,,14,,,,,,
2005120608,"芝浦",,44,30,74,4,,,,10,,,,,,
2005120609,"芝浦",,36,28,64,7,,,,21,,,,,,
2005120610,"芝浦",,41,28,69,8,,,,15,,,,,,
2005120611,"芝浦",,44,27,71,11,,,,10,,,,,,
2005120612,"芝浦",,28,24,52,14,,,,13,,,,,,
2005120613,"芝浦",,31,25,56,14,,,,24,,,,,,
2005120614,"芝浦",,27,25,52,15,,,,17,,,,,,
2005120615,"芝浦",,30,29,59,12,,,,20,,,,,,
2005120616,"芝浦",,26,30,56,11,,,,15,,,,,,
2005120617,"芝浦",,41,37,78,6,,,,20,,,,,,
2005120618,"芝浦",,28,31,59,8,,,,17,,,,,,
2005120619,"芝浦",,36,31,67,6,,,,23,,,,,,
2005120620,"芝浦",,25,32,57,5,,,,15,,,,,,
2005120621,"芝浦",,21,33,54,5,,,,19,,,,,,
2005120622,"芝浦",,23,35,58,4,,,,19,,,,,,
2005120623,"芝浦",,21,35,56,4,,,,15,,,,,,
2005120624,"芝浦",,24,34,58,3,,,,23,,,,,,
2005120701,"芝浦",,39,35,74,3,,,,26,,,,,,
2005120702,"芝浦",,32,33,65,3,,,,19,,,,,,
2005120703,"芝浦",,25,32,57,3,,,,22,,,,,,
2005120704,"芝浦",,32,32,64,3,,,,18,,,,,,
2005120705,"芝浦",,38,33,71,3,,,,17,,,,,,
2005120706,"芝浦",,34,33,67,3,,,,28,,,,,,
2005120707,"芝浦",,45,35,80,3,,,,20,,,,,,
2005120708,"芝浦",,42,35,77,4,,,,12,,,,,,
2005120709,"芝浦",,31,33,64,7,,,,11,,,,,,
2005120710,"芝浦",,33,32,65,9,,,,9,,,,,,
2005120711,"芝浦",,42,34,76,8,,,,13,,,,,,
2005120712,"芝浦",,38,34,72,11,,,,8,,,,,,
2005120713,"芝浦",,59,39,98,10,,,,20,,,,,,
2005120714,"芝浦",,79,43,122,9,,,,16,,,,,,
2005120715,"芝浦",,80,41,121,10,,,,19,,,,,,
2005120716,"芝浦",,67,42,109,10,,,,22,,,,,,
2005120717,"芝浦",,70,44,114,6,,,,16,,,,,,
2005120718,"芝浦",,91,46,137,4,,,,16,,,,,,
2005120719,"芝浦",,111,47,158,3,,,,20,,,,,,
2005120720,"芝浦",,66,44,110,4,,,,22,,,,,,
2005120721,"芝浦",,27,39,66,4,,,,17,,,,,,
2005120722,"芝浦",,31,40,71,3,,,,30,,,,,,
2005120723,"芝浦",,27,35,62,4,,,,20,,,,,,
2005120724,"芝浦",,31,36,67,2,,,,18,,,,,,
2005120801,"芝浦",,35,34,69,2,,,,22,,,,,,
2005120802,"芝浦",,26,32,58,2,,,,19,,,,,,
2005120803,"芝浦",,14,31,45,3,,,,18,,,,,,
2005120804,"芝浦",,16,32,48,3,,,,13,,,,,,
2005120805,"芝浦",,20,31,51,2,,,,17,,,,,,
2005120806,"芝浦",,32,30,62,2,,,,17,,,,,,
2005120807,"芝浦",,46,31,77,2,,,,23,,,,,,
2005120808,"芝浦",,52,31,83,3,,,,24,,,,,,
2005120809,"芝浦",,52,32,84,5,,,,26,,,,,,
2005120810,"芝浦",,55,35,90,6,,,,26,,,,,,
2005120811,"芝浦",,118,47,165,4,,,,13,,,,,,
2005120812,"芝浦",,161,54,215,5,,,,18,,,,,,
2005120813,"芝浦",,104,51,155,7,,,,39,,,,,,
2005120814,"芝浦",,133,57,190,5,,,,35,,,,,,
2005120815,"芝浦",,86,51,137,6,,,,26,,,,,,
2005120816,"芝浦",,74,54,128,6,,,,40,,,,,,
2005120817,"芝浦",,78,58,136,4,,,,34,,,,,,
2005120818,"芝浦",,117,60,177,3,,,,47,,,,,,
2005120819,"芝浦",,121,62,183,3,,,,31,,,,,,
2005120820,"芝浦",,138,63,201,2,,,,41,,,,,,
2005120821,"芝浦",,108,53,161,2,,,,46,,,,,,
2005120822,"芝浦",,48,44,92,2,,,,42,,,,,,
2005120823,"芝浦",,70,45,115,2,,,,35,,,,,,
2005120824,"芝浦",,75,45,120,2,,,,39,,,,,,
2005120901,"芝浦",,80,42,122,2,,,,42,,,,,,
2005120902,"芝浦",,87,41,128,3,,,,41,,,,,,
2005120903,"芝浦",,60,37,97,3,,,,42,,,,,,
2005120904,"芝浦",,59,35,94,3,,,,40,,,,,,
2005120905,"芝浦",,46,33,79,2,,,,28,,,,,,
2005120906,"芝浦",,57,34,91,2,,,,44,,,,,,
2005120907,"芝浦",,105,38,143,1,,,,45,,,,,,
2005120908,"芝浦",,116,41,157,2,,,,34,,,,,,
2005120909,"芝浦",,129,48,177,2,,,,44,,,,,,
2005120910,"芝浦",,69,44,113,5,,,,28,,,,,,
2005120911,"芝浦",,77,49,126,6,,,,20,,,,,,
2005120912,"芝浦",,133,58,191,6,,,,38,,,,,,
2005120913,"芝浦",,117,62,179,6,,,,44,,,,,,
2005120914,"芝浦",,124,65,189,5,,,,52,,,,,,
2005120915,"芝浦",,82,55,137,6,,,,32,,,,,,
2005120916,"芝浦",,85,53,138,5,,,,22,,,,,,
2005120917,"芝浦",,100,56,156,3,,,,45,,,,,,
2005120918,"芝浦",,103,56,159,4,,,,33,,,,,,
2005120919,"芝浦",,84,52,136,4,,,,24,,,,,,
2005120920,"芝浦",,48,48,96,3,,,,23,,,,,,
2005120921,"芝浦",,93,55,148,3,,,,30,,,,,,
2005120922,"芝浦",,63,48,111,3,,,,26,,,,,,
2005120923,"芝浦",,46,43,89,3,,,,23,,,,,,
2005120924,"芝浦",,20,37,57,3,,,,18,,,,,,
2005121001,"芝浦",,11,32,43,7,,,,10,,,,,,
2005121002,"芝浦",,12,33,45,6,,,,13,,,,,,
2005121003,"芝浦",,6,30,36,9,,,,15,,,,,,
2005121004,"芝浦",,5,30,35,9,,,,12,,,,,,
2005121005,"芝浦",,10,31,41,8,,,,5,,,,,,
2005121006,"芝浦",,11,32,43,6,,,,12,,,,,,
2005121007,"芝浦",,10,31,41,7,,,,10,,,,,,
2005121008,"芝浦",,51,38,89,4,,,,9,,,,,,
2005121009,"芝浦",,150,50,200,3,,,,24,,,,,,
2005121010,"芝浦",,135,55,190,3,,,,25,,,,,,
2005121011,"芝浦",,177,63,240,4,,,,20,,,,,,
2005121012,"芝浦",,95,42,137,13,,,,23,,,,,,
2005121013,"芝浦",,7,15,22,34,,,,17,,,,,,
2005121014,"芝浦",,7,16,23,32,,,,15,,,,,,
2005121015,"芝浦",,13,23,36,25,,,,12,,,,,,
2005121016,"芝浦",,9,25,34,24,,,,20,,,,,,
2005121017,"芝浦",,8,27,35,22,,,,25,,,,,,
2005121018,"芝浦",,29,50,79,4,,,,27,,,,,,
2005121019,"芝浦",,15,35,50,9,,,,22,,,,,,
2005121020,"芝浦",,11,32,43,10,,,,23,,,,,,
2005121021,"芝浦",,11,31,42,11,,,,16,,,,,,
2005121022,"芝浦",,12,34,46,7,,,,23,,,,,,
2005121023,"芝浦",,41,40,81,3,,,,19,,,,,,
2005121024,"芝浦",,65,43,108,2,,,,24,,,,,,
2005121101,"芝浦",,47,42,89,2,,,,19,,,,,,
2005121102,"芝浦",,24,38,62,2,,,,26,,,,,,
2005121103,"芝浦",,10,34,44,3,,,,17,,,,,,
2005121104,"芝浦",,3,27,30,11,,,,21,,,,,,
2005121105,"芝浦",,2,21,23,17,,,,10,,,,,,
2005121106,"芝浦",,2,19,21,17,,,,12,,,,,,
2005121107,"芝浦",,3,17,20,20,,,,10,,,,,,
2005121108,"芝浦",,5,17,22,20,,,,10,,,,,,
2005121109,"芝浦",,9,22,31,15,,,,6,,,,,,
2005121110,"芝浦",,7,17,24,20,,,,8,,,,,,
2005121111,"芝浦",,6,16,22,23,,,,10,,,,,,
2005121112,"芝浦",,6,16,22,24,,,,14,,,,,,
2005121113,"芝浦",,4,17,21,24,,,,24,,,,,,
2005121114,"芝浦",,4,21,25,21,,,,19,,,,,,
2005121115,"芝浦",,5,15,20,27,,,,15,,,,,,
2005121116,"芝浦",,3,14,17,28,,,,13,,,,,,
2005121117,"芝浦",,5,13,18,29,,,,11,,,,,,
2005121118,"芝浦",,2,15,17,27,,,,4,,,,,,
2005121119,"芝浦",,3,21,24,18,,,,17,,,,,,
2005121120,"芝浦",,21,33,54,6,,,,40,,,,,,
2005121121,"芝浦",,10,25,35,11,,,,23,,,,,,
2005121122,"芝浦",,9,23,32,16,,,,23,,,,,,
2005121123,"芝浦",,15,28,43,11,,,,16,,,,,,
2005121124,"芝浦",,15,31,46,8,,,,22,,,,,,
2005121201,"芝浦",,9999,9999,9999,9995,,,,16,,,,,,
2005121202,"芝浦",,4,26,30,12,,,,12,,,,,,
2005121203,"芝浦",,2,20,22,18,,,,20,,,,,,
2005121204,"芝浦",,4,27,31,12,,,,16,,,,,,
2005121205,"芝浦",,5,28,33,10,,,,17,,,,,,
2005121206,"芝浦",,7,30,37,8,,,,13,,,,,,
2005121207,"芝浦",,16,35,51,5,,,,14,,,,,,
2005121208,"芝浦",,31,37,68,4,,,,17,,,,,,
2005121209,"芝浦",,72,42,114,4,,,,21,,,,,,
2005121210,"芝浦",,174,54,228,1,,,,18,,,,,,
2005121211,"芝浦",,159,55,214,3,,,,28,,,,,,
2005121212,"芝浦",,105,53,158,4,,,,27,,,,,,
2005121213,"芝浦",,131,58,189,5,,,,36,,,,,,
2005121214,"芝浦",,91,51,142,6,,,,29,,,,,,
2005121215,"芝浦",,82,49,131,8,,,,29,,,,,,
2005121216,"芝浦",,22,32,54,18,,,,17,,,,,,
2005121217,"芝浦",,10,30,40,18,,,,20,,,,,,
2005121218,"芝浦",,45,48,93,5,,,,46,,,,,,
2005121219,"芝浦",,53,52,105,3,,,,56,,,,,,
2005121220,"芝浦",,51,50,101,3,,,,53,,,,,,
2005121221,"芝浦",,56,49,105,3,,,,42,,,,,,
2005121222,"芝浦",,50,48,98,3,,,,50,,,,,,
2005121223,"芝浦",,69,50,119,2,,,,48,,,,,,
2005121224,"芝浦",,75,50,125,2,,,,54,,,,,,
2005121301,"芝浦",,27,36,63,5,,,,32,,,,,,
2005121302,"芝浦",,2,17,19,22,,,,17,,,,,,
2005121303,"芝浦",,2,12,14,30,,,,13,,,,,,
2005121304,"芝浦",,2,14,16,27,,,,10,,,,,,
2005121305,"芝浦",,3,18,21,20,,,,7,,,,,,
2005121306,"芝浦",,5,23,28,15,,,,8,,,,,,
2005121307,"芝浦",,10,31,41,8,,,,5,,,,,,
2005121308,"芝浦",,20,34,54,7,,,,9,,,,,,
2005121309,"芝浦",,25,30,55,11,,,,9,,,,,,
2005121310,"芝浦",,25,30,55,14,,,,7,,,,,,
2005121311,"芝浦",,19,26,45,18,,,,3,,,,,,
2005121312,"芝浦",,17,23,40,22,,,,4,,,,,,
2005121313,"芝浦",,17,22,39,24,,,,18,,,,,,
2005121314,"芝浦",,81,46,127,5,,,,20,,,,,,
2005121315,"芝浦",,64,44,108,5,,,,20,,,,,,
2005121316,"芝浦",,31,40,71,6,,,,21,,,,,,
2005121317,"芝浦",,77,48,125,1,,,,21,,,,,,
2005121318,"芝浦",,62,48,110,0,,,,32,,,,,,
2005121319,"芝浦",,82,48,130,0,,,,26,,,,,,
2005121320,"芝浦",,15,33,48,10,,,,12,,,,,,
2005121321,"芝浦",,11,27,38,14,,,,23,,,,,,
2005121322,"芝浦",,10,31,41,10,,,,18,,,,,,
2005121323,"芝浦",,11,33,44,8,,,,18,,,,,,
2005121324,"芝浦",,7,32,39,7,,,,7,,,,,,
2005121401,"芝浦",,6,30,36,8,,,,15,,,,,,
2005121402,"芝浦",,16,35,51,4,,,,13,,,,,,
2005121403,"芝浦",,39,38,77,2,,,,6,,,,,,
2005121404,"芝浦",,41,38,79,2,,,,12,,,,,,
2005121405,"芝浦",,84,40,124,2,,,,21,,,,,,
2005121406,"芝浦",,95,41,136,2,,,,17,,,,,,
2005121407,"芝浦",,97,42,139,2,,,,18,,,,,,
2005121408,"芝浦",,151,48,199,2,,,,23,,,,,,
2005121409,"芝浦",,321,67,388,2,,,,36,,,,,,
2005121410,"芝浦",,248,65,313,0,,,,24,,,,,,
2005121411,"芝浦",,152,55,207,2,,,,14,,,,,,
2005121412,"芝浦",,105,47,152,7,,,,17,,,,,,
2005121413,"芝浦",,140,61,201,4,,,,44,,,,,,
2005121414,"芝浦",,110,58,168,5,,,,44,,,,,,
2005121415,"芝浦",,67,51,118,6,,,,32,,,,,,
2005121416,"芝浦",,95,55,150,2,,,,28,,,,,,
2005121417,"芝浦",,56,52,108,1,,,,30,,,,,,
2005121418,"芝浦",,69,53,122,2,,,,35,,,,,,
2005121419,"芝浦",,59,55,114,2,,,,34,,,,,,
2005121420,"芝浦",,66,57,123,4,,,,44,,,,,,
2005121421,"芝浦",,18,32,50,13,,,,19,,,,,,
2005121422,"芝浦",,12,31,43,12,,,,6,,,,,,
2005121423,"芝浦",,11,28,39,14,,,,16,,,,,,
2005121424,"芝浦",,7,28,35,14,,,,19,,,,,,
2005121501,"芝浦",,9,31,40,11,,,,10,,,,,,
2005121502,"芝浦",,8,29,37,12,,,,16,,,,,,
2005121503,"芝浦",,8,27,35,13,,,,14,,,,,,
2005121504,"芝浦",,8,26,34,11,,,,7,,,,,,
2005121505,"芝浦",,10,30,40,8,,,,12,,,,,,
2005121506,"芝浦",,14,31,45,8,,,,11,,,,,,
2005121507,"芝浦",,17,33,50,6,,,,15,,,,,,
2005121508,"芝浦",,32,34,66,5,,,,12,,,,,,
2005121509,"芝浦",,43,37,80,7,,,,18,,,,,,
2005121510,"芝浦",,139,50,189,6,,,,17,,,,,,
2005121511,"芝浦",,149,52,201,6,,,,27,,,,,,
2005121512,"芝浦",,9998,9998,9998,9998,,,,20,,,,,,
2005121513,"芝浦",,92,48,140,8,,,,28,,,,,,
2005121514,"芝浦",,79,44,123,11,,,,21,,,,,,
2005121515,"芝浦",,78,45,123,10,,,,22,,,,,,
2005121516,"芝浦",,83,45,128,7,,,,29,,,,,,
2005121517,"芝浦",,84,47,131,5,,,,29,,,,,,
2005121518,"芝浦",,69,44,113,6,,,,29,,,,,,
2005121519,"芝浦",,63,42,105,6,,,,28,,,,,,
2005121520,"芝浦",,49,39,88,7,,,,21,,,,,,
2005121521,"芝浦",,34,41,75,4,,,,10,,,,,,
2005121522,"芝浦",,20,41,61,5,,,,25,,,,,,
2005121523,"芝浦",,79,49,128,4,,,,37,,,,,,
2005121524,"芝浦",,151,54,205,4,,,,48,,,,,,
2005121601,"芝浦",,83,43,126,4,,,,36,,,,,,
2005121602,"芝浦",,49,40,89,3,,,,36,,,,,,
2005121603,"芝浦",,55,40,95,3,,,,37,,,,,,
2005121604,"芝浦",,83,42,125,3,,,,35,,,,,,
2005121605,"芝浦",,87,42,129,3,,,,34,,,,,,
2005121606,"芝浦",,70,40,110,3,,,,30,,,,,,
2005121607,"芝浦",,91,40,131,3,,,,31,,,,,,
2005121608,"芝浦",,100,42,142,3,,,,24,,,,,,
2005121609,"芝浦",,68,42,110,3,,,,28,,,,,,
2005121610,"芝浦",,67,46,113,5,,,,33,,,,,,
2005121611,"芝浦",,55,46,101,9,,,,23,,,,,,
2005121612,"芝浦",,35,44,79,14,,,,26,,,,,,
2005121613,"芝浦",,52,50,102,12,,,,30,,,,,,
2005121614,"芝浦",,185,73,258,4,,,,51,,,,,,
2005121615,"芝浦",,168,78,246,4,,,,53,,,,,,
2005121616,"芝浦",,131,75,206,4,,,,60,,,,,,
2005121617,"芝浦",,103,64,167,3,,,,37,,,,,,
2005121618,"芝浦",,82,61,143,3,,,,30,,,,,,
2005121619,"芝浦",,146,67,213,3,,,,37,,,,,,
2005121620,"芝浦",,151,66,217,4,,,,53,,,,,,
2005121621,"芝浦",,118,59,177,4,,,,36,,,,,,
2005121622,"芝浦",,107,57,164,4,,,,32,,,,,,
2005121623,"芝浦",,135,66,201,4,,,,47,,,,,,
2005121624,"芝浦",,91,53,144,3,,,,45,,,,,,
2005121701,"芝浦",,98,50,148,4,,,,38,,,,,,
2005121702,"芝浦",,66,45,111,3,,,,30,,,,,,
2005121703,"芝浦",,82,44,126,3,,,,16,,,,,,
2005121704,"芝浦",,47,39,86,3,,,,19,,,,,,
2005121705,"芝浦",,43,37,80,3,,,,11,,,,,,
2005121706,"芝浦",,52,37,89,3,,,,26,,,,,,
2005121707,"芝浦",,41,37,78,3,,,,20,,,,,,
2005121708,"芝浦",,81,41,122,3,,,,18,,,,,,
2005121709,"芝浦",,222,55,277,3,,,,43,,,,,,
2005121710,"芝浦",,112,50,162,6,,,,26,,,,,,
2005121711,"芝浦",,27,34,61,17,,,,18,,,,,,
2005121712,"芝浦",,30,32,62,22,,,,18,,,,,,
2005121713,"芝浦",,15,24,39,29,,,,21,,,,,,
2005121714,"芝浦",,15,23,38,30,,,,20,,,,,,
2005121715,"芝浦",,16,24,40,30,,,,21,,,,,,
2005121716,"芝浦",,9,23,32,29,,,,27,,,,,,
2005121717,"芝浦",,5,25,30,26,,,,19,,,,,,
2005121718,"芝浦",,5,25,30,25,,,,18,,,,,,
2005121719,"芝浦",,3,24,27,23,,,,20,,,,,,
2005121720,"芝浦",,3,24,27,24,,,,20,,,,,,
2005121721,"芝浦",,3,22,25,25,,,,20,,,,,,
2005121722,"芝浦",,4,28,32,18,,,,16,,,,,,
2005121723,"芝浦",,3,20,23,28,,,,5,,,,,,
2005121724,"芝浦",,2,13,15,34,,,,11,,,,,,
2005121801,"芝浦",,2,14,16,31,,,,8,,,,,,
2005121802,"芝浦",,2,11,13,34,,,,6,,,,,,
2005121803,"芝浦",,2,12,14,31,,,,8,,,,,,
2005121804,"芝浦",,2,11,13,33,,,,8,,,,,,
2005121805,"芝浦",,2,10,12,33,,,,3,,,,,,
2005121806,"芝浦",,2,9,11,31,,,,11,,,,,,
2005121807,"芝浦",,2,6,8,32,,,,18,,,,,,
2005121808,"芝浦",,2,6,8,31,,,,13,,,,,,
2005121809,"芝浦",,4,7,11,31,,,,8,,,,,,
2005121810,"芝浦",,5,7,12,32,,,,1,,,,,,
2005121811,"芝浦",,5,6,11,34,,,,3,,,,,,
2005121812,"芝浦",,4,6,10,34,,,,5,,,,,,
2005121813,"芝浦",,4,6,10,33,,,,8,,,,,,
2005121814,"芝浦",,4,5,9,33,,,,13,,,,,,
2005121815,"芝浦",,3,5,8,34,,,,5,,,,,,
2005121816,"芝浦",,3,8,11,30,,,,9,,,,,,
2005121817,"芝浦",,4,12,16,26,,,,9,,,,,,
2005121818,"芝浦",,3,18,21,18,,,,5,,,,,,
2005121819,"芝浦",,8,22,30,15,,,,11,,,,,,
2005121820,"芝浦",,6,27,33,11,,,,13,,,,,,
2005121821,"芝浦",,5,29,34,8,,,,20,,,,,,
2005121822,"芝浦",,4,24,28,11,,,,10,,,,,,
2005121823,"芝浦",,3,20,23,14,,,,9,,,,,,
2005121824,"芝浦",,3,24,27,10,,,,9,,,,,,
2005121901,"芝浦",,9999,9999,9999,9995,,,,12,,,,,,
2005121902,"芝浦",,22,35,57,1,,,,8,,,,,,
2005121903,"芝浦",,45,37,82,1,,,,19,,,,,,
2005121904,"芝浦",,56,39,95,1,,,,13,,,,,,
2005121905,"芝浦",,74,40,114,1,,,,16,,,,,,
2005121906,"芝浦",,41,37,78,3,,,,14,,,,,,
2005121907,"芝浦",,12,32,44,6,,,,5,,,,,,
2005121908,"芝浦",,42,39,81,3,,,,7,,,,,,
2005121909,"芝浦",,62,42,104,2,,,,7,,,,,,
2005121910,"芝浦",,33,33,66,11,,,,8,,,,,,
2005121911,"芝浦",,25,30,55,16,,,,7,,,,,,
2005121912,"芝浦",,28,31,59,17,,,,16,,,,,,
2005121913,"芝浦",,16,22,38,24,,,,10,,,,,,
2005121914,"芝浦",,16,18,34,26,,,,12,,,,,,
2005121915,"芝浦",,16,19,35,27,,,,15,,,,,,
2005121916,"芝浦",,12,21,33,25,,,,14,,,,,,
2005121917,"芝浦",,13,23,36,22,,,,11,,,,,,
2005121918,"芝浦",,18,30,48,14,,,,12,,,,,,
2005121919,"芝浦",,18,34,52,9,,,,11,,,,,,
2005121920,"芝浦",,19,35,54,7,,,,9,,,,,,
2005121921,"芝浦",,17,32,49,9,,,,15,,,,,,
2005121922,"芝浦",,13,29,42,12,,,,8,,,,,,
2005121923,"芝浦",,11,26,37,13,,,,10,,,,,,
2005121924,"芝浦",,4,24,28,13,,,,9,,,,,,
2005122001,"芝浦",,16,33,49,5,,,,8,,,,,,
2005122002,"芝浦",,35,39,74,1,,,,14,,,,,,
2005122003,"芝浦",,27,37,64,1,,,,10,,,,,,
2005122004,"芝浦",,24,36,60,1,,,,13,,,,,,
2005122005,"芝浦",,12,33,45,3,,,,13,,,,,,
2005122006,"芝浦",,24,35,59,1,,,,10,,,,,,
2005122007,"芝浦",,29,36,65,1,,,,11,,,,,,
2005122008,"芝浦",,68,40,108,1,,,,6,,,,,,
2005122009,"芝浦",,58,39,97,4,,,,13,,,,,,
2005122010,"芝浦",,74,45,119,3,,,,7,,,,,,
2005122011,"芝浦",,58,42,100,8,,,,20,,,,,,
2005122012,"芝浦",,27,33,60,14,,,,18,,,,,,
2005122013,"芝浦",,24,29,53,18,,,,15,,,,,,
2005122014,"芝浦",,30,24,54,22,,,,16,,,,,,
2005122015,"芝浦",,133,53,186,6,,,,18,,,,,,
2005122016,"芝浦",,146,59,205,3,,,,32,,,,,,
2005122017,"芝浦",,127,59,186,2,,,,29,,,,,,
2005122018,"芝浦",,113,54,167,2,,,,30,,,,,,
2005122019,"芝浦",,101,51,152,2,,,,20,,,,,,
2005122020,"芝浦",,103,51,154,2,,,,21,,,,,,
2005122021,"芝浦",,94,50,144,2,,,,25,,,,,,
2005122022,"芝浦",,82,49,131,2,,,,37,,,,,,
2005122023,"芝浦",,67,44,111,1,,,,23,,,,,,
2005122024,"芝浦",,61,42,103,2,,,,34,,,,,,
2005122101,"芝浦",,47,40,87,1,,,,29,,,,,,
2005122102,"芝浦",,40,40,80,1,,,,16,,,,,,
2005122103,"芝浦",,31,38,69,2,,,,18,,,,,,
2005122104,"芝浦",,26,35,61,2,,,,17,,,,,,
2005122105,"芝浦",,26,34,60,1,,,,12,,,,,,
2005122106,"芝浦",,40,35,75,1,,,,22,,,,,,
2005122107,"芝浦",,49,35,84,2,,,,16,,,,,,
2005122108,"芝浦",,42,36,78,3,,,,14,,,,,,
2005122109,"芝浦",,49,37,86,4,,,,16,,,,,,
2005122110,"芝浦",,136,50,186,4,,,,20,,,,,,
2005122111,"芝浦",,214,61,275,4,,,,32,,,,,,
2005122112,"芝浦",,176,61,237,4,,,,40,,,,,,
2005122113,"芝浦",,155,58,213,5,,,,34,,,,,,
2005122114,"芝浦",,124,53,177,5,,,,38,,,,,,
2005122115,"芝浦",,165,58,223,5,,,,42,,,,,,
2005122116,"芝浦",,13,26,39,24,,,,15,,,,,,
2005122117,"芝浦",,11,31,42,20,,,,18,,,,,,
2005122118,"芝浦",,44,51,95,6,,,,46,,,,,,
2005122119,"芝浦",,73,58,131,3,,,,66,,,,,,
2005122120,"芝浦",,59,55,114,3,,,,60,,,,,,
2005122121,"芝浦",,43,53,96,3,,,,57,,,,,,
2005122122,"芝浦",,38,51,89,3,,,,41,,,,,,
2005122123,"芝浦",,53,52,105,3,,,,39,,,,,,
2005122124,"芝浦",,34,48,82,4,,,,40,,,,,,
2005122201,"芝浦",,4,26,30,22,,,,21,,,,,,
2005122202,"芝浦",,2,22,24,26,,,,18,,,,,,
2005122203,"芝浦",,28,36,64,12,,,,32,,,,,,
2005122204,"芝浦",,46,44,90,4,,,,45,,,,,,
2005122205,"芝浦",,29,41,70,6,,,,27,,,,,,
2005122206,"芝浦",,62,43,105,3,,,,44,,,,,,
2005122207,"芝浦",,66,40,106,4,,,,38,,,,,,
2005122208,"芝浦",,71,41,112,4,,,,49,,,,,,
2005122209,"芝浦",,53,41,94,7,,,,31,,,,,,
2005122210,"芝浦",,38,37,75,10,,,,19,,,,,,
2005122211,"芝浦",,31,33,64,14,,,,15,,,,,,
2005122212,"芝浦",,9998,9998,9998,9998,,,,6,,,,,,
2005122213,"芝浦",,13,20,33,23,,,,21,,,,,,
2005122214,"芝浦",,15,21,36,23,,,,19,,,,,,
2005122215,"芝浦",,15,22,37,23,,,,12,,,,,,
2005122216,"芝浦",,14,21,35,24,,,,22,,,,,,
2005122217,"芝浦",,9,20,29,25,,,,18,,,,,,
2005122218,"芝浦",,11,20,31,25,,,,23,,,,,,
2005122219,"芝浦",,10,18,28,28,,,,8,,,,,,
2005122220,"芝浦",,12,20,32,27,,,,9,,,,,,
2005122221,"芝浦",,9,19,28,27,,,,8,,,,,,
2005122222,"芝浦",,7,19,26,26,,,,8,,,,,,
2005122223,"芝浦",,7,22,29,22,,,,10,,,,,,
2005122224,"芝浦",,3,25,28,18,,,,13,,,,,,
2005122301,"芝浦",,8,34,42,9,,,,12,,,,,,
2005122302,"芝浦",,21,41,62,3,,,,8,,,,,,
2005122303,"芝浦",,25,41,66,3,,,,13,,,,,,
2005122304,"芝浦",,17,39,56,4,,,,9,,,,,,
2005122305,"芝浦",,16,38,54,4,,,,10,,,,,,
2005122306,"芝浦",,19,39,58,4,,,,16,,,,,,
2005122307,"芝浦",,16,39,55,3,,,,10,,,,,,
2005122308,"芝浦",,37,39,76,5,,,,13,,,,,,
2005122309,"芝浦",,32,36,68,8,,,,18,,,,,,
2005122310,"芝浦",,35,36,71,12,,,,17,,,,,,
2005122311,"芝浦",,21,30,51,18,,,,17,,,,,,
2005122312,"芝浦",,15,22,37,26,,,,12,,,,,,
2005122313,"芝浦",,10,15,25,34,,,,14,,,,,,
2005122314,"芝浦",,8,14,22,33,,,,9,,,,,,
2005122315,"芝浦",,11,18,29,29,,,,16,,,,,,
2005122316,"芝浦",,5,15,20,31,,,,19,,,,,,
2005122317,"芝浦",,4,20,24,24,,,,24,,,,,,
2005122318,"芝浦",,3,23,26,19,,,,18,,,,,,
2005122319,"芝浦",,6,31,37,9,,,,23,,,,,,
2005122320,"芝浦",,23,40,63,3,,,,27,,,,,,
2005122321,"芝浦",,6,28,34,14,,,,13,,,,,,
2005122322,"芝浦",,10,33,43,9,,,,13,,,,,,
2005122323,"芝浦",,6,31,37,9,,,,20,,,,,,
2005122324,"芝浦",,5,30,35,9,,,,13,,,,,,
2005122401,"芝浦",,5,30,35,8,,,,12,,,,,,
2005122402,"芝浦",,29,35,64,3,,,,21,,,,,,
2005122403,"芝浦",,77,41,118,0,,,,18,,,,,,
2005122404,"芝浦",,70,38,108,3,,,,22,,,,,,
2005122405,"芝浦",,15,33,48,4,,,,20,,,,,,
2005122406,"芝浦",,35,37,72,1,,,,10,,,,,,
2005122407,"芝浦",,85,40,125,1,,,,22,,,,,,
2005122408,"芝浦",,52,37,89,1,,,,20,,,,,,
2005122409,"芝浦",,37,34,71,5,,,,20,,,,,,
2005122410,"芝浦",,33,32,65,9,,,,9,,,,,,
2005122411,"芝浦",,27,28,55,15,,,,15,,,,,,
2005122412,"芝浦",,15,19,34,24,,,,10,,,,,,
2005122413,"芝浦",,10,16,26,27,,,,17,,,,,,
2005122414,"芝浦",,10,13,23,32,,,,15,,,,,,
2005122415,"芝浦",,12,16,28,29,,,,15,,,,,,
2005122416,"芝浦",,9,18,27,28,,,,11,,,,,,
2005122417,"芝浦",,9,23,32,22,,,,7,,,,,,
2005122418,"芝浦",,9,28,37,16,,,,13,,,,,,
2005122419,"芝浦",,8,31,39,13,,,,12,,,,,,
2005122420,"芝浦",,9,33,42,11,,,,9,,,,,,
2005122421,"芝浦",,8,29,37,15,,,,17,,,,,,
2005122422,"芝浦",,6,31,37,10,,,,11,,,,,,
2005122423,"芝浦",,9,37,46,5,,,,12,,,,,,
2005122424,"芝浦",,13,38,51,5,,,,11,,,,,,
2005122501,"芝浦",,18,37,55,5,,,,19,,,,,,
2005122502,"芝浦",,24,38,62,4,,,,16,,,,,,
2005122503,"芝浦",,44,40,84,4,,,,14,,,,,,
2005122504,"芝浦",,51,42,93,4,,,,17,,,,,,
2005122505,"芝浦",,29,39,68,2,,,,20,,,,,,
2005122506,"芝浦",,28,38,66,1,,,,19,,,,,,
2005122507,"芝浦",,50,41,91,0,,,,14,,,,,,
2005122508,"芝浦",,65,41,106,2,,,,18,,,,,,
2005122509,"芝浦",,130,47,177,3,,,,25,,,,,,
2005122510,"芝浦",,134,49,183,4,,,,19,,,,,,
2005122511,"芝浦",,115,52,167,5,,,,27,,,,,,
2005122512,"芝浦",,68,46,114,8,,,,26,,,,,,
2005122513,"芝浦",,40,40,80,13,,,,27,,,,,,
2005122514,"芝浦",,26,36,62,17,,,,24,,,,,,
2005122515,"芝浦",,36,43,79,13,,,,20,,,,,,
2005122516,"芝浦",,44,47,91,9,,,,36,,,,,,
2005122517,"芝浦",,27,43,70,9,,,,27,,,,,,
2005122518,"芝浦",,3,25,28,21,,,,19,,,,,,
2005122519,"芝浦",,3,21,24,25,,,,21,,,,,,
2005122520,"芝浦",,2,16,18,30,,,,15,,,,,,
2005122521,"芝浦",,2,15,17,31,,,,19,,,,,,
2005122522,"芝浦",,3,15,18,31,,,,18,,,,,,
2005122523,"芝浦",,2,15,17,32,,,,7,,,,,,
2005122524,"芝浦",,2,14,16,33,,,,17,,,,,,
2005122601,"芝浦",,9999,9999,9999,9995,,,,19,,,,,,
2005122602,"芝浦",,5,19,24,26,,,,21,,,,,,
2005122603,"芝浦",,6,29,35,15,,,,36,,,,,,
2005122604,"芝浦",,4,24,28,16,,,,20,,,,,,
2005122605,"芝浦",,3,18,21,18,,,,12,,,,,,
2005122606,"芝浦",,6,19,25,18,,,,8,,,,,,
2005122607,"芝浦",,8,21,29,18,,,,2,,,,,,
2005122608,"芝浦",,16,24,40,16,,,,10,,,,,,
2005122609,"芝浦",,20,25,45,16,,,,10,,,,,,
2005122610,"芝浦",,25,27,52,16,,,,14,,,,,,
2005122611,"芝浦",,28,25,53,20,,,,10,,,,,,
2005122612,"芝浦",,18,19,37,26,,,,18,,,,,,
2005122613,"芝浦",,15,18,33,27,,,,16,,,,,,
2005122614,"芝浦",,14,18,32,27,,,,13,,,,,,
2005122615,"芝浦",,9998,9998,9998,9998,,,,9998,,,,,,
2005122616,"芝浦",,17,23,40,24,,,,13,,,,,,
2005122617,"芝浦",,23,33,56,15,,,,16,,,,,,
2005122618,"芝浦",,18,31,49,14,,,,16,,,,,,
2005122619,"芝浦",,12,28,40,20,,,,15,,,,,,
2005122620,"芝浦",,15,31,46,18,,,,10,,,,,,
2005122621,"芝浦",,20,36,56,13,,,,4,,,,,,
2005122622,"芝浦",,20,36,56,13,,,,2,,,,,,
2005122623,"芝浦",,16,36,52,13,,,,10,,,,,,
2005122624,"芝浦",,5,28,33,18,,,,13,,,,,,
2005122701,"芝浦",,7,26,33,21,,,,12,,,,,,
2005122702,"芝浦",,4,23,27,23,,,,6,,,,,,
2005122703,"芝浦",,5,25,30,21,,,,4,,,,,,
2005122704,"芝浦",,5,21,26,28,,,,3,,,,,,
2005122705,"芝浦",,4,20,24,28,,,,7,,,,,,
2005122706,"芝浦",,5,23,28,26,,,,11,,,,,,
2005122707,"芝浦",,7,28,35,21,,,,5,,,,,,
2005122708,"芝浦",,14,31,45,19,,,,6,,,,,,
2005122709,"芝浦",,22,33,55,19,,,,4,,,,,,
2005122710,"芝浦",,20,27,47,25,,,,6,,,,,,
2005122711,"芝浦",,15,23,38,28,,,,1,,,,,,
2005122712,"芝浦",,17,20,37,31,,,,2,,,,,,
2005122713,"芝浦",,12,17,29,34,,,,18,,,,,,
2005122714,"芝浦",,14,20,34,32,,,,15,,,,,,
2005122715,"芝浦",,14,20,34,30,,,,5,,,,,,
2005122716,"芝浦",,20,30,50,20,,,,6,,,,,,
2005122717,"芝浦",,17,32,49,18,,,,21,,,,,,
2005122718,"芝浦",,20,37,57,13,,,,13,,,,,,
2005122719,"芝浦",,15,39,54,12,,,,19,,,,,,
2005122720,"芝浦",,17,35,52,16,,,,15,,,,,,
2005122721,"芝浦",,19,34,53,18,,,,24,,,,,,
2005122722,"芝浦",,12,33,45,16,,,,18,,,,,,
2005122723,"芝浦",,12,35,47,12,,,,13,,,,,,
2005122724,"芝浦",,9,35,44,10,,,,16,,,,,,
2005122801,"芝浦",,7,31,38,13,,,,13,,,,,,
2005122802,"芝浦",,3,19,22,24,,,,10,,,,,,
2005122803,"芝浦",,3,14,17,31,,,,7,,,,,,
2005122804,"芝浦",,3,18,21,27,,,,4,,,,,,
2005122805,"芝浦",,3,16,19,30,,,,4,,,,,,
2005122806,"芝浦",,5,17,22,31,,,,9,,,,,,
2005122807,"芝浦",,5,19,24,29,,,,5,,,,,,
2005122808,"芝浦",,16,26,42,25,,,,6,,,,,,
2005122809,"芝浦",,14,22,36,28,,,,6,,,,,,
2005122810,"芝浦",,21,25,46,26,,,,7,,,,,,
2005122811,"芝浦",,21,21,42,30,,,,2,,,,,,
2005122812,"芝浦",,17,19,36,30,,,,2,,,,,,
2005122813,"芝浦",,12,16,28,33,,,,15,,,,,,
2005122814,"芝浦",,19,22,41,30,,,,11,,,,,,
2005122815,"芝浦",,23,26,49,24,,,,11,,,,,,
2005122816,"芝浦",,21,26,47,23,,,,12,,,,,,
2005122817,"芝浦",,23,28,51,20,,,,14,,,,,,
2005122818,"芝浦",,16,27,43,21,,,,15,,,,,,
2005122819,"芝浦",,19,27,46,22,,,,19,,,,,,
2005122820,"芝浦",,11,26,37,21,,,,21,,,,,,
2005122821,"芝浦",,13,27,40,21,,,,15,,,,,,
2005122822,"芝浦",,9,27,36,19,,,,12,,,,,,
2005122823,"芝浦",,9,30,39,16,,,,7,,,,,,
2005122824,"芝浦",,5,25,30,19,,,,16,,,,,,
2005122901,"芝浦",,3,22,25,22,,,,6,,,,,,
2005122902,"芝浦",,3,19,22,24,,,,8,,,,,,
2005122903,"芝浦",,3,19,22,24,,,,6,,,,,,
2005122904,"芝浦",,4,19,23,24,,,,2,,,,,,
2005122905,"芝浦",,4,20,24,22,,,,10,,,,,,
2005122906,"芝浦",,6,23,29,20,,,,7,,,,,,
2005122907,"芝浦",,7,28,35,15,,,,11,,,,,,
2005122908,"芝浦",,15,30,45,15,,,,11,,,,,,
2005122909,"芝浦",,19,28,47,20,,,,4,,,,,,
2005122910,"芝浦",,13,21,34,27,,,,2,,,,,,
2005122911,"芝浦",,12,20,32,29,,,,4,,,,,,
2005122912,"芝浦",,10,16,26,33,,,,10,,,,,,
2005122913,"芝浦",,11,17,28,33,,,,16,,,,,,
2005122914,"芝浦",,13,17,30,33,,,,15,,,,,,
2005122915,"芝浦",,8,15,23,35,,,,8,,,,,,
2005122916,"芝浦",,8,19,27,31,,,,14,,,,,,
2005122917,"芝浦",,10,23,33,26,,,,15,,,,,,
2005122918,"芝浦",,9,24,33,23,,,,18,,,,,,
2005122919,"芝浦",,7,22,29,26,,,,14,,,,,,
2005122920,"芝浦",,8,27,35,20,,,,12,,,,,,
2005122921,"芝浦",,7,25,32,21,,,,16,,,,,,
2005122922,"芝浦",,9,29,38,16,,,,18,,,,,,
2005122923,"芝浦",,8,32,40,13,,,,9,,,,,,
2005122924,"芝浦",,7,28,35,18,,,,20,,,,,,
2005123001,"芝浦",,3,24,27,22,,,,9,,,,,,
2005123002,"芝浦",,3,20,23,27,,,,8,,,,,,
2005123003,"芝浦",,3,16,19,29,,,,12,,,,,,
2005123004,"芝浦",,3,18,21,26,,,,8,,,,,,
2005123005,"芝浦",,3,20,23,23,,,,8,,,,,,
2005123006,"芝浦",,4,23,27,20,,,,14,,,,,,
2005123007,"芝浦",,7,27,34,17,,,,12,,,,,,
2005123008,"芝浦",,6,26,32,18,,,,15,,,,,,
2005123009,"芝浦",,66,39,105,10,,,,27,,,,,,
2005123010,"芝浦",,128,49,177,6,,,,19,,,,,,
2005123011,"芝浦",,74,42,116,10,,,,13,,,,,,
2005123012,"芝浦",,49,38,87,15,,,,16,,,,,,
2005123013,"芝浦",,32,33,65,21,,,,24,,,,,,
2005123014,"芝浦",,32,40,72,17,,,,40,,,,,,
2005123015,"芝浦",,29,42,71,16,,,,33,,,,,,
2005123016,"芝浦",,37,47,84,9,,,,38,,,,,,
2005123017,"芝浦",,52,44,96,11,,,,37,,,,,,
2005123018,"芝浦",,2,24,26,25,,,,35,,,,,,
2005123019,"芝浦",,17,34,51,15,,,,16,,,,,,
2005123020,"芝浦",,22,39,61,10,,,,32,,,,,,
2005123021,"芝浦",,16,44,60,4,,,,27,,,,,,
2005123022,"芝浦",,53,49,102,2,,,,44,,,,,,
2005123023,"芝浦",,46,50,96,3,,,,74,,,,,,
2005123024,"芝浦",,25,46,71,3,,,,80,,,,,,
2005123101,"芝浦",,10,39,49,8,,,,57,,,,,,
2005123102,"芝浦",,2,19,21,26,,,,30,,,,,,
2005123103,"芝浦",,2,12,14,35,,,,19,,,,,,
2005123104,"芝浦",,2,9,11,39,,,,12,,,,,,
2005123105,"芝浦",,3,7,10,40,,,,12,,,,,,
2005123106,"芝浦",,3,8,11,39,,,,13,,,,,,
2005123107,"芝浦",,4,9,13,39,,,,14,,,,,,
2005123108,"芝浦",,2,9,11,40,,,,14,,,,,,
2005123109,"芝浦",,3,9,12,39,,,,9,,,,,,
2005123110,"芝浦",,4,8,12,39,,,,5,,,,,,
2005123111,"芝浦",,3,7,10,40,,,,1,,,,,,
2005123112,"芝浦",,3,6,9,43,,,,4,,,,,,
2005123113,"芝浦",,4,8,12,41,,,,12,,,,,,
2005123114,"芝浦",,3,7,10,43,,,,17,,,,,,
2005123115,"芝浦",,5,9,14,42,,,,9,,,,,,
2005123116,"芝浦",,3,11,14,39,,,,15,,,,,,
2005123117,"芝浦",,2,12,14,37,,,,11,,,,,,
2005123118,"芝浦",,2,14,16,34,,,,12,,,,,,
2005123119,"芝浦",,2,18,20,29,,,,13,,,,,,
2005123120,"芝浦",,2,22,24,24,,,,15,,,,,,
2005123121,"芝浦",,2,16,18,31,,,,17,,,,,,
2005123122,"芝浦",,7,21,28,26,,,,12,,,,,,
2005123123,"芝浦",,5,20,25,28,,,,20,,,,,,
2005123124,"芝浦",,2,20,22,25,,,,21,,,,,,
2005110101,"芝浦",,12,35,47,4,,,,16,,,,,,
2005110102,"芝浦",,6,28,34,10,,,,17,,,,,,
2005110103,"芝浦",,7,25,32,12,,,,33,,,,,,
2005110104,"芝浦",,7,27,34,8,,,,27,,,,,,
2005110105,"芝浦",,7,24,31,8,,,,26,,,,,,
2005110106,"芝浦",,12,28,40,6,,,,20,,,,,,
2005110107,"芝浦",,44,35,79,0,,,,34,,,,,,
2005110108,"芝浦",,39,34,73,4,,,,30,,,,,,
2005110109,"芝浦",,23,28,51,12,,,,8,,,,,,
2005110110,"芝浦",,58,35,93,13,,,,17,,,,,,
2005110111,"芝浦",,110,51,161,7,,,,16,,,,,,
2005110112,"芝浦",,111,54,165,6,,,,22,,,,,,
2005110113,"芝浦",,68,47,115,12,,,,36,,,,,,
2005110114,"芝浦",,73,50,123,12,,,,28,,,,,,
2005110115,"芝浦",,75,53,128,10,,,,32,,,,,,
2005110116,"芝浦",,56,50,106,11,,,,38,,,,,,
2005110117,"芝浦",,42,45,87,12,,,,26,,,,,,
2005110118,"芝浦",,24,44,68,11,,,,44,,,,,,
2005110119,"芝浦",,24,41,65,14,,,,45,,,,,,
2005110120,"芝浦",,18,39,57,14,,,,37,,,,,,
2005110121,"芝浦",,22,43,65,8,,,,38,,,,,,
2005110122,"芝浦",,60,48,108,4,,,,30,,,,,,
2005110123,"芝浦",,67,50,117,2,,,,48,,,,,,
2005110124,"芝浦",,49,48,97,2,,,,40,,,,,,
2005110201,"芝浦",,60,48,108,1,,,,26,,,,,,
2005110202,"芝浦",,99,49,148,1,,,,54,,,,,,
2005110203,"芝浦",,61,39,100,1,,,,43,,,,,,
2005110204,"芝浦",,39,36,75,1,,,,45,,,,,,
2005110205,"芝浦",,28,34,62,1,,,,35,,,,,,
2005110206,"芝浦",,21,32,53,0,,,,50,,,,,,
2005110207,"芝浦",,42,31,73,1,,,,48,,,,,,
2005110208,"芝浦",,50,32,82,2,,,,49,,,,,,
2005110209,"芝浦",,50,36,86,5,,,,37,,,,,,
2005110210,"芝浦",,52,44,96,6,,,,33,,,,,,
2005110211,"芝浦",,126,63,189,4,,,,57,,,,,,
2005110212,"芝浦",,100,68,168,6,,,,54,,,,,,
2005110213,"芝浦",,96,74,170,8,,,,70,,,,,,
2005110214,"芝浦",,131,83,214,5,,,,66,,,,,,
2005110215,"芝浦",,95,79,174,7,,,,60,,,,,,
2005110216,"芝浦",,72,76,148,5,,,,55,,,,,,
2005110217,"芝浦",,51,76,127,3,,,,46,,,,,,
2005110218,"芝浦",,85,79,164,2,,,,54,,,,,,
2005110219,"芝浦",,70,78,148,2,,,,47,,,,,,
2005110220,"芝浦",,27,76,103,3,,,,47,,,,,,
2005110221,"芝浦",,78,79,157,2,,,,60,,,,,,
2005110222,"芝浦",,91,80,171,2,,,,55,,,,,,
2005110223,"芝浦",,61,58,119,3,,,,64,,,,,,
2005110224,"芝浦",,123,67,190,2,,,,84,,,,,,
2005110301,"芝浦",,102,60,162,2,,,,72,,,,,,
2005110302,"芝浦",,45,52,97,1,,,,82,,,,,,
2005110303,"芝浦",,39,49,88,2,,,,78,,,,,,
2005110304,"芝浦",,25,46,71,2,,,,68,,,,,,
2005110305,"芝浦",,18,42,60,2,,,,74,,,,,,
2005110306,"芝浦",,10,40,50,3,,,,63,,,,,,
2005110307,"芝浦",,13,38,51,4,,,,64,,,,,,
2005110308,"芝浦",,21,38,59,5,,,,72,,,,,,
2005110309,"芝浦",,28,42,70,7,,,,57,,,,,,
2005110310,"芝浦",,14,41,55,13,,,,73,,,,,,
2005110311,"芝浦",,15,41,56,18,,,,73,,,,,,
2005110312,"芝浦",,66,62,128,9,,,,64,,,,,,
2005110313,"芝浦",,44,62,106,14,,,,52,,,,,,
2005110314,"芝浦",,26,62,88,24,,,,72,,,,,,
2005110315,"芝浦",,34,74,108,14,,,,65,,,,,,
2005110316,"芝浦",,21,81,102,11,,,,77,,,,,,
2005110317,"芝浦",,17,72,89,19,,,,86,,,,,,
2005110318,"芝浦",,2,50,52,30,,,,92,,,,,,
2005110319,"芝浦",,2,41,43,39,,,,79,,,,,,
2005110320,"芝浦",,2,51,53,24,,,,95,,,,,,
2005110321,"芝浦",,3,52,55,18,,,,122,,,,,,
2005110322,"芝浦",,8,60,68,8,,,,118,,,,,,
2005110323,"芝浦",,5,52,57,13,,,,99,,,,,,
2005110324,"芝浦",,4,42,46,20,,,,85,,,,,,
2005110401,"芝浦",,8,49,57,8,,,,74,,,,,,
2005110402,"芝浦",,9,44,53,4,,,,84,,,,,,
2005110403,"芝浦",,18,40,58,3,,,,75,,,,,,
2005110404,"芝浦",,14,34,48,4,,,,59,,,,,,
2005110405,"芝浦",,12,31,43,4,,,,42,,,,,,
2005110406,"芝浦",,16,29,45,3,,,,35,,,,,,
2005110407,"芝浦",,28,30,58,3,,,,23,,,,,,
2005110408,"芝浦",,43,31,74,4,,,,33,,,,,,
2005110409,"芝浦",,53,35,88,5,,,,47,,,,,,
2005110410,"芝浦",,76,47,123,4,,,,38,,,,,,
2005110411,"芝浦",,85,57,142,5,,,,23,,,,,,
2005110412,"芝浦",,86,63,149,7,,,,28,,,,,,
2005110413,"芝浦",,143,76,219,4,,,,57,,,,,,
2005110414,"芝浦",,127,79,206,5,,,,60,,,,,,
2005110415,"芝浦",,154,82,236,4,,,,53,,,,,,
2005110416,"芝浦",,154,84,238,3,,,,66,,,,,,
2005110417,"芝浦",,94,79,173,2,,,,69,,,,,,
2005110418,"芝浦",,85,76,161,3,,,,62,,,,,,
2005110419,"芝浦",,44,67,111,3,,,,44,,,,,,
2005110420,"芝浦",,50,61,111,4,,,,47,,,,,,
2005110421,"芝浦",,39,56,95,5,,,,63,,,,,,
2005110422,"芝浦",,46,58,104,4,,,,44,,,,,,
2005110423,"芝浦",,67,59,126,3,,,,61,,,,,,
2005110424,"芝浦",,55,57,112,2,,,,48,,,,,,
2005110501,"芝浦",,93,60,153,3,,,,46,,,,,,
2005110502,"芝浦",,127,58,185,2,,,,59,,,,,,
2005110503,"芝浦",,85,46,131,2,,,,38,,,,,,
2005110504,"芝浦",,55,38,93,2,,,,50,,,,,,
2005110505,"芝浦",,40,35,75,1,,,,40,,,,,,
2005110506,"芝浦",,36,33,69,1,,,,50,,,,,,
2005110507,"芝浦",,33,31,64,2,,,,51,,,,,,
2005110508,"芝浦",,37,32,69,4,,,,39,,,,,,
2005110509,"芝浦",,51,35,86,5,,,,35,,,,,,
2005110510,"芝浦",,36,36,72,10,,,,40,,,,,,
2005110511,"芝浦",,22,38,60,14,,,,28,,,,,,
2005110512,"芝浦",,17,37,54,23,,,,51,,,,,,
2005110513,"芝浦",,38,46,84,24,,,,48,,,,,,
2005110514,"芝浦",,59,66,125,14,,,,42,,,,,,
2005110515,"芝浦",,67,76,143,8,,,,76,,,,,,
2005110516,"芝浦",,64,77,141,6,,,,61,,,,,,
2005110517,"芝浦",,23,69,92,9,,,,50,,,,,,
2005110518,"芝浦",,24,68,92,11,,,,73,,,,,,
2005110519,"芝浦",,8,45,53,31,,,,62,,,,,,
2005110520,"芝浦",,21,52,73,14,,,,53,,,,,,
2005110521,"芝浦",,16,44,60,17,,,,46,,,,,,
2005110522,"芝浦",,39,50,89,10,,,,41,,,,,,
2005110523,"芝浦",,25,51,76,7,,,,44,,,,,,
2005110524,"芝浦",,22,45,67,8,,,,52,,,,,,
2005110601,"芝浦",,3,36,39,13,,,,38,,,,,,
2005110602,"芝浦",,4,38,42,9,,,,36,,,,,,
2005110603,"芝浦",,4,36,40,9,,,,71,,,,,,
2005110604,"芝浦",,6,38,44,5,,,,55,,,,,,
2005110605,"芝浦",,3,32,35,8,,,,52,,,,,,
2005110606,"芝浦",,5,33,38,5,,,,60,,,,,,
2005110607,"芝浦",,14,34,48,3,,,,47,,,,,,
2005110608,"芝浦",,13,31,44,7,,,,46,,,,,,
2005110609,"芝浦",,13,33,46,7,,,,56,,,,,,
2005110610,"芝浦",,11,32,43,11,,,,40,,,,,,
2005110611,"芝浦",,11,32,43,13,,,,62,,,,,,
2005110612,"芝浦",,11,35,46,13,,,,45,,,,,,
2005110613,"芝浦",,12,39,51,9,,,,52,,,,,,
2005110614,"芝浦",,19,41,60,6,,,,68,,,,,,
2005110615,"芝浦",,19,42,61,5,,,,83,,,,,,
2005110616,"芝浦",,33,45,78,5,,,,113,,,,,,
2005110617,"芝浦",,50,45,95,4,,,,125,,,,,,
2005110618,"芝浦",,33,43,76,4,,,,124,,,,,,
2005110619,"芝浦",,47,43,90,4,,,,115,,,,,,
2005110620,"芝浦",,82,45,127,4,,,,117,,,,,,
2005110621,"芝浦",,67,45,112,5,,,,90,,,,,,
2005110622,"芝浦",,52,39,91,4,,,,77,,,,,,
2005110623,"芝浦",,18,32,50,4,,,,80,,,,,,
2005110624,"芝浦",,35,31,66,4,,,,62,,,,,,
2005110701,"芝浦",,9999,9999,9999,9995,,,,49,,,,,,
2005110702,"芝浦",,15,31,46,5,,,,42,,,,,,
2005110703,"芝浦",,14,29,43,6,,,,41,,,,,,
2005110704,"芝浦",,7,26,33,6,,,,17,,,,,,
2005110705,"芝浦",,3,16,19,13,,,,16,,,,,,
2005110706,"芝浦",,4,16,20,15,,,,14,,,,,,
2005110707,"芝浦",,9,24,33,12,,,,17,,,,,,
2005110708,"芝浦",,28,29,57,11,,,,13,,,,,,
2005110709,"芝浦",,21,26,47,16,,,,12,,,,,,
2005110710,"芝浦",,27,32,59,14,,,,5,,,,,,
2005110711,"芝浦",,19,29,48,22,,,,0,,,,,,
2005110712,"芝浦",,16,27,43,30,,,,32,,,,,,
2005110713,"芝浦",,11,26,37,33,,,,26,,,,,,
2005110714,"芝浦",,18,32,50,29,,,,22,,,,,,
2005110715,"芝浦",,9998,9998,9998,9998,,,,9998,,,,,,
2005110716,"芝浦",,9998,9998,9998,25,,,,28,,,,,,
2005110717,"芝浦",,23,45,68,11,,,,36,,,,,,
2005110718,"芝浦",,19,43,62,10,,,,27,,,,,,
2005110719,"芝浦",,21,41,62,11,,,,29,,,,,,
2005110720,"芝浦",,14,32,46,18,,,,20,,,,,,
2005110721,"芝浦",,12,26,38,23,,,,23,,,,,,
2005110722,"芝浦",,14,26,40,23,,,,28,,,,,,
2005110723,"芝浦",,9,26,35,22,,,,25,,,,,,
2005110724,"芝浦",,5,25,30,19,,,,27,,,,,,
2005110801,"芝浦",,6,29,35,12,,,,34,,,,,,
2005110802,"芝浦",,5,26,31,14,,,,18,,,,,,
2005110803,"芝浦",,3,18,21,22,,,,30,,,,,,
2005110804,"芝浦",,5,25,30,14,,,,30,,,,,,
2005110805,"芝浦",,11,32,43,5,,,,21,,,,,,
2005110806,"芝浦",,23,35,58,2,,,,26,,,,,,
2005110807,"芝浦",,41,37,78,2,,,,26,,,,,,
2005110808,"芝浦",,72,38,110,2,,,,12,,,,,,
2005110809,"芝浦",,157,48,205,2,,,,45,,,,,,
2005110810,"芝浦",,211,66,277,2,,,,35,,,,,,
2005110811,"芝浦",,134,63,197,4,,,,33,,,,,,
2005110812,"芝浦",,99,53,152,5,,,,36,,,,,,
2005110813,"芝浦",,26,28,54,22,,,,22,,,,,,
2005110814,"芝浦",,12,21,33,29,,,,43,,,,,,
2005110815,"芝浦",,14,25,39,29,,,,37,,,,,,
2005110816,"芝浦",,11,28,39,27,,,,40,,,,,,
2005110817,"芝浦",,7,31,38,22,,,,53,,,,,,
2005110818,"芝浦",,8,39,47,13,,,,46,,,,,,
2005110819,"芝浦",,17,45,62,5,,,,43,,,,,,
2005110820,"芝浦",,11,42,53,7,,,,32,,,,,,
2005110821,"芝浦",,10,30,40,17,,,,19,,,,,,
2005110822,"芝浦",,10,28,38,17,,,,11,,,,,,
2005110823,"芝浦",,8,28,36,14,,,,19,,,,,,
2005110824,"芝浦",,5,22,27,20,,,,8,,,,,,
2005110901,"芝浦",,3,19,22,21,,,,16,,,,,,
2005110902,"芝浦",,3,17,20,21,,,,14,,,,,,
2005110903,"芝浦",,3,19,22,19,,,,26,,,,,,
2005110904,"芝浦",,3,21,24,16,,,,13,,,,,,
2005110905,"芝浦",,4,21,25,16,,,,12,,,,,,
2005110906,"芝浦",,9,28,37,8,,,,26,,,,,,
2005110907,"芝浦",,18,33,51,4,,,,27,,,,,,
2005110908,"芝浦",,41,36,77,4,,,,17,,,,,,
2005110909,"芝浦",,148,49,197,2,,,,28,,,,,,
2005110910,"芝浦",,171,52,223,2,,,,21,,,,,,
2005110911,"芝浦",,155,61,216,3,,,,15,,,,,,
2005110912,"芝浦",,111,54,165,4,,,,27,,,,,,
2005110913,"芝浦",,73,50,123,7,,,,45,,,,,,
2005110914,"芝浦",,98,57,155,5,,,,36,,,,,,
2005110915,"芝浦",,83,55,138,5,,,,31,,,,,,
2005110916,"芝浦",,56,51,107,6,,,,25,,,,,,
2005110917,"芝浦",,86,59,145,2,,,,37,,,,,,
2005110918,"芝浦",,112,63,175,2,,,,34,,,,,,
2005110919,"芝浦",,143,61,204,2,,,,35,,,,,,
2005110920,"芝浦",,59,50,109,2,,,,38,,,,,,
2005110921,"芝浦",,50,48,98,4,,,,28,,,,,,
2005110922,"芝浦",,74,51,125,2,,,,41,,,,,,
2005110923,"芝浦",,13,34,47,5,,,,25,,,,,,
2005110924,"芝浦",,14,34,48,4,,,,14,,,,,,
2005111001,"芝浦",,11,32,43,4,,,,31,,,,,,
2005111002,"芝浦",,7,29,36,7,,,,11,,,,,,
2005111003,"芝浦",,10,32,42,4,,,,27,,,,,,
2005111004,"芝浦",,10,32,42,4,,,,15,,,,,,
2005111005,"芝浦",,35,36,71,2,,,,30,,,,,,
2005111006,"芝浦",,39,37,76,2,,,,20,,,,,,
2005111007,"芝浦",,51,39,90,2,,,,18,,,,,,
2005111008,"芝浦",,52,39,91,4,,,,25,,,,,,
2005111009,"芝浦",,57,41,98,5,,,,27,,,,,,
2005111010,"芝浦",,89,47,136,5,,,,24,,,,,,
2005111011,"芝浦",,146,56,202,4,,,,29,,,,,,
2005111012,"芝浦",,117,55,172,5,,,,22,,,,,,
2005111013,"芝浦",,68,49,117,9,,,,29,,,,,,
2005111014,"芝浦",,51,43,94,14,,,,28,,,,,,
2005111015,"芝浦",,48,46,94,12,,,,21,,,,,,
2005111016,"芝浦",,48,48,96,10,,,,26,,,,,,
2005111017,"芝浦",,48,49,97,8,,,,32,,,,,,
2005111018,"芝浦",,57,51,108,5,,,,22,,,,,,
2005111019,"芝浦",,39,45,84,6,,,,29,,,,,,
2005111020,"芝浦",,44,46,90,4,,,,33,,,,,,
2005111021,"芝浦",,38,44,82,5,,,,26,,,,,,
2005111022,"芝浦",,35,45,80,4,,,,38,,,,,,
2005111023,"芝浦",,25,47,72,2,,,,35,,,,,,
2005111024,"芝浦",,66,51,117,1,,,,47,,,,,,
2005111101,"芝浦",,62,47,109,1,,,,46,,,,,,
2005111102,"芝浦",,54,43,97,1,,,,46,,,,,,
2005111103,"芝浦",,46,39,85,1,,,,45,,,,,,
2005111104,"芝浦",,43,36,79,1,,,,48,,,,,,
2005111105,"芝浦",,60,36,96,2,,,,38,,,,,,
2005111106,"芝浦",,43,34,77,2,,,,37,,,,,,
2005111107,"芝浦",,53,35,88,2,,,,49,,,,,,
2005111108,"芝浦",,49,35,84,3,,,,38,,,,,,
2005111109,"芝浦",,71,39,110,2,,,,36,,,,,,
2005111110,"芝浦",,79,44,123,1,,,,46,,,,,,
2005111111,"芝浦",,217,60,277,1,,,,76,,,,,,
2005111112,"芝浦",,223,67,290,1,,,,86,,,,,,
2005111113,"芝浦",,350,86,436,1,,,,102,,,,,,
2005111114,"芝浦",,301,86,387,1,,,,109,,,,,,
2005111115,"芝浦",,306,89,395,1,,,,115,,,,,,
2005111116,"芝浦",,290,87,377,2,,,,105,,,,,,
2005111117,"芝浦",,267,86,353,1,,,,101,,,,,,
2005111118,"芝浦",,251,82,333,1,,,,108,,,,,,
2005111119,"芝浦",,233,78,311,1,,,,110,,,,,,
2005111120,"芝浦",,239,76,315,1,,,,108,,,,,,
2005111121,"芝浦",,221,74,295,1,,,,124,,,,,,
2005111122,"芝浦",,243,74,317,1,,,,137,,,,,,
2005111123,"芝浦",,182,75,257,1,,,,118,,,,,,
2005111124,"芝浦",,120,65,185,1,,,,103,,,,,,
2005111201,"芝浦",,71,55,126,1,,,,83,,,,,,
2005111202,"芝浦",,21,40,61,2,,,,64,,,,,,
2005111203,"芝浦",,4,30,34,9,,,,52,,,,,,
2005111204,"芝浦",,7,30,37,7,,,,50,,,,,,
2005111205,"芝浦",,10,35,45,5,,,,63,,,,,,
2005111206,"芝浦",,12,31,43,6,,,,46,,,,,,
2005111207,"芝浦",,19,31,50,7,,,,34,,,,,,
2005111208,"芝浦",,17,27,44,15,,,,28,,,,,,
2005111209,"芝浦",,22,29,51,15,,,,22,,,,,,
2005111210,"芝浦",,25,32,57,14,,,,19,,,,,,
2005111211,"芝浦",,35,33,68,14,,,,10,,,,,,
2005111212,"芝浦",,23,28,51,21,,,,2,,,,,,
2005111213,"芝浦",,12,20,32,32,,,,9,,,,,,
2005111214,"芝浦",,10,18,28,34,,,,11,,,,,,
2005111215,"芝浦",,11,19,30,31,,,,21,,,,,,
2005111216,"芝浦",,12,21,33,28,,,,19,,,,,,
2005111217,"芝浦",,15,23,38,25,,,,21,,,,,,
2005111218,"芝浦",,11,21,32,26,,,,27,,,,,,
2005111219,"芝浦",,7,22,29,24,,,,30,,,,,,
2005111220,"芝浦",,5,18,23,28,,,,19,,,,,,
2005111221,"芝浦",,5,19,24,27,,,,17,,,,,,
2005111222,"芝浦",,5,17,22,28,,,,17,,,,,,
2005111223,"芝浦",,8,22,30,23,,,,25,,,,,,
2005111224,"芝浦",,4,15,19,28,,,,17,,,,,,
2005111301,"芝浦",,3,16,19,27,,,,23,,,,,,
2005111302,"芝浦",,4,20,24,22,,,,14,,,,,,
2005111303,"芝浦",,3,19,22,21,,,,18,,,,,,
2005111304,"芝浦",,3,17,20,23,,,,23,,,,,,
2005111305,"芝浦",,4,18,22,20,,,,13,,,,,,
2005111306,"芝浦",,20,30,50,7,,,,16,,,,,,
2005111307,"芝浦",,38,34,72,5,,,,20,,,,,,
2005111308,"芝浦",,43,33,76,5,,,,18,,,,,,
2005111309,"芝浦",,78,38,116,5,,,,33,,,,,,
2005111310,"芝浦",,61,36,97,8,,,,15,,,,,,
2005111311,"芝浦",,53,37,90,10,,,,20,,,,,,
2005111312,"芝浦",,25,32,57,18,,,,12,,,,,,
2005111313,"芝浦",,23,35,58,21,,,,32,,,,,,
2005111314,"芝浦",,18,36,54,24,,,,29,,,,,,
2005111315,"芝浦",,25,40,65,18,,,,20,,,,,,
2005111316,"芝浦",,21,48,69,11,,,,27,,,,,,
2005111317,"芝浦",,20,50,70,8,,,,33,,,,,,
2005111318,"芝浦",,13,52,65,6,,,,40,,,,,,
2005111319,"芝浦",,35,58,93,2,,,,41,,,,,,
2005111320,"芝浦",,13,53,66,3,,,,32,,,,,,
2005111321,"芝浦",,25,55,80,2,,,,43,,,,,,
2005111322,"芝浦",,37,54,91,2,,,,51,,,,,,
2005111323,"芝浦",,45,52,97,2,,,,61,,,,,,
2005111324,"芝浦",,61,45,106,2,,,,59,,,,,,
2005111401,"芝浦",,9999,9999,9999,9995,,,,44,,,,,,
2005111402,"芝浦",,72,39,111,1,,,,49,,,,,,
2005111403,"芝浦",,72,37,109,1,,,,48,,,,,,
2005111404,"芝浦",,65,35,100,1,,,,49,,,,,,
2005111405,"芝浦",,68,33,101,1,,,,43,,,,,,
2005111406,"芝浦",,105,35,140,0,,,,50,,,,,,
2005111407,"芝浦",,73,38,111,0,,,,40,,,,,,
2005111408,"芝浦",,130,46,176,0,,,,58,,,,,,
2005111409,"芝浦",,106,48,154,1,,,,49,,,,,,
2005111410,"芝浦",,112,52,164,1,,,,56,,,,,,
2005111411,"芝浦",,149,64,213,1,,,,83,,,,,,
2005111412,"芝浦",,135,64,199,2,,,,76,,,,,,
2005111413,"芝浦",,115,67,182,2,,,,84,,,,,,
2005111414,"芝浦",,65,58,123,2,,,,88,,,,,,
2005111415,"芝浦",,9998,9998,9998,9998,,,,87,,,,,,
2005111416,"芝浦",,9998,9998,9998,9998,,,,69,,,,,,
2005111417,"芝浦",,47,39,86,6,,,,35,,,,,,
2005111418,"芝浦",,26,27,53,12,,,,32,,,,,,
2005111419,"芝浦",,19,23,42,14,,,,23,,,,,,
2005111420,"芝浦",,13,21,34,16,,,,37,,,,,,
2005111421,"芝浦",,18,23,41,12,,,,32,,,,,,
2005111422,"芝浦",,14,20,34,14,,,,19,,,,,,
2005111423,"芝浦",,14,19,33,14,,,,22,,,,,,
2005111424,"芝浦",,16,19,35,16,,,,31,,,,,,
2005111501,"芝浦",,7,16,23,15,,,,38,,,,,,
2005111502,"芝浦",,19,20,39,13,,,,21,,,,,,
2005111503,"芝浦",,11,17,28,12,,,,21,,,,,,
2005111504,"芝浦",,8,18,26,12,,,,24,,,,,,
2005111505,"芝浦",,10,20,30,14,,,,18,,,,,,
2005111506,"芝浦",,9,22,31,13,,,,23,,,,,,
2005111507,"芝浦",,18,28,46,8,,,,16,,,,,,
2005111508,"芝浦",,37,32,69,6,,,,19,,,,,,
2005111509,"芝浦",,24,28,52,8,,,,22,,,,,,
2005111510,"芝浦",,42,34,76,5,,,,16,,,,,,
2005111511,"芝浦",,38,33,71,5,,,,22,,,,,,
2005111512,"芝浦",,57,35,92,3,,,,19,,,,,,
2005111513,"芝浦",,42,33,75,4,,,,28,,,,,,
2005111514,"芝浦",,37,28,65,9,,,,13,,,,,,
2005111515,"芝浦",,51,32,83,8,,,,14,,,,,,
2005111516,"芝浦",,61,35,96,7,,,,23,,,,,,
2005111517,"芝浦",,50,35,85,5,,,,23,,,,,,
2005111518,"芝浦",,43,33,76,7,,,,28,,,,,,
2005111519,"芝浦",,48,36,84,6,,,,21,,,,,,
2005111520,"芝浦",,8,27,35,13,,,,23,,,,,,
2005111521,"芝浦",,17,31,48,10,,,,13,,,,,,
2005111522,"芝浦",,7,29,36,10,,,,13,,,,,,
2005111523,"芝浦",,20,36,56,4,,,,24,,,,,,
2005111524,"芝浦",,39,39,78,1,,,,20,,,,,,
2005111601,"芝浦",,28,35,63,3,,,,33,,,,,,
2005111602,"芝浦",,38,34,72,2,,,,20,,,,,,
2005111603,"芝浦",,35,32,67,1,,,,31,,,,,,
2005111604,"芝浦",,24,31,55,0,,,,32,,,,,,
2005111605,"芝浦",,24,32,56,2,,,,15,,,,,,
2005111606,"芝浦",,30,34,64,1,,,,17,,,,,,
2005111607,"芝浦",,30,33,63,0,,,,25,,,,,,
2005111608,"芝浦",,45,32,77,3,,,,22,,,,,,
2005111609,"芝浦",,34,28,62,11,,,,13,,,,,,
2005111610,"芝浦",,38,29,67,11,,,,12,,,,,,
2005111611,"芝浦",,30,27,57,13,,,,7,,,,,,
2005111612,"芝浦",,41,31,72,12,,,,10,,,,,,
2005111613,"芝浦",,29,28,57,18,,,,21,,,,,,
2005111614,"芝浦",,30,29,59,19,,,,26,,,,,,
2005111615,"芝浦",,28,30,58,18,,,,12,,,,,,
2005111616,"芝浦",,32,34,66,14,,,,16,,,,,,
2005111617,"芝浦",,60,43,103,8,,,,26,,,,,,
2005111618,"芝浦",,54,45,99,5,,,,40,,,,,,
2005111619,"芝浦",,59,45,104,4,,,,34,,,,,,
2005111620,"芝浦",,41,40,81,6,,,,32,,,,,,
2005111621,"芝浦",,27,37,64,3,,,,23,,,,,,
2005111622,"芝浦",,18,31,49,10,,,,15,,,,,,
2005111623,"芝浦",,13,27,40,14,,,,15,,,,,,
2005111624,"芝浦",,5,25,30,14,,,,16,,,,,,
2005111701,"芝浦",,5,23,28,15,,,,11,,,,,,
2005111702,"芝浦",,5,20,25,18,,,,7,,,,,,
2005111703,"芝浦",,5,22,27,15,,,,13,,,,,,
2005111704,"芝浦",,7,24,31,12,,,,7,,,,,,
2005111705,"芝浦",,9,22,31,14,,,,10,,,,,,
2005111706,"芝浦",,10,24,34,12,,,,13,,,,,,
2005111707,"芝浦",,14,29,43,8,,,,7,,,,,,
2005111708,"芝浦",,32,32,64,5,,,,15,,,,,,
2005111709,"芝浦",,43,34,77,6,,,,13,,,,,,
2005111710,"芝浦",,46,33,79,12,,,,5,,,,,,
2005111711,"芝浦",,43,33,76,12,,,,6,,,,,,
2005111712,"芝浦",,75,40,115,8,,,,22,,,,,,
2005111713,"芝浦",,79,45,124,8,,,,32,,,,,,
2005111714,"芝浦",,85,45,130,10,,,,24,,,,,,
2005111715,"芝浦",,97,49,146,6,,,,24,,,,,,
2005111716,"芝浦",,63,46,109,7,,,,17,,,,,,
2005111717,"芝浦",,105,52,157,3,,,,44,,,,,,
2005111718,"芝浦",,71,48,119,3,,,,36,,,,,,
2005111719,"芝浦",,74,46,120,3,,,,33,,,,,,
2005111720,"芝浦",,54,44,98,4,,,,26,,,,,,
2005111721,"芝浦",,53,45,98,4,,,,29,,,,,,
2005111722,"芝浦",,54,45,99,4,,,,35,,,,,,
2005111723,"芝浦",,23,38,61,7,,,,26,,,,,,
2005111724,"芝浦",,24,36,60,6,,,,19,,,,,,
2005111801,"芝浦",,18,34,52,7,,,,17,,,,,,
2005111802,"芝浦",,34,35,69,6,,,,27,,,,,,
2005111803,"芝浦",,26,34,60,7,,,,23,,,,,,
2005111804,"芝浦",,29,34,63,7,,,,24,,,,,,
2005111805,"芝浦",,28,32,60,7,,,,26,,,,,,
2005111806,"芝浦",,22,30,52,8,,,,17,,,,,,
2005111807,"芝浦",,24,31,55,9,,,,23,,,,,,
2005111808,"芝浦",,31,28,59,14,,,,27,,,,,,
2005111809,"芝浦",,39,31,70,14,,,,24,,,,,,
2005111810,"芝浦",,34,31,65,16,,,,16,,,,,,
2005111811,"芝浦",,35,34,69,14,,,,5,,,,,,
2005111812,"芝浦",,115,49,164,7,,,,17,,,,,,
2005111813,"芝浦",,110,54,164,8,,,,25,,,,,,
2005111814,"芝浦",,79,52,131,8,,,,21,,,,,,
2005111815,"芝浦",,105,58,163,5,,,,41,,,,,,
2005111816,"芝浦",,77,56,133,5,,,,41,,,,,,
2005111817,"芝浦",,68,56,124,4,,,,33,,,,,,
2005111818,"芝浦",,29,54,83,4,,,,29,,,,,,
2005111819,"芝浦",,25,54,79,4,,,,37,,,,,,
2005111820,"芝浦",,20,54,74,4,,,,31,,,,,,
2005111821,"芝浦",,17,50,67,6,,,,35,,,,,,
2005111822,"芝浦",,72,56,128,2,,,,43,,,,,,
2005111823,"芝浦",,66,50,116,2,,,,52,,,,,,
2005111824,"芝浦",,19,35,54,5,,,,30,,,,,,
2005111901,"芝浦",,7,26,33,9,,,,18,,,,,,
2005111902,"芝浦",,8,26,34,9,,,,22,,,,,,
2005111903,"芝浦",,9,28,37,6,,,,14,,,,,,
2005111904,"芝浦",,9,28,37,6,,,,11,,,,,,
2005111905,"芝浦",,6,23,29,11,,,,14,,,,,,
2005111906,"芝浦",,5,21,26,13,,,,10,,,,,,
2005111907,"芝浦",,7,21,28,13,,,,14,,,,,,
2005111908,"芝浦",,11,21,32,18,,,,5,,,,,,
2005111909,"芝浦",,18,22,40,19,,,,9,,,,,,
2005111910,"芝浦",,18,21,39,23,,,,4,,,,,,
2005111911,"芝浦",,17,20,37,25,,,,4,,,,,,
2005111912,"芝浦",,20,24,44,21,,,,11,,,,,,
2005111913,"芝浦",,15,20,35,27,,,,15,,,,,,
2005111914,"芝浦",,18,20,38,29,,,,8,,,,,,
2005111915,"芝浦",,14,21,35,27,,,,8,,,,,,
2005111916,"芝浦",,13,22,35,24,,,,12,,,,,,
2005111917,"芝浦",,13,29,42,16,,,,12,,,,,,
2005111918,"芝浦",,11,28,39,16,,,,23,,,,,,
2005111919,"芝浦",,11,28,39,14,,,,16,,,,,,
2005111920,"芝浦",,9,28,37,14,,,,20,,,,,,
2005111921,"芝浦",,8,25,33,16,,,,9,,,,,,
2005111922,"芝浦",,8,25,33,15,,,,12,,,,,,
2005111923,"芝浦",,5,25,30,13,,,,11,,,,,,
2005111924,"芝浦",,4,23,27,14,,,,11,,,,,,
2005112001,"芝浦",,3,21,24,16,,,,13,,,,,,
2005112002,"芝浦",,5,19,24,17,,,,7,,,,,,
2005112003,"芝浦",,3,19,22,17,,,,11,,,,,,
2005112004,"芝浦",,4,19,23,16,,,,13,,,,,,
2005112005,"芝浦",,5,18,23,16,,,,10,,,,,,
2005112006,"芝浦",,3,17,20,16,,,,15,,,,,,
2005112007,"芝浦",,5,19,24,14,,,,13,,,,,,
2005112008,"芝浦",,6,17,23,17,,,,18,,,,,,
2005112009,"芝浦",,9,19,28,16,,,,12,,,,,,
2005112010,"芝浦",,13,20,33,19,,,,7,,,,,,
2005112011,"芝浦",,7,15,22,26,,,,13,,,,,,
2005112012,"芝浦",,7,16,23,26,,,,18,,,,,,
2005112013,"芝浦",,10,20,30,27,,,,17,,,,,,
2005112014,"芝浦",,10,18,28,31,,,,17,,,,,,
2005112015,"芝浦",,26,30,56,18,,,,24,,,,,,
2005112016,"芝浦",,10,23,33,24,,,,20,,,,,,
2005112017,"芝浦",,4,16,20,28,,,,19,,,,,,
2005112018,"芝浦",,2,17,19,24,,,,18,,,,,,
2005112019,"芝浦",,23,31,54,11,,,,27,,,,,,
2005112020,"芝浦",,21,35,56,8,,,,27,,,,,,
2005112021,"芝浦",,18,37,55,7,,,,28,,,,,,
2005112022,"芝浦",,15,37,52,6,,,,34,,,,,,
2005112023,"芝浦",,7,29,36,12,,,,21,,,,,,
2005112024,"芝浦",,4,25,29,14,,,,18,,,,,,
2005112101,"芝浦",,9999,9999,9999,9995,,,,15,,,,,,
2005112102,"芝浦",,3,24,27,12,,,,20,,,,,,
2005112103,"芝浦",,10,33,43,2,,,,25,,,,,,
2005112104,"芝浦",,7,32,39,4,,,,27,,,,,,
2005112105,"芝浦",,10,32,42,2,,,,22,,,,,,
2005112106,"芝浦",,14,33,47,2,,,,23,,,,,,
2005112107,"芝浦",,20,32,52,2,,,,11,,,,,,
2005112108,"芝浦",,46,34,80,3,,,,18,,,,,,
2005112109,"芝浦",,55,37,92,4,,,,23,,,,,,
2005112110,"芝浦",,70,42,112,3,,,,16,,,,,,
2005112111,"芝浦",,70,44,114,4,,,,16,,,,,,
2005112112,"芝浦",,70,45,115,7,,,,19,,,,,,
2005112113,"芝浦",,50,42,92,11,,,,18,,,,,,
2005112114,"芝浦",,52,43,95,11,,,,27,,,,,,
2005112115,"芝浦",,87,50,137,7,,,,35,,,,,,
2005112116,"芝浦",,70,50,120,5,,,,34,,,,,,
2005112117,"芝浦",,43,45,88,6,,,,34,,,,,,
2005112118,"芝浦",,74,51,125,3,,,,33,,,,,,
2005112119,"芝浦",,41,41,82,8,,,,23,,,,,,
2005112120,"芝浦",,49,48,97,2,,,,38,,,,,,
2005112121,"芝浦",,55,50,105,0,,,,32,,,,,,
2005112122,"芝浦",,41,49,90,1,,,,31,,,,,,
2005112123,"芝浦",,75,51,126,0,,,,36,,,,,,
2005112124,"芝浦",,121,53,174,1,,,,57,,,,,,
2005112201,"芝浦",,69,46,115,2,,,,43,,,,,,
2005112202,"芝浦",,77,45,122,2,,,,60,,,,,,
2005112203,"芝浦",,81,39,120,2,,,,42,,,,,,
2005112204,"芝浦",,64,35,99,1,,,,41,,,,,,
2005112205,"芝浦",,53,33,86,1,,,,29,,,,,,
2005112206,"芝浦",,40,30,70,0,,,,31,,,,,,
2005112207,"芝浦",,39,29,68,1,,,,34,,,,,,
2005112208,"芝浦",,58,30,88,2,,,,33,,,,,,
2005112209,"芝浦",,44,32,76,4,,,,31,,,,,,
2005112210,"芝浦",,71,43,114,2,,,,32,,,,,,
2005112211,"芝浦",,69,51,120,4,,,,40,,,,,,
2005112212,"芝浦",,33,45,78,12,,,,34,,,,,,
2005112213,"芝浦",,21,41,62,18,,,,28,,,,,,
2005112214,"芝浦",,77,57,134,10,,,,43,,,,,,
2005112215,"芝浦",,25,47,72,17,,,,22,,,,,,
2005112216,"芝浦",,127,78,205,1,,,,61,,,,,,
2005112217,"芝浦",,183,95,278,0,,,,84,,,,,,
2005112218,"芝浦",,152,86,238,0,,,,77,,,,,,
2005112219,"芝浦",,129,71,200,0,,,,60,,,,,,
2005112220,"芝浦",,76,59,135,1,,,,37,,,,,,
2005112221,"芝浦",,57,56,113,2,,,,30,,,,,,
2005112222,"芝浦",,99,58,157,0,,,,46,,,,,,
2005112223,"芝浦",,18,44,62,5,,,,32,,,,,,
2005112224,"芝浦",,19,44,63,1,,,,40,,,,,,
2005112301,"芝浦",,39,42,81,0,,,,41,,,,,,
2005112302,"芝浦",,40,38,78,0,,,,27,,,,,,
2005112303,"芝浦",,23,34,57,0,,,,30,,,,,,
2005112304,"芝浦",,34,35,69,0,,,,29,,,,,,
2005112305,"芝浦",,23,33,56,0,,,,24,,,,,,
2005112306,"芝浦",,17,31,48,1,,,,29,,,,,,
2005112307,"芝浦",,15,29,44,2,,,,30,,,,,,
2005112308,"芝浦",,37,31,68,3,,,,34,,,,,,
2005112309,"芝浦",,40,32,72,3,,,,31,,,,,,
2005112310,"芝浦",,26,30,56,8,,,,31,,,,,,
2005112311,"芝浦",,16,29,45,14,,,,20,,,,,,
2005112312,"芝浦",,14,28,42,20,,,,37,,,,,,
2005112313,"芝浦",,24,36,60,18,,,,38,,,,,,
2005112314,"芝浦",,27,39,66,16,,,,34,,,,,,
2005112315,"芝浦",,23,43,66,14,,,,33,,,,,,
2005112316,"芝浦",,18,40,58,14,,,,36,,,,,,
2005112317,"芝浦",,38,52,90,4,,,,38,,,,,,
2005112318,"芝浦",,41,49,90,2,,,,38,,,,,,
2005112319,"芝浦",,27,45,72,1,,,,51,,,,,,
2005112320,"芝浦",,28,45,73,1,,,,50,,,,,,
2005112321,"芝浦",,35,45,80,1,,,,46,,,,,,
2005112322,"芝浦",,40,45,85,1,,,,55,,,,,,
2005112323,"芝浦",,54,44,98,1,,,,52,,,,,,
2005112324,"芝浦",,45,42,87,0,,,,56,,,,,,
2005112401,"芝浦",,64,42,106,0,,,,51,,,,,,
2005112402,"芝浦",,36,40,76,0,,,,54,,,,,,
2005112403,"芝浦",,33,41,74,0,,,,58,,,,,,
2005112404,"芝浦",,49,41,90,0,,,,66,,,,,,
2005112405,"芝浦",,47,38,85,0,,,,81,,,,,,
2005112406,"芝浦",,76,38,114,0,,,,62,,,,,,
2005112407,"芝浦",,119,41,160,0,,,,59,,,,,,
2005112408,"芝浦",,70,38,108,1,,,,48,,,,,,
2005112409,"芝浦",,57,39,96,1,,,,39,,,,,,
2005112410,"芝浦",,126,56,182,1,,,,52,,,,,,
2005112411,"芝浦",,282,90,372,0,,,,96,,,,,,
2005112412,"芝浦",,197,94,291,1,,,,82,,,,,,
2005112413,"芝浦",,56,60,116,14,,,,52,,,,,,
2005112414,"芝浦",,66,68,134,13,,,,69,,,,,,
2005112415,"芝浦",,149,92,241,2,,,,76,,,,,,
2005112416,"芝浦",,136,91,227,0,,,,77,,,,,,
2005112417,"芝浦",,114,86,200,0,,,,79,,,,,,
2005112418,"芝浦",,137,85,222,1,,,,78,,,,,,
2005112419,"芝浦",,159,83,242,1,,,,66,,,,,,
2005112420,"芝浦",,157,79,236,1,,,,68,,,,,,
2005112421,"芝浦",,95,75,170,0,,,,80,,,,,,
2005112422,"芝浦",,129,79,208,0,,,,84,,,,,,
2005112423,"芝浦",,110,65,175,0,,,,67,,,,,,
2005112424,"芝浦",,52,50,102,0,,,,44,,,,,,
2005112501,"芝浦",,66,58,124,0,,,,83,,,,,,
2005112502,"芝浦",,51,58,109,0,,,,93,,,,,,
2005112503,"芝浦",,56,56,112,0,,,,96,,,,,,
2005112504,"芝浦",,55,51,106,0,,,,69,,,,,,
2005112505,"芝浦",,57,46,103,0,,,,52,,,,,,
2005112506,"芝浦",,51,44,95,0,,,,36,,,,,,
2005112507,"芝浦",,64,45,109,0,,,,43,,,,,,
2005112508,"芝浦",,73,46,119,1,,,,28,,,,,,
2005112509,"芝浦",,72,47,119,1,,,,25,,,,,,
2005112510,"芝浦",,86,52,138,2,,,,36,,,,,,
2005112511,"芝浦",,172,66,238,1,,,,36,,,,,,
2005112512,"芝浦",,118,65,183,2,,,,55,,,,,,
2005112513,"芝浦",,80,60,140,4,,,,55,,,,,,
2005112514,"芝浦",,76,56,132,6,,,,48,,,,,,
2005112515,"芝浦",,9998,9998,9998,9998,,,,9998,,,,,,
2005112516,"芝浦",,85,60,145,4,,,,46,,,,,,
2005112517,"芝浦",,66,56,122,3,,,,42,,,,,,
2005112518,"芝浦",,42,50,92,3,,,,47,,,,,,
2005112519,"芝浦",,31,45,76,3,,,,29,,,,,,
2005112520,"芝浦",,21,43,64,3,,,,40,,,,,,
2005112521,"芝浦",,18,43,61,4,,,,43,,,,,,
2005112522,"芝浦",,14,42,56,4,,,,29,,,,,,
2005112523,"芝浦",,35,48,83,2,,,,38,,,,,,
2005112524,"芝浦",,28,44,72,2,,,,42,,,,,,
2005112601,"芝浦",,47,43,90,2,,,,46,,,,,,
2005112602,"芝浦",,50,36,86,2,,,,71,,,,,,
2005112603,"芝浦",,53,33,86,2,,,,49,,,,,,
2005112604,"芝浦",,48,32,80,2,,,,49,,,,,,
2005112605,"芝浦",,42,32,74,2,,,,44,,,,,,
2005112606,"芝浦",,30,31,61,2,,,,42,,,,,,
2005112607,"芝浦",,94,32,126,2,,,,48,,,,,,
2005112608,"芝浦",,119,36,155,3,,,,48,,,,,,
2005112609,"芝浦",,47,33,80,5,,,,44,,,,,,
2005112610,"芝浦",,52,41,93,5,,,,32,,,,,,
2005112611,"芝浦",,47,47,94,6,,,,32,,,,,,
2005112612,"芝浦",,136,62,198,5,,,,43,,,,,,
2005112613,"芝浦",,128,70,198,3,,,,78,,,,,,
2005112614,"芝浦",,158,83,241,3,,,,80,,,,,,
2005112615,"芝浦",,98,73,171,3,,,,62,,,,,,
2005112616,"芝浦",,56,64,120,4,,,,43,,,,,,
2005112617,"芝浦",,32,57,89,4,,,,42,,,,,,
2005112618,"芝浦",,18,50,68,5,,,,44,,,,,,
2005112619,"芝浦",,36,45,81,6,,,,28,,,,,,
2005112620,"芝浦",,57,54,111,3,,,,30,,,,,,
2005112621,"芝浦",,47,53,100,2,,,,62,,,,,,
2005112622,"芝浦",,25,56,81,3,,,,70,,,,,,
2005112623,"芝浦",,33,56,89,3,,,,58,,,,,,
2005112624,"芝浦",,90,57,147,3,,,,68,,,,,,
2005112701,"芝浦",,114,54,168,3,,,,80,,,,,,
2005112702,"芝浦",,78,45,123,3,,,,82,,,,,,
2005112703,"芝浦",,36,39,75,2,,,,71,,,,,,
2005112704,"芝浦",,34,39,73,2,,,,69,,,,,,
2005112705,"芝浦",,39,39,78,2,,,,76,,,,,,
2005112706,"芝浦",,26,36,62,2,,,,65,,,,,,
2005112707,"芝浦",,31,34,65,2,,,,68,,,,,,
2005112708,"芝浦",,43,35,78,3,,,,54,,,,,,
2005112709,"芝浦",,42,35,77,4,,,,54,,,,,,
2005112710,"芝浦",,30,36,66,8,,,,55,,,,,,
2005112711,"芝浦",,16,35,51,16,,,,53,,,,,,
2005112712,"芝浦",,10,33,43,27,,,,62,,,,,,
2005112713,"芝浦",,7,31,38,35,,,,63,,,,,,
2005112714,"芝浦",,6,31,37,40,,,,53,,,,,,
2005112715,"芝浦",,9,38,47,34,,,,65,,,,,,
2005112716,"芝浦",,38,53,91,19,,,,46,,,,,,
2005112717,"芝浦",,25,61,86,10,,,,59,,,,,,
2005112718,"芝浦",,45,71,116,2,,,,63,,,,,,
2005112719,"芝浦",,32,59,91,9,,,,46,,,,,,
2005112720,"芝浦",,22,41,63,20,,,,47,,,,,,
2005112721,"芝浦",,3,31,34,21,,,,35,,,,,,
2005112722,"芝浦",,8,41,49,11,,,,32,,,,,,
2005112723,"芝浦",,4,30,34,22,,,,27,,,,,,
2005112724,"芝浦",,2,26,28,24,,,,23,,,,,,
2005112801,"芝浦",,9999,9999,9999,9995,,,,25,,,,,,
2005112802,"芝浦",,8,40,48,8,,,,23,,,,,,
2005112803,"芝浦",,22,45,67,2,,,,37,,,,,,
2005112804,"芝浦",,47,43,90,2,,,,38,,,,,,
2005112805,"芝浦",,118,52,170,2,,,,37,,,,,,
2005112806,"芝浦",,153,54,207,2,,,,38,,,,,,
2005112807,"芝浦",,184,53,237,2,,,,52,,,,,,
2005112808,"芝浦",,206,56,262,2,,,,55,,,,,,
2005112809,"芝浦",,169,59,228,2,,,,57,,,,,,
2005112810,"芝浦",,174,72,246,2,,,,58,,,,,,
2005112811,"芝浦",,369,112,481,2,,,,92,,,,,,
2005112812,"芝浦",,210,94,304,2,,,,75,,,,,,
2005112813,"芝浦",,125,83,208,3,,,,78,,,,,,
2005112814,"芝浦",,123,79,202,3,,,,97,,,,,,
2005112815,"芝浦",,9998,9998,9998,9998,,,,68,,,,,,
2005112816,"芝浦",,57,63,120,6,,,,50,,,,,,
2005112817,"芝浦",,48,65,113,6,,,,46,,,,,,
2005112818,"芝浦",,26,60,86,8,,,,40,,,,,,
2005112819,"芝浦",,62,64,126,6,,,,48,,,,,,
2005112820,"芝浦",,54,63,117,2,,,,41,,,,,,
2005112821,"芝浦",,54,60,114,2,,,,52,,,,,,
2005112822,"芝浦",,35,55,90,7,,,,62,,,,,,
2005112823,"芝浦",,3,30,33,30,,,,50,,,,,,
2005112824,"芝浦",,4,27,31,33,,,,43,,,,,,
2005112901,"芝浦",,2,17,19,43,,,,37,,,,,,
2005112902,"芝浦",,59,55,114,5,,,,56,,,,,,
2005112903,"芝浦",,100,59,159,2,,,,51,,,,,,
2005112904,"芝浦",,22,44,66,13,,,,45,,,,,,
2005112905,"芝浦",,42,45,87,14,,,,37,,,,,,
2005112906,"芝浦",,8,22,30,33,,,,30,,,,,,
2005112907,"芝浦",,4,19,23,35,,,,35,,,,,,
2005112908,"芝浦",,6,21,27,32,,,,33,,,,,,
2005112909,"芝浦",,14,30,44,24,,,,38,,,,,,
2005112910,"芝浦",,17,32,49,22,,,,42,,,,,,
2005112911,"芝浦",,81,59,140,5,,,,84,,,,,,
2005112912,"芝浦",,39,48,87,12,,,,61,,,,,,
2005112913,"芝浦",,21,34,55,24,,,,36,,,,,,
2005112914,"芝浦",,18,27,45,26,,,,13,,,,,,
2005112915,"芝浦",,24,28,52,23,,,,22,,,,,,
2005112916,"芝浦",,19,29,48,20,,,,23,,,,,,
2005112917,"芝浦",,22,32,54,15,,,,12,,,,,,
2005112918,"芝浦",,18,31,49,14,,,,14,,,,,,
2005112919,"芝浦",,13,27,40,17,,,,15,,,,,,
2005112920,"芝浦",,12,24,36,18,,,,16,,,,,,
2005112921,"芝浦",,12,28,40,14,,,,9,,,,,,
2005112922,"芝浦",,12,27,39,14,,,,10,,,,,,
2005112923,"芝浦",,11,26,37,15,,,,10,,,,,,
2005112924,"芝浦",,4,24,28,15,,,,12,,,,,,
2005113001,"芝浦",,2,17,19,21,,,,14,,,,,,
2005113002,"芝浦",,4,20,24,18,,,,9,,,,,,
2005113003,"芝浦",,4,21,25,18,,,,12,,,,,,
2005113004,"芝浦",,4,20,24,19,,,,11,,,,,,
2005113005,"芝浦",,4,21,25,18,,,,13,,,,,,
2005113006,"芝浦",,6,25,31,13,,,,14,,,,,,
2005113007,"芝浦",,11,30,41,6,,,,10,,,,,,
2005113008,"芝浦",,27,32,59,7,,,,8,,,,,,
2005113009,"芝浦",,28,30,58,11,,,,13,,,,,,
2005113010,"芝浦",,30,31,61,13,,,,10,,,,,,
2005113011,"芝浦",,31,27,58,19,,,,4,,,,,,
2005113012,"芝浦",,36,36,72,13,,,,4,,,,,,
2005113013,"芝浦",,39,37,76,15,,,,19,,,,,,
2005113014,"芝浦",,31,38,69,16,,,,25,,,,,,
2005113015,"芝浦",,96,52,148,7,,,,27,,,,,,
2005113016,"芝浦",,55,47,102,8,,,,22,,,,,,
2005113017,"芝浦",,28,34,62,12,,,,14,,,,,,
2005113018,"芝浦",,21,30,51,11,,,,17,,,,,,
2005113019,"芝浦",,17,26,43,13,,,,12,,,,,,
2005113020,"芝浦",,16,27,43,11,,,,12,,,,,,
2005113021,"芝浦",,17,28,45,9,,,,14,,,,,,
2005113022,"芝浦",,13,24,37,12,,,,11,,,,,,
2005113023,"芝浦",,14,25,39,11,,,,9,,,,,,
2005113024,"芝浦",,7,20,27,15,,,,11,,,,,,
2005100101,"芝浦",,31,39,70,5,,,,32,,,,,,
2005100102,"芝浦",,39,42,81,3,,,,33,,,,,,
2005100103,"芝浦",,15,39,54,2,,,,25,,,,,,
2005100104,"芝浦",,5,31,36,10,,,,26,,,,,,
2005100105,"芝浦",,4,27,31,14,,,,22,,,,,,
2005100106,"芝浦",,5,27,32,12,,,,18,,,,,,
2005100107,"芝浦",,28,34,62,5,,,,23,,,,,,
2005100108,"芝浦",,29,33,62,9,,,,29,,,,,,
2005100109,"芝浦",,19,30,49,18,,,,16,,,,,,
2005100110,"芝浦",,58,43,101,14,,,,30,,,,,,
2005100111,"芝浦",,32,35,67,20,,,,29,,,,,,
2005100112,"芝浦",,26,28,54,28,,,,27,,,,,,
2005100113,"芝浦",,8,16,24,41,,,,21,,,,,,
2005100114,"芝浦",,21,32,53,28,,,,26,,,,,,
2005100115,"芝浦",,33,47,80,16,,,,27,,,,,,
2005100116,"芝浦",,34,47,81,15,,,,37,,,,,,
2005100117,"芝浦",,37,46,83,10,,,,42,,,,,,
2005100118,"芝浦",,14,39,53,14,,,,32,,,,,,
2005100119,"芝浦",,9,39,48,14,,,,37,,,,,,
2005100120,"芝浦",,3,23,26,31,,,,34,,,,,,
2005100121,"芝浦",,2,18,20,34,,,,22,,,,,,
2005100122,"芝浦",,3,19,22,33,,,,20,,,,,,
2005100123,"芝浦",,2,17,19,34,,,,28,,,,,,
2005100124,"芝浦",,2,20,22,29,,,,29,,,,,,
2005100201,"芝浦",,4,22,26,25,,,,40,,,,,,
2005100202,"芝浦",,2,20,22,25,,,,24,,,,,,
2005100203,"芝浦",,2,21,23,22,,,,39,,,,,,
2005100204,"芝浦",,3,21,24,18,,,,27,,,,,,
2005100205,"芝浦",,3,29,32,8,,,,34,,,,,,
2005100206,"芝浦",,9,32,41,4,,,,35,,,,,,
2005100207,"芝浦",,19,31,50,6,,,,49,,,,,,
2005100208,"芝浦",,58,43,101,6,,,,49,,,,,,
2005100209,"芝浦",,54,52,106,10,,,,47,,,,,,
2005100210,"芝浦",,45,54,99,14,,,,54,,,,,,
2005100211,"芝浦",,28,64,92,23,,,,65,,,,,,
2005100212,"芝浦",,48,60,108,23,,,,51,,,,,,
2005100213,"芝浦",,13,39,52,45,,,,29,,,,,,
2005100214,"芝浦",,9,32,41,52,,,,27,,,,,,
2005100215,"芝浦",,14,53,67,33,,,,47,,,,,,
2005100216,"芝浦",,17,60,77,25,,,,63,,,,,,
2005100217,"芝浦",,16,65,81,20,,,,54,,,,,,
2005100218,"芝浦",,13,61,74,11,,,,48,,,,,,
2005100219,"芝浦",,45,57,102,4,,,,49,,,,,,
2005100220,"芝浦",,45,54,99,3,,,,54,,,,,,
2005100221,"芝浦",,87,59,146,3,,,,59,,,,,,
2005100222,"芝浦",,50,42,92,8,,,,49,,,,,,
2005100223,"芝浦",,4,25,29,10,,,,17,,,,,,
2005100224,"芝浦",,6,28,34,8,,,,15,,,,,,
2005100301,"芝浦",,9999,9999,9999,9995,,,,70,,,,,,
2005100302,"芝浦",,4,33,37,18,,,,61,,,,,,
2005100303,"芝浦",,3,32,35,17,,,,65,,,,,,
2005100304,"芝浦",,14,36,50,13,,,,50,,,,,,
2005100305,"芝浦",,5,25,30,21,,,,31,,,,,,
2005100306,"芝浦",,5,21,26,27,,,,14,,,,,,
2005100307,"芝浦",,13,26,39,20,,,,23,,,,,,
2005100308,"芝浦",,16,27,43,20,,,,11,,,,,,
2005100309,"芝浦",,25,34,59,12,,,,23,,,,,,
2005100310,"芝浦",,71,45,116,5,,,,18,,,,,,
2005100311,"芝浦",,80,47,127,5,,,,40,,,,,,
2005100312,"芝浦",,52,44,96,11,,,,28,,,,,,
2005100313,"芝浦",,37,44,81,18,,,,27,,,,,,
2005100314,"芝浦",,29,39,68,22,,,,26,,,,,,
2005100315,"芝浦",,9998,9998,9998,15,,,,20,,,,,,
2005100316,"芝浦",,9998,9998,9998,9998,,,,29,,,,,,
2005100317,"芝浦",,23,31,54,17,,,,35,,,,,,
2005100318,"芝浦",,15,26,41,20,,,,31,,,,,,
2005100319,"芝浦",,17,27,44,20,,,,18,,,,,,
2005100320,"芝浦",,13,23,36,23,,,,21,,,,,,
2005100321,"芝浦",,7,17,24,27,,,,25,,,,,,
2005100322,"芝浦",,9,22,31,23,,,,24,,,,,,
2005100323,"芝浦",,11,27,38,18,,,,23,,,,,,
2005100324,"芝浦",,10,28,38,16,,,,28,,,,,,
2005100401,"芝浦",,25,35,60,9,,,,36,,,,,,
2005100402,"芝浦",,58,41,99,4,,,,32,,,,,,
2005100403,"芝浦",,28,37,65,4,,,,37,,,,,,
2005100404,"芝浦",,24,34,58,6,,,,19,,,,,,
2005100405,"芝浦",,15,35,50,5,,,,29,,,,,,
2005100406,"芝浦",,12,32,44,5,,,,26,,,,,,
2005100407,"芝浦",,31,33,64,3,,,,31,,,,,,
2005100408,"芝浦",,30,32,62,4,,,,29,,,,,,
2005100409,"芝浦",,32,33,65,4,,,,32,,,,,,
2005100410,"芝浦",,36,34,70,4,,,,32,,,,,,
2005100411,"芝浦",,180,49,229,3,,,,55,,,,,,
2005100412,"芝浦",,151,49,200,3,,,,61,,,,,,
2005100413,"芝浦",,150,54,204,2,,,,64,,,,,,
2005100414,"芝浦",,162,59,221,2,,,,62,,,,,,
2005100415,"芝浦",,157,64,221,2,,,,79,,,,,,
2005100416,"芝浦",,109,60,169,2,,,,79,,,,,,
2005100417,"芝浦",,46,43,89,2,,,,79,,,,,,
2005100418,"芝浦",,23,41,64,4,,,,71,,,,,,
2005100419,"芝浦",,25,37,62,2,,,,60,,,,,,
2005100420,"芝浦",,44,35,79,3,,,,48,,,,,,
2005100421,"芝浦",,28,30,58,4,,,,23,,,,,,
2005100422,"芝浦",,32,32,64,5,,,,25,,,,,,
2005100423,"芝浦",,47,38,85,4,,,,21,,,,,,
2005100424,"芝浦",,20,31,51,6,,,,24,,,,,,
2005100501,"芝浦",,27,29,56,7,,,,28,,,,,,
2005100502,"芝浦",,20,29,49,6,,,,25,,,,,,
2005100503,"芝浦",,21,26,47,7,,,,37,,,,,,
2005100504,"芝浦",,16,24,40,9,,,,31,,,,,,
2005100505,"芝浦",,23,25,48,9,,,,24,,,,,,
2005100506,"芝浦",,12,26,38,10,,,,16,,,,,,
2005100507,"芝浦",,25,32,57,7,,,,14,,,,,,
2005100508,"芝浦",,61,40,101,4,,,,24,,,,,,
2005100509,"芝浦",,110,46,156,3,,,,26,,,,,,
2005100510,"芝浦",,90,44,134,4,,,,25,,,,,,
2005100511,"芝浦",,55,44,99,6,,,,14,,,,,,
2005100512,"芝浦",,47,41,88,7,,,,26,,,,,,
2005100513,"芝浦",,67,44,111,7,,,,25,,,,,,
2005100514,"芝浦",,45,44,89,7,,,,20,,,,,,
2005100515,"芝浦",,25,39,64,10,,,,20,,,,,,
2005100516,"芝浦",,40,40,80,10,,,,22,,,,,,
2005100517,"芝浦",,38,39,77,10,,,,16,,,,,,
2005100518,"芝浦",,30,39,69,9,,,,15,,,,,,
2005100519,"芝浦",,28,37,65,8,,,,21,,,,,,
2005100520,"芝浦",,46,38,84,7,,,,20,,,,,,
2005100521,"芝浦",,26,35,61,10,,,,19,,,,,,
2005100522,"芝浦",,18,32,50,14,,,,23,,,,,,
2005100523,"芝浦",,18,30,48,17,,,,7,,,,,,
2005100524,"芝浦",,16,33,49,9,,,,34,,,,,,
2005100601,"芝浦",,15,36,51,6,,,,27,,,,,,
2005100602,"芝浦",,21,35,56,4,,,,35,,,,,,
2005100603,"芝浦",,24,31,55,3,,,,29,,,,,,
2005100604,"芝浦",,28,30,58,4,,,,36,,,,,,
2005100605,"芝浦",,42,32,74,3,,,,30,,,,,,
2005100606,"芝浦",,45,31,76,3,,,,43,,,,,,
2005100607,"芝浦",,26,32,58,5,,,,31,,,,,,
2005100608,"芝浦",,40,40,80,6,,,,17,,,,,,
2005100609,"芝浦",,20,40,60,9,,,,24,,,,,,
2005100610,"芝浦",,47,43,90,11,,,,19,,,,,,
2005100611,"芝浦",,61,46,107,10,,,,19,,,,,,
2005100612,"芝浦",,119,55,174,7,,,,25,,,,,,
2005100613,"芝浦",,27,43,70,12,,,,23,,,,,,
2005100614,"芝浦",,42,43,85,12,,,,25,,,,,,
2005100615,"芝浦",,35,42,77,14,,,,22,,,,,,
2005100616,"芝浦",,78,50,128,9,,,,20,,,,,,
2005100617,"芝浦",,83,47,130,6,,,,21,,,,,,
2005100618,"芝浦",,57,44,101,8,,,,40,,,,,,
2005100619,"芝浦",,41,39,80,9,,,,26,,,,,,
2005100620,"芝浦",,33,37,70,10,,,,24,,,,,,
2005100621,"芝浦",,25,34,59,11,,,,37,,,,,,
2005100622,"芝浦",,20,33,53,12,,,,29,,,,,,
2005100623,"芝浦",,39,36,75,10,,,,40,,,,,,
2005100624,"芝浦",,22,29,51,15,,,,24,,,,,,
2005100701,"芝浦",,13,25,38,19,,,,24,,,,,,
2005100702,"芝浦",,10,28,38,15,,,,18,,,,,,
2005100703,"芝浦",,10,33,43,10,,,,26,,,,,,
2005100704,"芝浦",,9,34,43,6,,,,20,,,,,,
2005100705,"芝浦",,20,35,55,3,,,,20,,,,,,
2005100706,"芝浦",,23,36,59,3,,,,20,,,,,,
2005100707,"芝浦",,22,34,56,4,,,,39,,,,,,
2005100708,"芝浦",,35,36,71,6,,,,36,,,,,,
2005100709,"芝浦",,53,40,93,8,,,,20,,,,,,
2005100710,"芝浦",,132,55,187,5,,,,40,,,,,,
2005100711,"芝浦",,75,48,123,11,,,,28,,,,,,
2005100712,"芝浦",,70,51,121,11,,,,30,,,,,,
2005100713,"芝浦",,67,60,127,11,,,,40,,,,,,
2005100714,"芝浦",,42,48,90,16,,,,32,,,,,,
2005100715,"芝浦",,50,54,104,13,,,,30,,,,,,
2005100716,"芝浦",,47,52,99,11,,,,26,,,,,,
2005100717,"芝浦",,45,52,97,8,,,,22,,,,,,
2005100718,"芝浦",,55,53,108,4,,,,21,,,,,,
2005100719,"芝浦",,60,53,113,3,,,,39,,,,,,
2005100720,"芝浦",,80,57,137,3,,,,44,,,,,,
2005100721,"芝浦",,54,50,104,4,,,,45,,,,,,
2005100722,"芝浦",,41,40,81,5,,,,30,,,,,,
2005100723,"芝浦",,33,40,73,3,,,,42,,,,,,
2005100724,"芝浦",,54,40,94,3,,,,31,,,,,,
2005100801,"芝浦",,99,43,142,3,,,,41,,,,,,
2005100802,"芝浦",,102,44,146,3,,,,33,,,,,,
2005100803,"芝浦",,48,38,86,3,,,,22,,,,,,
2005100804,"芝浦",,36,34,70,4,,,,26,,,,,,
2005100805,"芝浦",,22,32,54,4,,,,22,,,,,,
2005100806,"芝浦",,23,30,53,5,,,,13,,,,,,
2005100807,"芝浦",,42,29,71,4,,,,27,,,,,,
2005100808,"芝浦",,53,31,84,4,,,,63,,,,,,
2005100809,"芝浦",,55,34,89,4,,,,64,,,,,,
2005100810,"芝浦",,53,38,91,5,,,,81,,,,,,
2005100811,"芝浦",,47,33,80,9,,,,64,,,,,,
2005100812,"芝浦",,15,17,32,17,,,,30,,,,,,
2005100813,"芝浦",,7,14,21,21,,,,23,,,,,,
2005100814,"芝浦",,9,16,25,17,,,,29,,,,,,
2005100815,"芝浦",,15,19,34,14,,,,24,,,,,,
2005100816,"芝浦",,10,17,27,15,,,,25,,,,,,
2005100817,"芝浦",,13,23,36,9,,,,23,,,,,,
2005100818,"芝浦",,58,32,90,5,,,,31,,,,,,
2005100819,"芝浦",,3,18,21,12,,,,13,,,,,,
2005100820,"芝浦",,39,31,70,5,,,,40,,,,,,
2005100821,"芝浦",,24,37,61,3,,,,41,,,,,,
2005100822,"芝浦",,13,33,46,6,,,,41,,,,,,
2005100823,"芝浦",,4,25,29,15,,,,23,,,,,,
2005100824,"芝浦",,2,18,20,18,,,,78,,,,,,
2005100901,"芝浦",,3,17,20,18,,,,20,,,,,,
2005100902,"芝浦",,2,13,15,23,,,,9,,,,,,
2005100903,"芝浦",,3,13,16,23,,,,17,,,,,,
2005100904,"芝浦",,2,11,13,25,,,,16,,,,,,
2005100905,"芝浦",,3,12,15,26,,,,21,,,,,,
2005100906,"芝浦",,3,11,14,28,,,,16,,,,,,
2005100907,"芝浦",,2,13,15,27,,,,8,,,,,,
2005100908,"芝浦",,7,17,24,24,,,,21,,,,,,
2005100909,"芝浦",,3,15,18,30,,,,11,,,,,,
2005100910,"芝浦",,8,18,26,29,,,,15,,,,,,
2005100911,"芝浦",,7,15,22,36,,,,17,,,,,,
2005100912,"芝浦",,12,20,32,29,,,,22,,,,,,
2005100913,"芝浦",,4,15,19,35,,,,21,,,,,,
2005100914,"芝浦",,3,14,17,37,,,,20,,,,,,
2005100915,"芝浦",,10,21,31,29,,,,17,,,,,,
2005100916,"芝浦",,11,21,32,32,,,,14,,,,,,
2005100917,"芝浦",,9,19,28,32,,,,19,,,,,,
2005100918,"芝浦",,4,19,23,32,,,,15,,,,,,
2005100919,"芝浦",,9,25,34,25,,,,16,,,,,,
2005100920,"芝浦",,4,17,21,33,,,,23,,,,,,
2005100921,"芝浦",,5,20,25,34,,,,19,,,,,,
2005100922,"芝浦",,6,22,28,29,,,,21,,,,,,
2005100923,"芝浦",,10,26,36,24,,,,18,,,,,,
2005100924,"芝浦",,2,14,16,38,,,,21,,,,,,
2005101001,"芝浦",,9999,9999,9999,9995,,,,11,,,,,,
2005101002,"芝浦",,1,11,12,38,,,,16,,,,,,
2005101003,"芝浦",,1,9,10,34,,,,17,,,,,,
2005101004,"芝浦",,1,11,12,24,,,,26,,,,,,
2005101005,"芝浦",,2,12,14,22,,,,13,,,,,,
2005101006,"芝浦",,2,12,14,22,,,,18,,,,,,
2005101007,"芝浦",,3,16,19,18,,,,21,,,,,,
2005101008,"芝浦",,3,19,22,15,,,,20,,,,,,
2005101009,"芝浦",,5,19,24,13,,,,21,,,,,,
2005101010,"芝浦",,7,20,27,14,,,,13,,,,,,
2005101011,"芝浦",,11,24,35,16,,,,9,,,,,,
2005101012,"芝浦",,5,18,23,28,,,,4,,,,,,
2005101013,"芝浦",,7,20,27,30,,,,14,,,,,,
2005101014,"芝浦",,6,20,26,29,,,,10,,,,,,
2005101015,"芝浦",,4,23,27,18,,,,29,,,,,,
2005101016,"芝浦",,3,21,24,21,,,,13,,,,,,
2005101017,"芝浦",,4,24,28,16,,,,13,,,,,,
2005101018,"芝浦",,7,27,34,12,,,,27,,,,,,
2005101019,"芝浦",,4,24,28,14,,,,23,,,,,,
2005101020,"芝浦",,6,27,33,9,,,,44,,,,,,
2005101021,"芝浦",,5,26,31,9,,,,34,,,,,,
2005101022,"芝浦",,9,28,37,7,,,,23,,,,,,
2005101023,"芝浦",,4,24,28,12,,,,22,,,,,,
2005101024,"芝浦",,5,24,29,12,,,,34,,,,,,
2005101101,"芝浦",,3,22,25,13,,,,24,,,,,,
2005101102,"芝浦",,10,22,32,11,,,,25,,,,,,
2005101103,"芝浦",,5,21,26,11,,,,19,,,,,,
2005101104,"芝浦",,4,18,22,13,,,,19,,,,,,
2005101105,"芝浦",,8,21,29,10,,,,22,,,,,,
2005101106,"芝浦",,12,21,33,8,,,,27,,,,,,
2005101107,"芝浦",,12,23,35,6,,,,15,,,,,,
2005101108,"芝浦",,23,28,51,6,,,,20,,,,,,
2005101109,"芝浦",,32,30,62,6,,,,27,,,,,,
2005101110,"芝浦",,36,32,68,8,,,,40,,,,,,
2005101111,"芝浦",,66,38,104,6,,,,24,,,,,,
2005101112,"芝浦",,50,39,89,7,,,,16,,,,,,
2005101113,"芝浦",,42,38,80,12,,,,27,,,,,,
2005101114,"芝浦",,33,35,68,17,,,,15,,,,,,
2005101115,"芝浦",,44,38,82,13,,,,29,,,,,,
2005101116,"芝浦",,31,33,64,18,,,,13,,,,,,
2005101117,"芝浦",,41,38,79,14,,,,40,,,,,,
2005101118,"芝浦",,21,34,55,15,,,,30,,,,,,
2005101119,"芝浦",,20,31,51,15,,,,24,,,,,,
2005101120,"芝浦",,14,30,44,14,,,,30,,,,,,
2005101121,"芝浦",,14,29,43,15,,,,21,,,,,,
2005101122,"芝浦",,13,28,41,16,,,,37,,,,,,
2005101123,"芝浦",,12,33,45,7,,,,20,,,,,,
2005101124,"芝浦",,12,30,42,4,,,,26,,,,,,
2005101201,"芝浦",,13,31,44,4,,,,28,,,,,,
2005101202,"芝浦",,10,30,40,3,,,,25,,,,,,
2005101203,"芝浦",,6,27,33,6,,,,25,,,,,,
2005101204,"芝浦",,6,25,31,8,,,,36,,,,,,
2005101205,"芝浦",,9,27,36,6,,,,28,,,,,,
2005101206,"芝浦",,12,28,40,5,,,,27,,,,,,
2005101207,"芝浦",,22,31,53,4,,,,29,,,,,,
2005101208,"芝浦",,28,32,60,6,,,,14,,,,,,
2005101209,"芝浦",,35,31,66,12,,,,22,,,,,,
2005101210,"芝浦",,50,32,82,15,,,,11,,,,,,
2005101211,"芝浦",,48,34,82,17,,,,23,,,,,,
2005101212,"芝浦",,56,37,93,17,,,,26,,,,,,
2005101213,"芝浦",,23,29,52,23,,,,16,,,,,,
2005101214,"芝浦",,9998,9998,9998,9998,,,,19,,,,,,
2005101215,"芝浦",,49,35,84,16,,,,15,,,,,,
2005101216,"芝浦",,57,40,97,15,,,,29,,,,,,
2005101217,"芝浦",,61,48,109,10,,,,23,,,,,,
2005101218,"芝浦",,29,33,62,19,,,,26,,,,,,
2005101219,"芝浦",,31,33,64,18,,,,42,,,,,,
2005101220,"芝浦",,15,27,42,21,,,,32,,,,,,
2005101221,"芝浦",,20,31,51,15,,,,24,,,,,,
2005101222,"芝浦",,17,29,46,15,,,,14,,,,,,
2005101223,"芝浦",,8,28,36,15,,,,34,,,,,,
2005101224,"芝浦",,6,32,38,9,,,,15,,,,,,
2005101301,"芝浦",,4,28,32,12,,,,30,,,,,,
2005101302,"芝浦",,5,28,33,10,,,,22,,,,,,
2005101303,"芝浦",,6,30,36,8,,,,19,,,,,,
2005101304,"芝浦",,7,32,39,5,,,,12,,,,,,
2005101305,"芝浦",,8,33,41,5,,,,26,,,,,,
2005101306,"芝浦",,11,33,44,4,,,,16,,,,,,
2005101307,"芝浦",,19,33,52,5,,,,26,,,,,,
2005101308,"芝浦",,38,35,73,6,,,,20,,,,,,
2005101309,"芝浦",,45,37,82,8,,,,24,,,,,,
2005101310,"芝浦",,63,40,103,9,,,,16,,,,,,
2005101311,"芝浦",,45,34,79,17,,,,16,,,,,,
2005101312,"芝浦",,59,38,97,17,,,,22,,,,,,
2005101313,"芝浦",,41,39,80,21,,,,24,,,,,,
2005101314,"芝浦",,68,44,112,21,,,,33,,,,,,
2005101315,"芝浦",,54,42,96,21,,,,37,,,,,,
2005101316,"芝浦",,26,39,65,21,,,,24,,,,,,
2005101317,"芝浦",,47,46,93,15,,,,28,,,,,,
2005101318,"芝浦",,36,45,81,13,,,,33,,,,,,
2005101319,"芝浦",,39,40,79,12,,,,35,,,,,,
2005101320,"芝浦",,26,37,63,12,,,,34,,,,,,
2005101321,"芝浦",,16,37,53,12,,,,41,,,,,,
2005101322,"芝浦",,34,37,71,9,,,,36,,,,,,
2005101323,"芝浦",,15,36,51,10,,,,28,,,,,,
2005101324,"芝浦",,5,35,40,10,,,,21,,,,,,
2005101401,"芝浦",,8,37,45,6,,,,31,,,,,,
2005101402,"芝浦",,28,40,68,1,,,,40,,,,,,
2005101403,"芝浦",,29,38,67,1,,,,50,,,,,,
2005101404,"芝浦",,33,38,71,1,,,,41,,,,,,
2005101405,"芝浦",,26,36,62,1,,,,31,,,,,,
2005101406,"芝浦",,37,37,74,1,,,,44,,,,,,
2005101407,"芝浦",,45,37,82,2,,,,46,,,,,,
2005101408,"芝浦",,35,38,73,6,,,,40,,,,,,
2005101409,"芝浦",,34,44,78,9,,,,29,,,,,,
2005101410,"芝浦",,127,61,188,5,,,,45,,,,,,
2005101411,"芝浦",,116,66,182,7,,,,59,,,,,,
2005101412,"芝浦",,125,67,192,6,,,,45,,,,,,
2005101413,"芝浦",,89,64,153,11,,,,44,,,,,,
2005101414,"芝浦",,35,55,90,23,,,,47,,,,,,
2005101415,"芝浦",,42,54,96,16,,,,34,,,,,,
2005101416,"芝浦",,66,55,121,6,,,,40,,,,,,
2005101417,"芝浦",,51,49,100,5,,,,40,,,,,,
2005101418,"芝浦",,33,41,74,8,,,,28,,,,,,
2005101419,"芝浦",,41,41,82,4,,,,28,,,,,,
2005101420,"芝浦",,26,37,63,5,,,,33,,,,,,
2005101421,"芝浦",,30,40,70,3,,,,38,,,,,,
2005101422,"芝浦",,49,42,91,4,,,,31,,,,,,
2005101423,"芝浦",,50,41,91,4,,,,49,,,,,,
2005101424,"芝浦",,68,42,110,2,,,,49,,,,,,
2005101501,"芝浦",,52,41,93,4,,,,43,,,,,,
2005101502,"芝浦",,58,45,103,2,,,,33,,,,,,
2005101503,"芝浦",,30,49,79,2,,,,56,,,,,,
2005101504,"芝浦",,34,50,84,2,,,,56,,,,,,
2005101505,"芝浦",,22,48,70,2,,,,62,,,,,,
2005101506,"芝浦",,32,45,77,2,,,,71,,,,,,
2005101507,"芝浦",,31,43,74,2,,,,55,,,,,,
2005101508,"芝浦",,28,43,71,5,,,,62,,,,,,
2005101509,"芝浦",,28,48,76,6,,,,58,,,,,,
2005101510,"芝浦",,38,54,92,7,,,,73,,,,,,
2005101511,"芝浦",,31,60,91,8,,,,69,,,,,,
2005101512,"芝浦",,35,64,99,8,,,,79,,,,,,
2005101513,"芝浦",,30,67,97,14,,,,77,,,,,,
2005101514,"芝浦",,92,93,185,9,,,,106,,,,,,
2005101515,"芝浦",,94,108,202,7,,,,117,,,,,,
2005101516,"芝浦",,112,99,211,2,,,,95,,,,,,
2005101517,"芝浦",,74,94,168,2,,,,98,,,,,,
2005101518,"芝浦",,68,87,155,1,,,,91,,,,,,
2005101519,"芝浦",,76,75,151,1,,,,120,,,,,,
2005101520,"芝浦",,18,65,83,4,,,,91,,,,,,
2005101521,"芝浦",,15,56,71,3,,,,116,,,,,,
2005101522,"芝浦",,9,49,58,4,,,,120,,,,,,
2005101523,"芝浦",,8,47,55,5,,,,83,,,,,,
2005101524,"芝浦",,4,32,36,17,,,,41,,,,,,
2005101601,"芝浦",,18,38,56,11,,,,60,,,,,,
2005101602,"芝浦",,17,30,47,12,,,,36,,,,,,
2005101603,"芝浦",,2,25,27,14,,,,24,,,,,,
2005101604,"芝浦",,2,16,18,25,,,,32,,,,,,
2005101605,"芝浦",,2,11,13,31,,,,20,,,,,,
2005101606,"芝浦",,2,13,15,22,,,,15,,,,,,
2005101607,"芝浦",,2,11,13,31,,,,17,,,,,,
2005101608,"芝浦",,4,15,19,30,,,,10,,,,,,
2005101609,"芝浦",,3,16,19,31,,,,13,,,,,,
2005101610,"芝浦",,9,22,31,23,,,,11,,,,,,
2005101611,"芝浦",,27,29,56,17,,,,17,,,,,,
2005101612,"芝浦",,12,22,34,25,,,,15,,,,,,
2005101613,"芝浦",,14,25,39,22,,,,16,,,,,,
2005101614,"芝浦",,10,26,36,21,,,,8,,,,,,
2005101615,"芝浦",,14,26,40,22,,,,17,,,,,,
2005101616,"芝浦",,6,24,30,22,,,,18,,,,,,
2005101617,"芝浦",,11,27,38,21,,,,25,,,,,,
2005101618,"芝浦",,7,22,29,26,,,,30,,,,,,
2005101619,"芝浦",,5,24,29,22,,,,19,,,,,,
2005101620,"芝浦",,2,21,23,24,,,,22,,,,,,
2005101621,"芝浦",,2,23,25,20,,,,21,,,,,,
2005101622,"芝浦",,2,24,26,19,,,,35,,,,,,
2005101623,"芝浦",,3,25,28,18,,,,22,,,,,,
2005101624,"芝浦",,3,22,25,22,,,,20,,,,,,
2005101701,"芝浦",,9999,9999,9999,9995,,,,17,,,,,,
2005101702,"芝浦",,6,29,35,9,,,,17,,,,,,
2005101703,"芝浦",,6,28,34,6,,,,27,,,,,,
2005101704,"芝浦",,8,28,36,8,,,,45,,,,,,
2005101705,"芝浦",,10,30,40,4,,,,33,,,,,,
2005101706,"芝浦",,16,30,46,4,,,,35,,,,,,
2005101707,"芝浦",,25,30,55,4,,,,25,,,,,,
2005101708,"芝浦",,25,33,58,7,,,,19,,,,,,
2005101709,"芝浦",,27,35,62,7,,,,22,,,,,,
2005101710,"芝浦",,49,37,86,4,,,,41,,,,,,
2005101711,"芝浦",,46,38,84,4,,,,27,,,,,,
2005101712,"芝浦",,52,42,94,4,,,,40,,,,,,
2005101713,"芝浦",,47,41,88,4,,,,41,,,,,,
2005101714,"芝浦",,40,41,81,5,,,,29,,,,,,
2005101715,"芝浦",,9998,9998,9998,9998,,,,20,,,,,,
2005101716,"芝浦",,35,39,74,4,,,,34,,,,,,
2005101717,"芝浦",,36,38,74,3,,,,38,,,,,,
2005101718,"芝浦",,38,40,78,3,,,,38,,,,,,
2005101719,"芝浦",,28,40,68,3,,,,27,,,,,,
2005101720,"芝浦",,25,38,63,4,,,,22,,,,,,
2005101721,"芝浦",,28,36,64,4,,,,17,,,,,,
2005101722,"芝浦",,18,33,51,5,,,,25,,,,,,
2005101723,"芝浦",,46,35,81,3,,,,17,,,,,,
2005101724,"芝浦",,27,36,63,4,,,,19,,,,,,
2005101801,"芝浦",,20,35,55,4,,,,14,,,,,,
2005101802,"芝浦",,23,32,55,4,,,,23,,,,,,
2005101803,"芝浦",,13,29,42,5,,,,25,,,,,,
2005101804,"芝浦",,21,30,51,4,,,,24,,,,,,
2005101805,"芝浦",,14,29,43,7,,,,17,,,,,,
2005101806,"芝浦",,27,31,58,6,,,,29,,,,,,
2005101807,"芝浦",,25,31,56,5,,,,30,,,,,,
2005101808,"芝浦",,41,34,75,5,,,,30,,,,,,
2005101809,"芝浦",,72,37,109,5,,,,29,,,,,,
2005101810,"芝浦",,71,35,106,5,,,,31,,,,,,
2005101811,"芝浦",,51,35,86,5,,,,36,,,,,,
2005101812,"芝浦",,37,37,74,6,,,,25,,,,,,
2005101813,"芝浦",,34,39,73,9,,,,29,,,,,,
2005101814,"芝浦",,32,39,71,8,,,,33,,,,,,
2005101815,"芝浦",,19,38,57,12,,,,22,,,,,,
2005101816,"芝浦",,26,41,67,11,,,,37,,,,,,
2005101817,"芝浦",,29,44,73,5,,,,29,,,,,,
2005101818,"芝浦",,31,44,75,3,,,,20,,,,,,
2005101819,"芝浦",,39,42,81,3,,,,44,,,,,,
2005101820,"芝浦",,36,38,74,3,,,,38,,,,,,
2005101821,"芝浦",,34,38,72,3,,,,31,,,,,,
2005101822,"芝浦",,29,36,65,3,,,,41,,,,,,
2005101823,"芝浦",,25,34,59,3,,,,34,,,,,,
2005101824,"芝浦",,22,33,55,3,,,,42,,,,,,
2005101901,"芝浦",,17,31,48,4,,,,43,,,,,,
2005101902,"芝浦",,19,29,48,4,,,,35,,,,,,
2005101903,"芝浦",,5,21,26,18,,,,36,,,,,,
2005101904,"芝浦",,6,24,30,12,,,,37,,,,,,
2005101905,"芝浦",,6,22,28,12,,,,34,,,,,,
2005101906,"芝浦",,8,23,31,11,,,,32,,,,,,
2005101907,"芝浦",,9,25,34,9,,,,26,,,,,,
2005101908,"芝浦",,25,31,56,6,,,,20,,,,,,
2005101909,"芝浦",,48,34,82,5,,,,31,,,,,,
2005101910,"芝浦",,52,36,88,5,,,,40,,,,,,
2005101911,"芝浦",,80,38,118,7,,,,31,,,,,,
2005101912,"芝浦",,66,33,99,10,,,,39,,,,,,
2005101913,"芝浦",,45,30,75,14,,,,33,,,,,,
2005101914,"芝浦",,45,31,76,15,,,,27,,,,,,
2005101915,"芝浦",,31,29,60,16,,,,23,,,,,,
2005101916,"芝浦",,63,38,101,7,,,,49,,,,,,
2005101917,"芝浦",,40,35,75,8,,,,49,,,,,,
2005101918,"芝浦",,69,40,109,3,,,,44,,,,,,
2005101919,"芝浦",,46,34,80,6,,,,44,,,,,,
2005101920,"芝浦",,31,32,63,7,,,,43,,,,,,
2005101921,"芝浦",,15,28,43,10,,,,39,,,,,,
2005101922,"芝浦",,17,30,47,8,,,,31,,,,,,
2005101923,"芝浦",,14,30,44,5,,,,36,,,,,,
2005101924,"芝浦",,16,31,47,2,,,,38,,,,,,
2005102001,"芝浦",,17,29,46,2,,,,20,,,,,,
2005102002,"芝浦",,22,30,52,1,,,,28,,,,,,
2005102003,"芝浦",,14,29,43,3,,,,27,,,,,,
2005102004,"芝浦",,14,28,42,4,,,,30,,,,,,
2005102005,"芝浦",,15,29,44,5,,,,32,,,,,,
2005102006,"芝浦",,18,30,48,7,,,,29,,,,,,
2005102007,"芝浦",,22,33,55,5,,,,33,,,,,,
2005102008,"芝浦",,36,34,70,7,,,,27,,,,,,
2005102009,"芝浦",,35,32,67,8,,,,25,,,,,,
2005102010,"芝浦",,30,30,60,12,,,,19,,,,,,
2005102011,"芝浦",,24,31,55,15,,,,17,,,,,,
2005102012,"芝浦",,35,34,69,19,,,,21,,,,,,
2005102013,"芝浦",,23,32,55,24,,,,22,,,,,,
2005102014,"芝浦",,47,37,84,23,,,,24,,,,,,
2005102015,"芝浦",,46,42,88,19,,,,23,,,,,,
2005102016,"芝浦",,56,44,100,16,,,,30,,,,,,
2005102017,"芝浦",,73,49,122,11,,,,27,,,,,,
2005102018,"芝浦",,43,41,84,12,,,,33,,,,,,
2005102019,"芝浦",,31,34,65,13,,,,25,,,,,,
2005102020,"芝浦",,21,31,52,12,,,,34,,,,,,
2005102021,"芝浦",,28,35,63,7,,,,34,,,,,,
2005102022,"芝浦",,16,32,48,10,,,,13,,,,,,
2005102023,"芝浦",,17,35,52,4,,,,32,,,,,,
2005102024,"芝浦",,12,35,47,2,,,,23,,,,,,
2005102101,"芝浦",,9,31,40,4,,,,13,,,,,,
2005102102,"芝浦",,5,26,31,6,,,,21,,,,,,
2005102103,"芝浦",,7,26,33,5,,,,22,,,,,,
2005102104,"芝浦",,6,24,30,7,,,,19,,,,,,
2005102105,"芝浦",,10,25,35,6,,,,43,,,,,,
2005102106,"芝浦",,10,26,36,4,,,,35,,,,,,
2005102107,"芝浦",,20,28,48,4,,,,29,,,,,,
2005102108,"芝浦",,34,29,63,6,,,,17,,,,,,
2005102109,"芝浦",,36,29,65,7,,,,21,,,,,,
2005102110,"芝浦",,37,33,70,8,,,,22,,,,,,
2005102111,"芝浦",,36,34,70,10,,,,20,,,,,,
2005102112,"芝浦",,21,31,52,16,,,,16,,,,,,
2005102113,"芝浦",,21,35,56,15,,,,16,,,,,,
2005102114,"芝浦",,59,43,102,11,,,,36,,,,,,
2005102115,"芝浦",,61,43,104,12,,,,45,,,,,,
2005102116,"芝浦",,48,40,88,14,,,,24,,,,,,
2005102117,"芝浦",,53,41,94,11,,,,33,,,,,,
2005102118,"芝浦",,37,35,72,13,,,,36,,,,,,
2005102119,"芝浦",,60,42,102,7,,,,36,,,,,,
2005102120,"芝浦",,30,37,67,8,,,,31,,,,,,
2005102121,"芝浦",,14,30,44,12,,,,41,,,,,,
2005102122,"芝浦",,47,38,85,5,,,,27,,,,,,
2005102123,"芝浦",,10,29,39,11,,,,15,,,,,,
2005102124,"芝浦",,14,30,44,9,,,,20,,,,,,
2005102201,"芝浦",,14,33,47,5,,,,17,,,,,,
2005102202,"芝浦",,14,31,45,4,,,,34,,,,,,
2005102203,"芝浦",,10,30,40,5,,,,21,,,,,,
2005102204,"芝浦",,15,31,46,4,,,,25,,,,,,
2005102205,"芝浦",,19,32,51,3,,,,42,,,,,,
2005102206,"芝浦",,14,31,45,3,,,,24,,,,,,
2005102207,"芝浦",,27,32,59,2,,,,32,,,,,,
2005102208,"芝浦",,52,34,86,2,,,,32,,,,,,
2005102209,"芝浦",,55,37,92,3,,,,36,,,,,,
2005102210,"芝浦",,101,41,142,3,,,,43,,,,,,
2005102211,"芝浦",,125,44,169,2,,,,58,,,,,,
2005102212,"芝浦",,119,46,165,2,,,,54,,,,,,
2005102213,"芝浦",,109,44,153,2,,,,45,,,,,,
2005102214,"芝浦",,71,41,112,2,,,,52,,,,,,
2005102215,"芝浦",,58,43,101,3,,,,62,,,,,,
2005102216,"芝浦",,26,42,68,4,,,,42,,,,,,
2005102217,"芝浦",,42,48,90,3,,,,35,,,,,,
2005102218,"芝浦",,61,46,107,2,,,,58,,,,,,
2005102219,"芝浦",,104,43,147,2,,,,83,,,,,,
2005102220,"芝浦",,75,39,114,2,,,,84,,,,,,
2005102221,"芝浦",,59,39,98,2,,,,74,,,,,,
2005102222,"芝浦",,45,39,84,2,,,,81,,,,,,
2005102223,"芝浦",,32,40,72,2,,,,78,,,,,,
2005102224,"芝浦",,31,40,71,2,,,,59,,,,,,
2005102301,"芝浦",,37,34,71,2,,,,57,,,,,,
2005102302,"芝浦",,41,33,74,2,,,,49,,,,,,
2005102303,"芝浦",,10,27,37,8,,,,41,,,,,,
2005102304,"芝浦",,2,9,11,32,,,,16,,,,,,
2005102305,"芝浦",,1,9,10,30,,,,6,,,,,,
2005102306,"芝浦",,2,11,13,29,,,,21,,,,,,
2005102307,"芝浦",,2,13,15,25,,,,17,,,,,,
2005102308,"芝浦",,4,14,18,23,,,,11,,,,,,
2005102309,"芝浦",,6,13,19,23,,,,5,,,,,,
2005102310,"芝浦",,34,30,64,11,,,,3,,,,,,
2005102311,"芝浦",,27,30,57,17,,,,0,,,,,,
2005102312,"芝浦",,3,10,13,45,,,,8,,,,,,
2005102313,"芝浦",,4,11,15,48,,,,16,,,,,,
2005102314,"芝浦",,8,22,30,39,,,,14,,,,,,
2005102315,"芝浦",,18,33,51,27,,,,15,,,,,,
2005102316,"芝浦",,22,43,65,17,,,,17,,,,,,
2005102317,"芝浦",,31,51,82,8,,,,26,,,,,,
2005102318,"芝浦",,28,52,80,6,,,,32,,,,,,
2005102319,"芝浦",,28,53,81,4,,,,17,,,,,,
2005102320,"芝浦",,52,53,105,2,,,,23,,,,,,
2005102321,"芝浦",,41,50,91,2,,,,27,,,,,,
2005102322,"芝浦",,5,35,40,13,,,,21,,,,,,
2005102323,"芝浦",,3,24,27,21,,,,8,,,,,,
2005102324,"芝浦",,2,20,22,22,,,,15,,,,,,
2005102401,"芝浦",,9999,9999,9999,9995,,,,19,,,,,,
2005102402,"芝浦",,3,24,27,14,,,,16,,,,,,
2005102403,"芝浦",,3,26,29,9,,,,35,,,,,,
2005102404,"芝浦",,3,23,26,13,,,,17,,,,,,
2005102405,"芝浦",,9,24,33,13,,,,8,,,,,,
2005102406,"芝浦",,19,32,51,1,,,,10,,,,,,
2005102407,"芝浦",,121,41,162,2,,,,29,,,,,,
2005102408,"芝浦",,195,49,244,2,,,,24,,,,,,
2005102409,"芝浦",,238,59,297,2,,,,33,,,,,,
2005102410,"芝浦",,104,46,150,7,,,,24,,,,,,
2005102411,"芝浦",,26,37,63,12,,,,15,,,,,,
2005102412,"芝浦",,94,48,142,9,,,,29,,,,,,
2005102413,"芝浦",,9998,9998,9998,9998,,,,9998,,,,,,
2005102414,"芝浦",,9998,9998,9998,9,,,,9998,,,,,,
2005102415,"芝浦",,49,50,99,13,,,,9999,,,,,,
2005102416,"芝浦",,74,63,137,7,,,,46,,,,,,
2005102417,"芝浦",,76,65,141,2,,,,34,,,,,,
2005102418,"芝浦",,46,56,102,3,,,,13,,,,,,
2005102419,"芝浦",,80,57,137,2,,,,42,,,,,,
2005102420,"芝浦",,118,59,177,1,,,,31,,,,,,
2005102421,"芝浦",,88,56,144,2,,,,43,,,,,,
2005102422,"芝浦",,41,45,86,2,,,,27,,,,,,
2005102423,"芝浦",,47,45,92,1,,,,39,,,,,,
2005102424,"芝浦",,14,36,50,4,,,,24,,,,,,
2005102501,"芝浦",,16,37,53,3,,,,42,,,,,,
2005102502,"芝浦",,13,34,47,3,,,,33,,,,,,
2005102503,"芝浦",,9,32,41,4,,,,16,,,,,,
2005102504,"芝浦",,23,34,57,2,,,,20,,,,,,
2005102505,"芝浦",,28,35,63,2,,,,24,,,,,,
2005102506,"芝浦",,44,35,79,1,,,,25,,,,,,
2005102507,"芝浦",,69,35,104,2,,,,33,,,,,,
2005102508,"芝浦",,70,35,105,3,,,,33,,,,,,
2005102509,"芝浦",,31,32,63,10,,,,11,,,,,,
2005102510,"芝浦",,19,32,51,18,,,,4,,,,,,
2005102511,"芝浦",,19,34,53,20,,,,13,,,,,,
2005102512,"芝浦",,17,31,48,25,,,,23,,,,,,
2005102513,"芝浦",,10,25,35,33,,,,28,,,,,,
2005102514,"芝浦",,24,29,53,31,,,,27,,,,,,
2005102515,"芝浦",,24,29,53,34,,,,26,,,,,,
2005102516,"芝浦",,10,31,41,31,,,,29,,,,,,
2005102517,"芝浦",,12,38,50,22,,,,17,,,,,,
2005102518,"芝浦",,13,40,53,14,,,,40,,,,,,
2005102519,"芝浦",,7,36,43,14,,,,13,,,,,,
2005102520,"芝浦",,11,36,47,12,,,,27,,,,,,
2005102521,"芝浦",,14,36,50,12,,,,28,,,,,,
2005102522,"芝浦",,10,33,43,12,,,,18,,,,,,
2005102523,"芝浦",,14,39,53,7,,,,32,,,,,,
2005102524,"芝浦",,6,34,40,9,,,,20,,,,,,
2005102601,"芝浦",,6,31,37,13,,,,33,,,,,,
2005102602,"芝浦",,6,31,37,11,,,,22,,,,,,
2005102603,"芝浦",,5,26,31,15,,,,22,,,,,,
2005102604,"芝浦",,4,24,28,14,,,,30,,,,,,
2005102605,"芝浦",,7,25,32,11,,,,24,,,,,,
2005102606,"芝浦",,11,30,41,7,,,,30,,,,,,
2005102607,"芝浦",,19,37,56,4,,,,33,,,,,,
2005102608,"芝浦",,48,41,89,2,,,,33,,,,,,
2005102609,"芝浦",,63,42,105,2,,,,42,,,,,,
2005102610,"芝浦",,59,44,103,4,,,,45,,,,,,
2005102611,"芝浦",,43,43,86,8,,,,31,,,,,,
2005102612,"芝浦",,63,42,105,12,,,,46,,,,,,
2005102613,"芝浦",,35,39,74,15,,,,32,,,,,,
2005102614,"芝浦",,46,44,90,13,,,,37,,,,,,
2005102615,"芝浦",,62,46,108,8,,,,46,,,,,,
2005102616,"芝浦",,64,49,113,7,,,,36,,,,,,
2005102617,"芝浦",,48,45,93,8,,,,42,,,,,,
2005102618,"芝浦",,34,40,74,9,,,,26,,,,,,
2005102619,"芝浦",,25,37,62,11,,,,28,,,,,,
2005102620,"芝浦",,13,32,45,16,,,,30,,,,,,
2005102621,"芝浦",,14,34,48,14,,,,37,,,,,,
2005102622,"芝浦",,8,33,41,14,,,,28,,,,,,
2005102623,"芝浦",,5,30,35,17,,,,28,,,,,,
2005102624,"芝浦",,4,30,34,15,,,,29,,,,,,
2005102701,"芝浦",,7,29,36,14,,,,15,,,,,,
2005102702,"芝浦",,4,26,30,16,,,,19,,,,,,
2005102703,"芝浦",,5,26,31,13,,,,26,,,,,,
2005102704,"芝浦",,9,27,36,13,,,,26,,,,,,
2005102705,"芝浦",,14,33,47,8,,,,29,,,,,,
2005102706,"芝浦",,17,35,52,4,,,,39,,,,,,
2005102707,"芝浦",,23,37,60,3,,,,32,,,,,,
2005102708,"芝浦",,39,39,78,2,,,,34,,,,,,
2005102709,"芝浦",,26,40,66,5,,,,39,,,,,,
2005102710,"芝浦",,55,46,101,3,,,,45,,,,,,
2005102711,"芝浦",,65,48,113,3,,,,46,,,,,,
2005102712,"芝浦",,52,44,96,7,,,,35,,,,,,
2005102713,"芝浦",,36,44,80,13,,,,30,,,,,,
2005102714,"芝浦",,22,41,63,17,,,,32,,,,,,
2005102715,"芝浦",,31,43,74,16,,,,28,,,,,,
2005102716,"芝浦",,70,55,125,5,,,,35,,,,,,
2005102717,"芝浦",,54,48,102,7,,,,42,,,,,,
2005102718,"芝浦",,80,52,132,2,,,,63,,,,,,
2005102719,"芝浦",,34,41,75,6,,,,32,,,,,,
2005102720,"芝浦",,19,36,55,8,,,,35,,,,,,
2005102721,"芝浦",,13,36,49,10,,,,37,,,,,,
2005102722,"芝浦",,15,39,54,7,,,,50,,,,,,
2005102723,"芝浦",,21,42,63,3,,,,42,,,,,,
2005102724,"芝浦",,27,43,70,3,,,,39,,,,,,
2005102801,"芝浦",,41,42,83,2,,,,37,,,,,,
2005102802,"芝浦",,61,42,103,2,,,,44,,,,,,
2005102803,"芝浦",,82,41,123,2,,,,37,,,,,,
2005102804,"芝浦",,94,40,134,2,,,,53,,,,,,
2005102805,"芝浦",,103,36,139,2,,,,43,,,,,,
2005102806,"芝浦",,118,31,149,2,,,,42,,,,,,
2005102807,"芝浦",,121,31,152,2,,,,48,,,,,,
2005102808,"芝浦",,122,36,158,2,,,,71,,,,,,
2005102809,"芝浦",,78,41,119,2,,,,83,,,,,,
2005102810,"芝浦",,198,64,262,1,,,,82,,,,,,
2005102811,"芝浦",,142,68,210,2,,,,77,,,,,,
2005102812,"芝浦",,117,70,187,5,,,,75,,,,,,
2005102813,"芝浦",,47,57,104,14,,,,53,,,,,,
2005102814,"芝浦",,73,79,152,10,,,,77,,,,,,
2005102815,"芝浦",,59,81,140,8,,,,57,,,,,,
2005102816,"芝浦",,45,68,113,13,,,,49,,,,,,
2005102817,"芝浦",,14,54,68,20,,,,40,,,,,,
2005102818,"芝浦",,18,58,76,13,,,,49,,,,,,
2005102819,"芝浦",,60,70,130,2,,,,45,,,,,,
2005102820,"芝浦",,47,56,103,2,,,,39,,,,,,
2005102821,"芝浦",,48,60,108,1,,,,46,,,,,,
2005102822,"芝浦",,35,63,98,4,,,,56,,,,,,
2005102823,"芝浦",,5,50,55,12,,,,72,,,,,,
2005102824,"芝浦",,43,59,102,2,,,,95,,,,,,
2005102901,"芝浦",,80,61,141,2,,,,102,,,,,,
2005102902,"芝浦",,96,63,159,3,,,,124,,,,,,
2005102903,"芝浦",,59,53,112,2,,,,108,,,,,,
2005102904,"芝浦",,40,45,85,3,,,,96,,,,,,
2005102905,"芝浦",,37,42,79,2,,,,107,,,,,,
2005102906,"芝浦",,90,46,136,2,,,,107,,,,,,
2005102907,"芝浦",,152,54,206,2,,,,113,,,,,,
2005102908,"芝浦",,159,55,214,2,,,,113,,,,,,
2005102909,"芝浦",,136,56,192,2,,,,125,,,,,,
2005102910,"芝浦",,219,72,291,2,,,,126,,,,,,
2005102911,"芝浦",,266,84,350,1,,,,132,,,,,,
2005102912,"芝浦",,122,68,190,11,,,,74,,,,,,
2005102913,"芝浦",,7,23,30,39,,,,23,,,,,,
2005102914,"芝浦",,6,25,31,38,,,,27,,,,,,
2005102915,"芝浦",,7,33,40,30,,,,34,,,,,,
2005102916,"芝浦",,4,28,32,30,,,,22,,,,,,
2005102917,"芝浦",,12,42,54,18,,,,41,,,,,,
2005102918,"芝浦",,20,63,83,4,,,,113,,,,,,
2005102919,"芝浦",,60,66,126,3,,,,131,,,,,,
2005102920,"芝浦",,39,64,103,4,,,,134,,,,,,
2005102921,"芝浦",,23,56,79,6,,,,111,,,,,,
2005102922,"芝浦",,11,48,59,5,,,,80,,,,,,
2005102923,"芝浦",,17,46,63,3,,,,97,,,,,,
2005102924,"芝浦",,13,45,58,3,,,,114,,,,,,
2005103001,"芝浦",,7,37,44,6,,,,47,,,,,,
2005103002,"芝浦",,3,25,28,15,,,,38,,,,,,
2005103003,"芝浦",,3,25,28,18,,,,27,,,,,,
2005103004,"芝浦",,2,16,18,30,,,,22,,,,,,
2005103005,"芝浦",,3,17,20,27,,,,14,,,,,,
2005103006,"芝浦",,7,21,28,23,,,,18,,,,,,
2005103007,"芝浦",,6,19,25,25,,,,27,,,,,,
2005103008,"芝浦",,3,15,18,29,,,,14,,,,,,
2005103009,"芝浦",,4,17,21,28,,,,23,,,,,,
2005103010,"芝浦",,4,16,20,30,,,,15,,,,,,
2005103011,"芝浦",,4,15,19,32,,,,27,,,,,,
2005103012,"芝浦",,3,18,21,31,,,,20,,,,,,
2005103013,"芝浦",,6,24,30,26,,,,35,,,,,,
2005103014,"芝浦",,11,30,41,23,,,,37,,,,,,
2005103015,"芝浦",,24,36,60,20,,,,43,,,,,,
2005103016,"芝浦",,30,39,69,16,,,,37,,,,,,
2005103017,"芝浦",,16,31,47,25,,,,49,,,,,,
2005103018,"芝浦",,20,36,56,18,,,,32,,,,,,
2005103019,"芝浦",,17,35,52,17,,,,39,,,,,,
2005103020,"芝浦",,8,29,37,22,,,,26,,,,,,
2005103021,"芝浦",,13,34,47,14,,,,34,,,,,,
2005103022,"芝浦",,16,37,53,11,,,,38,,,,,,
2005103023,"芝浦",,12,31,43,16,,,,26,,,,,,
2005103024,"芝浦",,7,21,28,23,,,,31,,,,,,
2005103101,"芝浦",,9999,9999,9999,9995,,,,40,,,,,,
2005103102,"芝浦",,11,20,31,18,,,,29,,,,,,
2005103103,"芝浦",,6,23,29,13,,,,26,,,,,,
2005103104,"芝浦",,7,25,32,10,,,,36,,,,,,
2005103105,"芝浦",,7,25,32,11,,,,28,,,,,,
2005103106,"芝浦",,15,30,45,7,,,,23,,,,,,
2005103107,"芝浦",,14,33,47,4,,,,30,,,,,,
2005103108,"芝浦",,36,38,74,2,,,,34,,,,,,
2005103109,"芝浦",,36,39,75,4,,,,41,,,,,,
2005103110,"芝浦",,37,39,76,8,,,,26,,,,,,
2005103111,"芝浦",,49,41,90,6,,,,40,,,,,,
2005103112,"芝浦",,44,40,84,8,,,,34,,,,,,
2005103113,"芝浦",,55,40,95,11,,,,33,,,,,,
2005103114,"芝浦",,48,38,86,14,,,,26,,,,,,
2005103115,"芝浦",,9998,9998,9998,9998,,,,19,,,,,,
2005103116,"芝浦",,56,43,99,9,,,,32,,,,,,
2005103117,"芝浦",,66,44,110,8,,,,34,,,,,,
2005103118,"芝浦",,38,36,74,13,,,,22,,,,,,
2005103119,"芝浦",,34,38,72,12,,,,30,,,,,,
2005103120,"芝浦",,19,34,53,14,,,,13,,,,,,
2005103121,"芝浦",,19,36,55,12,,,,32,,,,,,
2005103122,"芝浦",,5,26,31,18,,,,15,,,,,,
2005103123,"芝浦",,29,34,63,8,,,,34,,,,,,
2005103124,"芝浦",,13,31,44,10,,,,22,,,,,,
2005090101,"芝浦",,30,72,102,2,,,,91,,,,,,
2005090102,"芝浦",,17,53,70,2,,,,58,,,,,,
2005090103,"芝浦",,22,48,70,3,,,,49,,,,,,
2005090104,"芝浦",,23,49,72,3,,,,69,,,,,,
2005090105,"芝浦",,24,46,70,3,,,,64,,,,,,
2005090106,"芝浦",,23,39,62,4,,,,53,,,,,,
2005090107,"芝浦",,35,39,74,4,,,,60,,,,,,
2005090108,"芝浦",,65,54,119,5,,,,77,,,,,,
2005090109,"芝浦",,115,81,196,5,,,,110,,,,,,
2005090110,"芝浦",,106,94,200,10,,,,86,,,,,,
2005090111,"芝浦",,53,98,151,23,,,,81,,,,,,
2005090112,"芝浦",,22,86,108,44,,,,54,,,,,,
2005090113,"芝浦",,9,70,79,86,,,,63,,,,,,
2005090114,"芝浦",,12,92,104,85,,,,73,,,,,,
2005090115,"芝浦",,10,86,96,80,,,,75,,,,,,
2005090116,"芝浦",,18,98,116,51,,,,82,,,,,,
2005090117,"芝浦",,14,58,72,40,,,,43,,,,,,
2005090118,"芝浦",,17,105,122,33,,,,85,,,,,,
2005090119,"芝浦",,14,83,97,47,,,,89,,,,,,
2005090120,"芝浦",,4,47,51,49,,,,69,,,,,,
2005090121,"芝浦",,2,30,32,41,,,,60,,,,,,
2005090122,"芝浦",,3,28,31,24,,,,38,,,,,,
2005090123,"芝浦",,8,36,44,12,,,,39,,,,,,
2005090124,"芝浦",,3,24,27,26,,,,38,,,,,,
2005090201,"芝浦",,2,22,24,32,,,,40,,,,,,
2005090202,"芝浦",,2,22,24,33,,,,48,,,,,,
2005090203,"芝浦",,1,20,21,35,,,,54,,,,,,
2005090204,"芝浦",,1,18,19,45,,,,49,,,,,,
2005090205,"芝浦",,1,15,16,72,,,,50,,,,,,
2005090206,"芝浦",,2,25,27,56,,,,62,,,,,,
2005090207,"芝浦",,6,43,49,34,,,,79,,,,,,
2005090208,"芝浦",,65,72,137,15,,,,100,,,,,,
2005090209,"芝浦",,53,88,141,11,,,,118,,,,,,
2005090210,"芝浦",,77,129,206,12,,,,116,,,,,,
2005090211,"芝浦",,60,136,196,28,,,,128,,,,,,
2005090212,"芝浦",,72,87,159,13,,,,59,,,,,,
2005090213,"芝浦",,39,98,137,27,,,,63,,,,,,
2005090214,"芝浦",,34,102,136,26,,,,60,,,,,,
2005090215,"芝浦",,27,99,126,30,,,,57,,,,,,
2005090216,"芝浦",,40,94,134,19,,,,58,,,,,,
2005090217,"芝浦",,53,70,123,12,,,,64,,,,,,
2005090218,"芝浦",,11,36,47,24,,,,42,,,,,,
2005090219,"芝浦",,6,30,36,23,,,,32,,,,,,
2005090220,"芝浦",,4,26,30,25,,,,30,,,,,,
2005090221,"芝浦",,3,25,28,25,,,,35,,,,,,
2005090222,"芝浦",,4,28,32,20,,,,31,,,,,,
2005090223,"芝浦",,40,46,86,4,,,,55,,,,,,
2005090224,"芝浦",,4,26,30,15,,,,32,,,,,,
2005090301,"芝浦",,14,32,46,9,,,,39,,,,,,
2005090302,"芝浦",,3,22,25,13,,,,31,,,,,,
2005090303,"芝浦",,2,17,19,17,,,,21,,,,,,
2005090304,"芝浦",,3,15,18,17,,,,36,,,,,,
2005090305,"芝浦",,3,16,19,15,,,,28,,,,,,
2005090306,"芝浦",,3,17,20,14,,,,33,,,,,,
2005090307,"芝浦",,9,18,27,15,,,,26,,,,,,
2005090308,"芝浦",,12,20,32,17,,,,27,,,,,,
2005090309,"芝浦",,68,37,105,10,,,,39,,,,,,
2005090310,"芝浦",,68,49,117,6,,,,52,,,,,,
2005090311,"芝浦",,71,58,129,7,,,,55,,,,,,
2005090312,"芝浦",,45,61,106,13,,,,38,,,,,,
2005090313,"芝浦",,24,54,78,24,,,,65,,,,,,
2005090314,"芝浦",,20,47,67,29,,,,53,,,,,,
2005090315,"芝浦",,24,37,61,22,,,,47,,,,,,
2005090316,"芝浦",,23,36,59,17,,,,50,,,,,,
2005090317,"芝浦",,17,29,46,14,,,,61,,,,,,
2005090318,"芝浦",,16,28,44,11,,,,42,,,,,,
2005090319,"芝浦",,28,32,60,4,,,,43,,,,,,
2005090320,"芝浦",,22,25,47,4,,,,46,,,,,,
2005090321,"芝浦",,21,23,44,4,,,,37,,,,,,
2005090322,"芝浦",,23,23,46,4,,,,51,,,,,,
2005090323,"芝浦",,26,25,51,4,,,,47,,,,,,
2005090324,"芝浦",,10,22,32,5,,,,40,,,,,,
2005090401,"芝浦",,9,21,30,5,,,,33,,,,,,
2005090402,"芝浦",,7,22,29,5,,,,41,,,,,,
2005090403,"芝浦",,6,20,26,6,,,,31,,,,,,
2005090404,"芝浦",,2,14,16,11,,,,36,,,,,,
2005090405,"芝浦",,13,17,30,8,,,,34,,,,,,
2005090406,"芝浦",,9,16,25,9,,,,35,,,,,,
2005090407,"芝浦",,9,17,26,8,,,,41,,,,,,
2005090408,"芝浦",,12,23,35,11,,,,31,,,,,,
2005090409,"芝浦",,23,32,55,12,,,,45,,,,,,
2005090410,"芝浦",,41,41,82,8,,,,40,,,,,,
2005090411,"芝浦",,19,41,60,26,,,,55,,,,,,
2005090412,"芝浦",,14,43,57,33,,,,54,,,,,,
2005090413,"芝浦",,9,42,51,45,,,,68,,,,,,
2005090414,"芝浦",,2,25,27,74,,,,57,,,,,,
2005090415,"芝浦",,6,27,33,43,,,,64,,,,,,
2005090416,"芝浦",,26,26,52,27,,,,27,,,,,,
2005090417,"芝浦",,37,32,69,16,,,,48,,,,,,
2005090418,"芝浦",,6,15,21,26,,,,50,,,,,,
2005090419,"芝浦",,9,18,27,19,,,,42,,,,,,
2005090420,"芝浦",,12,19,31,15,,,,42,,,,,,
2005090421,"芝浦",,7,17,24,15,,,,42,,,,,,
2005090422,"芝浦",,23,22,45,7,,,,56,,,,,,
2005090423,"芝浦",,12,21,33,7,,,,49,,,,,,
2005090424,"芝浦",,8,15,23,11,,,,23,,,,,,
2005090501,"芝浦",,9999,9999,9999,9995,,,,20,,,,,,
2005090502,"芝浦",,32,20,52,6,,,,22,,,,,,
2005090503,"芝浦",,38,22,60,4,,,,15,,,,,,
2005090504,"芝浦",,53,23,76,4,,,,23,,,,,,
2005090505,"芝浦",,44,22,66,4,,,,23,,,,,,
2005090506,"芝浦",,25,21,46,4,,,,16,,,,,,
2005090507,"芝浦",,30,21,51,4,,,,26,,,,,,
2005090508,"芝浦",,64,25,89,5,,,,34,,,,,,
2005090509,"芝浦",,87,27,114,5,,,,32,,,,,,
2005090510,"芝浦",,54,26,80,7,,,,24,,,,,,
2005090511,"芝浦",,46,28,74,7,,,,27,,,,,,
2005090512,"芝浦",,42,28,70,10,,,,35,,,,,,
2005090513,"芝浦",,28,28,56,12,,,,33,,,,,,
2005090514,"芝浦",,38,31,69,12,,,,29,,,,,,
2005090515,"芝浦",,9998,9998,9998,9,,,,29,,,,,,
2005090516,"芝浦",,9998,9998,9998,9998,,,,9998,,,,,,
2005090517,"芝浦",,59,35,94,8,,,,24,,,,,,
2005090518,"芝浦",,68,37,105,7,,,,28,,,,,,
2005090519,"芝浦",,25,30,55,9,,,,23,,,,,,
2005090520,"芝浦",,21,26,47,12,,,,24,,,,,,
2005090521,"芝浦",,9,21,30,14,,,,22,,,,,,
2005090522,"芝浦",,12,23,35,11,,,,21,,,,,,
2005090523,"芝浦",,11,26,37,7,,,,25,,,,,,
2005090524,"芝浦",,11,25,36,8,,,,23,,,,,,
2005090601,"芝浦",,11,24,35,7,,,,20,,,,,,
2005090602,"芝浦",,11,23,34,7,,,,26,,,,,,
2005090603,"芝浦",,14,24,38,5,,,,33,,,,,,
2005090604,"芝浦",,17,24,41,4,,,,19,,,,,,
2005090605,"芝浦",,20,25,45,4,,,,25,,,,,,
2005090606,"芝浦",,22,25,47,4,,,,26,,,,,,
2005090607,"芝浦",,32,25,57,4,,,,26,,,,,,
2005090608,"芝浦",,45,27,72,4,,,,20,,,,,,
2005090609,"芝浦",,36,26,62,4,,,,26,,,,,,
2005090610,"芝浦",,50,28,78,5,,,,25,,,,,,
2005090611,"芝浦",,50,30,80,5,,,,22,,,,,,
2005090612,"芝浦",,70,34,104,5,,,,32,,,,,,
2005090613,"芝浦",,41,32,73,6,,,,25,,,,,,
2005090614,"芝浦",,46,31,77,7,,,,24,,,,,,
2005090615,"芝浦",,40,29,69,8,,,,31,,,,,,
2005090616,"芝浦",,44,34,78,6,,,,24,,,,,,
2005090617,"芝浦",,125,45,170,4,,,,46,,,,,,
2005090618,"芝浦",,139,48,187,3,,,,51,,,,,,
2005090619,"芝浦",,82,37,119,3,,,,37,,,,,,
2005090620,"芝浦",,108,35,143,4,,,,40,,,,,,
2005090621,"芝浦",,90,32,122,3,,,,41,,,,,,
2005090622,"芝浦",,67,17,84,3,,,,24,,,,,,
2005090623,"芝浦",,68,14,82,3,,,,34,,,,,,
2005090624,"芝浦",,53,11,64,3,,,,36,,,,,,
2005090701,"芝浦",,61,12,73,4,,,,23,,,,,,
2005090702,"芝浦",,38,11,49,4,,,,25,,,,,,
2005090703,"芝浦",,33,10,43,4,,,,28,,,,,,
2005090704,"芝浦",,26,10,36,4,,,,15,,,,,,
2005090705,"芝浦",,31,11,42,4,,,,17,,,,,,
2005090706,"芝浦",,44,13,57,4,,,,28,,,,,,
2005090707,"芝浦",,40,13,53,5,,,,27,,,,,,
2005090708,"芝浦",,28,10,38,6,,,,25,,,,,,
2005090709,"芝浦",,38,12,50,6,,,,30,,,,,,
2005090710,"芝浦",,35,11,46,7,,,,27,,,,,,
2005090711,"芝浦",,41,14,55,6,,,,29,,,,,,
2005090712,"芝浦",,53,16,69,6,,,,39,,,,,,
2005090713,"芝浦",,39,16,55,6,,,,35,,,,,,
2005090714,"芝浦",,38,16,54,6,,,,40,,,,,,
2005090715,"芝浦",,28,13,41,7,,,,28,,,,,,
2005090716,"芝浦",,22,12,34,6,,,,31,,,,,,
2005090717,"芝浦",,24,13,37,7,,,,29,,,,,,
2005090718,"芝浦",,22,13,35,6,,,,23,,,,,,
2005090719,"芝浦",,37,18,55,4,,,,28,,,,,,
2005090720,"芝浦",,27,17,44,4,,,,28,,,,,,
2005090721,"芝浦",,17,17,34,7,,,,33,,,,,,
2005090722,"芝浦",,8,15,23,9,,,,32,,,,,,
2005090723,"芝浦",,14,17,31,7,,,,28,,,,,,
2005090724,"芝浦",,6,12,18,13,,,,33,,,,,,
2005090801,"芝浦",,3,8,11,17,,,,29,,,,,,
2005090802,"芝浦",,4,9,13,16,,,,34,,,,,,
2005090803,"芝浦",,5,10,15,17,,,,31,,,,,,
2005090804,"芝浦",,6,14,20,14,,,,30,,,,,,
2005090805,"芝浦",,7,16,23,11,,,,33,,,,,,
2005090806,"芝浦",,4,12,16,15,,,,31,,,,,,
2005090807,"芝浦",,16,19,35,10,,,,33,,,,,,
2005090808,"芝浦",,15,18,33,14,,,,26,,,,,,
2005090809,"芝浦",,19,21,40,18,,,,26,,,,,,
2005090810,"芝浦",,47,35,82,17,,,,33,,,,,,
2005090811,"芝浦",,80,71,151,9,,,,65,,,,,,
2005090812,"芝浦",,74,78,152,11,,,,35,,,,,,
2005090813,"芝浦",,57,80,137,15,,,,50,,,,,,
2005090814,"芝浦",,64,75,139,11,,,,39,,,,,,
2005090815,"芝浦",,74,80,154,9,,,,55,,,,,,
2005090816,"芝浦",,75,83,158,7,,,,49,,,,,,
2005090817,"芝浦",,95,73,168,4,,,,61,,,,,,
2005090818,"芝浦",,83,66,149,3,,,,40,,,,,,
2005090819,"芝浦",,74,61,135,3,,,,44,,,,,,
2005090820,"芝浦",,56,61,117,4,,,,37,,,,,,
2005090821,"芝浦",,59,58,117,3,,,,42,,,,,,
2005090822,"芝浦",,31,48,79,7,,,,46,,,,,,
2005090823,"芝浦",,50,47,97,4,,,,38,,,,,,
2005090824,"芝浦",,38,39,77,6,,,,32,,,,,,
2005090901,"芝浦",,14,24,38,19,,,,26,,,,,,
2005090902,"芝浦",,14,23,37,18,,,,27,,,,,,
2005090903,"芝浦",,11,23,34,15,,,,24,,,,,,
2005090904,"芝浦",,8,17,25,23,,,,22,,,,,,
2005090905,"芝浦",,16,21,37,21,,,,26,,,,,,
2005090906,"芝浦",,13,25,38,18,,,,22,,,,,,
2005090907,"芝浦",,15,27,42,18,,,,30,,,,,,
2005090908,"芝浦",,29,33,62,14,,,,28,,,,,,
2005090909,"芝浦",,49,38,87,10,,,,25,,,,,,
2005090910,"芝浦",,29,36,65,11,,,,23,,,,,,
2005090911,"芝浦",,40,38,78,9,,,,26,,,,,,
2005090912,"芝浦",,29,35,64,13,,,,27,,,,,,
2005090913,"芝浦",,41,40,81,12,,,,29,,,,,,
2005090914,"芝浦",,34,41,75,11,,,,27,,,,,,
2005090915,"芝浦",,45,42,87,11,,,,34,,,,,,
2005090916,"芝浦",,61,47,108,6,,,,28,,,,,,
2005090917,"芝浦",,50,48,98,6,,,,26,,,,,,
2005090918,"芝浦",,64,51,115,4,,,,36,,,,,,
2005090919,"芝浦",,33,47,80,5,,,,37,,,,,,
2005090920,"芝浦",,68,48,116,3,,,,33,,,,,,
2005090921,"芝浦",,42,41,83,4,,,,35,,,,,,
2005090922,"芝浦",,64,41,105,3,,,,46,,,,,,
2005090923,"芝浦",,75,40,115,3,,,,35,,,,,,
2005090924,"芝浦",,41,37,78,4,,,,40,,,,,,
2005091001,"芝浦",,20,35,55,4,,,,33,,,,,,
2005091002,"芝浦",,36,36,72,4,,,,31,,,,,,
2005091003,"芝浦",,48,37,85,3,,,,30,,,,,,
2005091004,"芝浦",,24,33,57,4,,,,21,,,,,,
2005091005,"芝浦",,25,34,59,3,,,,19,,,,,,
2005091006,"芝浦",,64,37,101,3,,,,26,,,,,,
2005091007,"芝浦",,66,37,103,4,,,,30,,,,,,
2005091008,"芝浦",,83,42,125,4,,,,32,,,,,,
2005091009,"芝浦",,66,43,109,7,,,,37,,,,,,
2005091010,"芝浦",,111,61,172,4,,,,46,,,,,,
2005091011,"芝浦",,126,70,196,5,,,,62,,,,,,
2005091012,"芝浦",,96,76,172,8,,,,58,,,,,,
2005091013,"芝浦",,14,72,86,60,,,,69,,,,,,
2005091014,"芝浦",,10,69,79,61,,,,47,,,,,,
2005091015,"芝浦",,12,66,78,41,,,,50,,,,,,
2005091016,"芝浦",,17,58,75,26,,,,34,,,,,,
2005091017,"芝浦",,20,49,69,20,,,,29,,,,,,
2005091018,"芝浦",,10,40,50,23,,,,28,,,,,,
2005091019,"芝浦",,5,39,44,39,,,,41,,,,,,
2005091020,"芝浦",,3,27,30,40,,,,44,,,,,,
2005091021,"芝浦",,5,38,43,26,,,,44,,,,,,
2005091022,"芝浦",,2,22,24,43,,,,48,,,,,,
2005091023,"芝浦",,2,16,18,42,,,,37,,,,,,
2005091024,"芝浦",,1,13,14,42,,,,45,,,,,,
2005091101,"芝浦",,3,15,18,30,,,,36,,,,,,
2005091102,"芝浦",,3,16,19,23,,,,31,,,,,,
2005091103,"芝浦",,6,22,28,15,,,,33,,,,,,
2005091104,"芝浦",,2,18,20,16,,,,34,,,,,,
2005091105,"芝浦",,1,13,14,19,,,,29,,,,,,
2005091106,"芝浦",,2,13,15,15,,,,33,,,,,,
2005091107,"芝浦",,3,12,15,16,,,,25,,,,,,
2005091108,"芝浦",,13,16,29,14,,,,29,,,,,,
2005091109,"芝浦",,50,31,81,7,,,,41,,,,,,
2005091110,"芝浦",,30,37,67,13,,,,44,,,,,,
2005091111,"芝浦",,14,46,60,33,,,,63,,,,,,
2005091112,"芝浦",,11,41,52,30,,,,45,,,,,,
2005091113,"芝浦",,9,41,50,40,,,,56,,,,,,
2005091114,"芝浦",,7,46,53,50,,,,66,,,,,,
2005091115,"芝浦",,2,33,35,50,,,,36,,,,,,
2005091116,"芝浦",,2,15,17,28,,,,28,,,,,,
2005091117,"芝浦",,3,18,21,23,,,,24,,,,,,
2005091118,"芝浦",,3,21,24,20,,,,19,,,,,,
2005091119,"芝浦",,2,24,26,17,,,,22,,,,,,
2005091120,"芝浦",,2,25,27,13,,,,20,,,,,,
2005091121,"芝浦",,2,24,26,16,,,,17,,,,,,
2005091122,"芝浦",,2,24,26,17,,,,15,,,,,,
2005091123,"芝浦",,2,25,27,16,,,,15,,,,,,
2005091124,"芝浦",,5,31,36,8,,,,18,,,,,,
2005091201,"芝浦",,9999,9999,9999,9995,,,,16,,,,,,
2005091202,"芝浦",,35,35,70,4,,,,24,,,,,,
2005091203,"芝浦",,53,37,90,3,,,,23,,,,,,
2005091204,"芝浦",,63,36,99,3,,,,22,,,,,,
2005091205,"芝浦",,60,28,88,3,,,,22,,,,,,
2005091206,"芝浦",,119,32,151,3,,,,32,,,,,,
2005091207,"芝浦",,88,30,118,4,,,,27,,,,,,
2005091208,"芝浦",,183,41,224,3,,,,45,,,,,,
2005091209,"芝浦",,171,46,217,4,,,,43,,,,,,
2005091210,"芝浦",,160,54,214,4,,,,46,,,,,,
2005091211,"芝浦",,136,57,193,3,,,,48,,,,,,
2005091212,"芝浦",,107,66,173,5,,,,41,,,,,,
2005091213,"芝浦",,57,70,127,12,,,,45,,,,,,
2005091214,"芝浦",,57,63,120,11,,,,36,,,,,,
2005091215,"芝浦",,60,83,143,12,,,,48,,,,,,
2005091216,"芝浦",,9998,9998,9998,9998,,,,56,,,,,,
2005091217,"芝浦",,9998,9998,9998,5,,,,55,,,,,,
2005091218,"芝浦",,38,61,99,17,,,,42,,,,,,
2005091219,"芝浦",,7,41,48,25,,,,38,,,,,,
2005091220,"芝浦",,2,26,28,40,,,,31,,,,,,
2005091221,"芝浦",,4,39,43,28,,,,37,,,,,,
2005091222,"芝浦",,6,39,45,20,,,,30,,,,,,
2005091223,"芝浦",,6,39,45,17,,,,37,,,,,,
2005091224,"芝浦",,5,32,37,23,,,,34,,,,,,
2005091301,"芝浦",,2,24,26,26,,,,35,,,,,,
2005091302,"芝浦",,2,23,25,22,,,,49,,,,,,
2005091303,"芝浦",,5,34,39,7,,,,51,,,,,,
2005091304,"芝浦",,15,38,53,3,,,,36,,,,,,
2005091305,"芝浦",,29,37,66,3,,,,47,,,,,,
2005091306,"芝浦",,33,36,69,3,,,,54,,,,,,
2005091307,"芝浦",,52,40,92,3,,,,56,,,,,,
2005091308,"芝浦",,25,41,66,10,,,,44,,,,,,
2005091309,"芝浦",,90,62,152,5,,,,56,,,,,,
2005091310,"芝浦",,114,72,186,5,,,,65,,,,,,
2005091311,"芝浦",,95,78,173,7,,,,76,,,,,,
2005091312,"芝浦",,59,63,122,10,,,,54,,,,,,
2005091313,"芝浦",,38,78,116,19,,,,34,,,,,,
2005091314,"芝浦",,21,93,114,38,,,,57,,,,,,
2005091315,"芝浦",,21,89,110,39,,,,58,,,,,,
2005091316,"芝浦",,25,91,116,28,,,,60,,,,,,
2005091317,"芝浦",,43,94,137,13,,,,81,,,,,,
2005091318,"芝浦",,39,80,119,18,,,,53,,,,,,
2005091319,"芝浦",,12,58,70,20,,,,50,,,,,,
2005091320,"芝浦",,79,73,152,6,,,,70,,,,,,
2005091321,"芝浦",,63,77,140,3,,,,97,,,,,,
2005091322,"芝浦",,45,69,114,3,,,,87,,,,,,
2005091323,"芝浦",,20,60,80,5,,,,104,,,,,,
2005091324,"芝浦",,46,61,107,3,,,,96,,,,,,
2005091401,"芝浦",,30,58,88,3,,,,86,,,,,,
2005091402,"芝浦",,49,56,105,3,,,,83,,,,,,
2005091403,"芝浦",,58,51,109,3,,,,77,,,,,,
2005091404,"芝浦",,70,41,111,3,,,,48,,,,,,
2005091405,"芝浦",,68,35,103,3,,,,47,,,,,,
2005091406,"芝浦",,47,38,85,3,,,,53,,,,,,
2005091407,"芝浦",,42,37,79,5,,,,53,,,,,,
2005091408,"芝浦",,17,18,35,12,,,,26,,,,,,
2005091409,"芝浦",,31,21,52,10,,,,27,,,,,,
2005091410,"芝浦",,28,19,47,11,,,,28,,,,,,
2005091411,"芝浦",,24,18,42,15,,,,25,,,,,,
2005091412,"芝浦",,18,19,37,19,,,,21,,,,,,
2005091413,"芝浦",,13,16,29,24,,,,16,,,,,,
2005091414,"芝浦",,16,15,31,20,,,,34,,,,,,
2005091415,"芝浦",,25,18,43,14,,,,30,,,,,,
2005091416,"芝浦",,18,16,34,15,,,,22,,,,,,
2005091417,"芝浦",,14,15,29,14,,,,38,,,,,,
2005091418,"芝浦",,11,17,28,11,,,,23,,,,,,
2005091419,"芝浦",,7,15,22,15,,,,31,,,,,,
2005091420,"芝浦",,7,14,21,17,,,,23,,,,,,
2005091421,"芝浦",,4,12,16,18,,,,19,,,,,,
2005091422,"芝浦",,4,12,16,18,,,,26,,,,,,
2005091423,"芝浦",,5,12,17,18,,,,21,,,,,,
2005091424,"芝浦",,2,11,13,22,,,,21,,,,,,
2005091501,"芝浦",,2,15,17,18,,,,29,,,,,,
2005091502,"芝浦",,4,18,22,20,,,,15,,,,,,
2005091503,"芝浦",,3,16,19,25,,,,12,,,,,,
2005091504,"芝浦",,2,11,13,31,,,,15,,,,,,
2005091505,"芝浦",,7,17,24,23,,,,9,,,,,,
2005091506,"芝浦",,6,20,26,18,,,,17,,,,,,
2005091507,"芝浦",,34,32,66,6,,,,18,,,,,,
2005091508,"芝浦",,54,30,84,10,,,,27,,,,,,
2005091509,"芝浦",,53,29,82,10,,,,26,,,,,,
2005091510,"芝浦",,81,37,118,7,,,,21,,,,,,
2005091511,"芝浦",,66,38,104,10,,,,25,,,,,,
2005091512,"芝浦",,63,39,102,14,,,,22,,,,,,
2005091513,"芝浦",,44,35,79,19,,,,20,,,,,,
2005091514,"芝浦",,45,35,80,20,,,,27,,,,,,
2005091515,"芝浦",,63,43,106,13,,,,27,,,,,,
2005091516,"芝浦",,46,39,85,15,,,,16,,,,,,
2005091517,"芝浦",,50,39,89,12,,,,21,,,,,,
2005091518,"芝浦",,41,36,77,12,,,,24,,,,,,
2005091519,"芝浦",,47,38,85,9,,,,24,,,,,,
2005091520,"芝浦",,30,30,60,13,,,,22,,,,,,
2005091521,"芝浦",,17,27,44,17,,,,20,,,,,,
2005091522,"芝浦",,31,31,62,13,,,,21,,,,,,
2005091523,"芝浦",,35,36,71,9,,,,21,,,,,,
2005091524,"芝浦",,21,32,53,12,,,,21,,,,,,
2005091601,"芝浦",,19,33,52,12,,,,18,,,,,,
2005091602,"芝浦",,21,32,53,13,,,,17,,,,,,
2005091603,"芝浦",,21,31,52,13,,,,20,,,,,,
2005091604,"芝浦",,17,25,42,17,,,,22,,,,,,
2005091605,"芝浦",,20,29,49,15,,,,19,,,,,,
2005091606,"芝浦",,16,27,43,17,,,,15,,,,,,
2005091607,"芝浦",,26,30,56,16,,,,22,,,,,,
2005091608,"芝浦",,28,30,58,18,,,,17,,,,,,
2005091609,"芝浦",,47,37,84,11,,,,18,,,,,,
2005091610,"芝浦",,49,36,85,12,,,,27,,,,,,
2005091611,"芝浦",,59,37,96,17,,,,21,,,,,,
2005091612,"芝浦",,49,39,88,21,,,,27,,,,,,
2005091613,"芝浦",,33,37,70,28,,,,28,,,,,,
2005091614,"芝浦",,53,47,100,23,,,,25,,,,,,
2005091615,"芝浦",,59,53,112,17,,,,33,,,,,,
2005091616,"芝浦",,39,48,87,21,,,,31,,,,,,
2005091617,"芝浦",,65,56,121,9,,,,27,,,,,,
2005091618,"芝浦",,24,44,68,13,,,,16,,,,,,
2005091619,"芝浦",,52,46,98,5,,,,23,,,,,,
2005091620,"芝浦",,49,43,92,8,,,,34,,,,,,
2005091621,"芝浦",,28,41,69,5,,,,25,,,,,,
2005091622,"芝浦",,30,40,70,4,,,,14,,,,,,
2005091623,"芝浦",,45,40,85,4,,,,18,,,,,,
2005091624,"芝浦",,25,38,63,5,,,,25,,,,,,
2005091701,"芝浦",,23,40,63,2,,,,15,,,,,,
2005091702,"芝浦",,17,36,53,3,,,,23,,,,,,
2005091703,"芝浦",,17,35,52,3,,,,26,,,,,,
2005091704,"芝浦",,12,36,48,4,,,,16,,,,,,
2005091705,"芝浦",,10,34,44,3,,,,17,,,,,,
2005091706,"芝浦",,20,32,52,3,,,,31,,,,,,
2005091707,"芝浦",,25,31,56,5,,,,30,,,,,,
2005091708,"芝浦",,27,31,58,8,,,,22,,,,,,
2005091709,"芝浦",,22,33,55,12,,,,16,,,,,,
2005091710,"芝浦",,36,35,71,17,,,,19,,,,,,
2005091711,"芝浦",,28,34,62,21,,,,19,,,,,,
2005091712,"芝浦",,48,42,90,20,,,,24,,,,,,
2005091713,"芝浦",,24,36,60,28,,,,21,,,,,,
2005091714,"芝浦",,25,44,69,30,,,,30,,,,,,
2005091715,"芝浦",,19,49,68,39,,,,34,,,,,,
2005091716,"芝浦",,12,52,64,42,,,,32,,,,,,
2005091717,"芝浦",,25,65,90,23,,,,39,,,,,,
2005091718,"芝浦",,18,53,71,24,,,,43,,,,,,
2005091719,"芝浦",,21,37,58,13,,,,43,,,,,,
2005091720,"芝浦",,21,33,54,9,,,,37,,,,,,
2005091721,"芝浦",,18,32,50,10,,,,26,,,,,,
2005091722,"芝浦",,21,33,54,7,,,,24,,,,,,
2005091723,"芝浦",,21,35,56,6,,,,24,,,,,,
2005091724,"芝浦",,14,33,47,6,,,,21,,,,,,
2005091801,"芝浦",,23,39,62,4,,,,27,,,,,,
2005091802,"芝浦",,17,34,51,12,,,,32,,,,,,
2005091803,"芝浦",,3,22,25,27,,,,26,,,,,,
2005091804,"芝浦",,2,25,27,20,,,,25,,,,,,
2005091805,"芝浦",,2,29,31,16,,,,32,,,,,,
2005091806,"芝浦",,3,30,33,14,,,,30,,,,,,
2005091807,"芝浦",,9,33,42,12,,,,41,,,,,,
2005091808,"芝浦",,23,37,60,13,,,,40,,,,,,
2005091809,"芝浦",,26,41,67,15,,,,34,,,,,,
2005091810,"芝浦",,21,46,67,23,,,,44,,,,,,
2005091811,"芝浦",,10,49,59,46,,,,49,,,,,,
2005091812,"芝浦",,16,45,61,34,,,,42,,,,,,
2005091813,"芝浦",,14,43,57,36,,,,17,,,,,,
2005091814,"芝浦",,10,35,45,37,,,,28,,,,,,
2005091815,"芝浦",,12,33,45,28,,,,18,,,,,,
2005091816,"芝浦",,32,50,82,14,,,,41,,,,,,
2005091817,"芝浦",,29,48,77,11,,,,37,,,,,,
2005091818,"芝浦",,36,47,83,5,,,,33,,,,,,
2005091819,"芝浦",,32,36,68,7,,,,26,,,,,,
2005091820,"芝浦",,10,29,39,10,,,,29,,,,,,
2005091821,"芝浦",,5,25,30,14,,,,32,,,,,,
2005091822,"芝浦",,4,23,27,14,,,,36,,,,,,
2005091823,"芝浦",,4,24,28,12,,,,26,,,,,,
2005091824,"芝浦",,2,17,19,18,,,,26,,,,,,
2005091901,"芝浦",,9999,9999,9999,9995,,,,24,,,,,,
2005091902,"芝浦",,1,14,15,18,,,,26,,,,,,
2005091903,"芝浦",,1,15,16,17,,,,27,,,,,,
2005091904,"芝浦",,1,20,21,12,,,,26,,,,,,
2005091905,"芝浦",,2,24,26,8,,,,34,,,,,,
2005091906,"芝浦",,4,20,24,10,,,,29,,,,,,
2005091907,"芝浦",,5,19,24,13,,,,37,,,,,,
2005091908,"芝浦",,6,26,32,20,,,,42,,,,,,
2005091909,"芝浦",,39,48,87,12,,,,55,,,,,,
2005091910,"芝浦",,34,60,94,19,,,,83,,,,,,
2005091911,"芝浦",,31,64,95,21,,,,70,,,,,,
2005091912,"芝浦",,10,58,68,63,,,,91,,,,,,
2005091913,"芝浦",,10,61,71,60,,,,42,,,,,,
2005091914,"芝浦",,10,54,64,44,,,,51,,,,,,
2005091915,"芝浦",,8,46,54,44,,,,57,,,,,,
2005091916,"芝浦",,18,53,71,21,,,,86,,,,,,
2005091917,"芝浦",,18,51,69,15,,,,73,,,,,,
2005091918,"芝浦",,6,31,37,32,,,,63,,,,,,
2005091919,"芝浦",,10,36,46,23,,,,48,,,,,,
2005091920,"芝浦",,18,41,59,13,,,,53,,,,,,
2005091921,"芝浦",,12,42,54,11,,,,66,,,,,,
2005091922,"芝浦",,2,21,23,37,,,,55,,,,,,
2005091923,"芝浦",,2,23,25,28,,,,61,,,,,,
2005091924,"芝浦",,2,22,24,31,,,,61,,,,,,
2005092001,"芝浦",,1,15,16,49,,,,72,,,,,,
2005092002,"芝浦",,15,41,56,17,,,,83,,,,,,
2005092003,"芝浦",,44,49,93,6,,,,101,,,,,,
2005092004,"芝浦",,57,49,106,4,,,,104,,,,,,
2005092005,"芝浦",,22,43,65,5,,,,141,,,,,,
2005092006,"芝浦",,72,49,121,4,,,,115,,,,,,
2005092007,"芝浦",,94,48,142,4,,,,94,,,,,,
2005092008,"芝浦",,74,45,119,5,,,,93,,,,,,
2005092009,"芝浦",,45,42,87,14,,,,77,,,,,,
2005092010,"芝浦",,52,55,107,17,,,,63,,,,,,
2005092011,"芝浦",,47,46,93,17,,,,61,,,,,,
2005092012,"芝浦",,75,45,120,11,,,,44,,,,,,
2005092013,"芝浦",,51,48,99,12,,,,49,,,,,,
2005092014,"芝浦",,29,48,77,17,,,,46,,,,,,
2005092015,"芝浦",,39,52,91,11,,,,44,,,,,,
2005092016,"芝浦",,34,48,82,14,,,,56,,,,,,
2005092017,"芝浦",,34,48,82,11,,,,55,,,,,,
2005092018,"芝浦",,30,49,79,11,,,,47,,,,,,
2005092019,"芝浦",,17,44,61,12,,,,72,,,,,,
2005092020,"芝浦",,21,36,57,14,,,,70,,,,,,
2005092021,"芝浦",,13,34,47,13,,,,48,,,,,,
2005092022,"芝浦",,9,35,44,10,,,,49,,,,,,
2005092023,"芝浦",,6,32,38,14,,,,61,,,,,,
2005092024,"芝浦",,13,33,46,13,,,,68,,,,,,
2005092101,"芝浦",,15,35,50,12,,,,75,,,,,,
2005092102,"芝浦",,8,35,43,6,,,,82,,,,,,
2005092103,"芝浦",,8,35,43,5,,,,77,,,,,,
2005092104,"芝浦",,14,36,50,4,,,,79,,,,,,
2005092105,"芝浦",,19,38,57,3,,,,74,,,,,,
2005092106,"芝浦",,19,35,54,2,,,,86,,,,,,
2005092107,"芝浦",,30,34,64,3,,,,82,,,,,,
2005092108,"芝浦",,53,39,92,4,,,,95,,,,,,
2005092109,"芝浦",,79,46,125,4,,,,86,,,,,,
2005092110,"芝浦",,73,47,120,10,,,,63,,,,,,
2005092111,"芝浦",,63,46,109,13,,,,56,,,,,,
2005092112,"芝浦",,63,48,111,15,,,,59,,,,,,
2005092113,"芝浦",,47,46,93,21,,,,48,,,,,,
2005092114,"芝浦",,58,43,101,21,,,,54,,,,,,
2005092115,"芝浦",,9998,9998,9998,9998,,,,51,,,,,,
2005092116,"芝浦",,9998,9998,9998,9,,,,49,,,,,,
2005092117,"芝浦",,43,41,84,12,,,,42,,,,,,
2005092118,"芝浦",,47,38,85,11,,,,42,,,,,,
2005092119,"芝浦",,46,37,83,9,,,,47,,,,,,
2005092120,"芝浦",,30,32,62,13,,,,33,,,,,,
2005092121,"芝浦",,16,25,41,16,,,,46,,,,,,
2005092122,"芝浦",,22,30,52,12,,,,35,,,,,,
2005092123,"芝浦",,21,28,49,13,,,,33,,,,,,
2005092124,"芝浦",,10,24,34,15,,,,30,,,,,,
2005092201,"芝浦",,16,26,42,13,,,,32,,,,,,
2005092202,"芝浦",,11,24,35,15,,,,34,,,,,,
2005092203,"芝浦",,13,24,37,17,,,,30,,,,,,
2005092204,"芝浦",,9,25,34,6,,,,34,,,,,,
2005092205,"芝浦",,9,25,34,5,,,,35,,,,,,
2005092206,"芝浦",,13,28,41,4,,,,33,,,,,,
2005092207,"芝浦",,21,30,51,5,,,,28,,,,,,
2005092208,"芝浦",,35,33,68,5,,,,33,,,,,,
2005092209,"芝浦",,45,35,80,7,,,,36,,,,,,
2005092210,"芝浦",,66,41,107,6,,,,38,,,,,,
2005092211,"芝浦",,106,48,154,3,,,,48,,,,,,
2005092212,"芝浦",,51,43,94,3,,,,53,,,,,,
2005092213,"芝浦",,48,43,91,4,,,,52,,,,,,
2005092214,"芝浦",,72,48,120,3,,,,43,,,,,,
2005092215,"芝浦",,51,48,99,3,,,,52,,,,,,
2005092216,"芝浦",,52,48,100,3,,,,52,,,,,,
2005092217,"芝浦",,46,50,96,2,,,,52,,,,,,
2005092218,"芝浦",,43,48,91,2,,,,55,,,,,,
2005092219,"芝浦",,45,47,92,2,,,,58,,,,,,
2005092220,"芝浦",,50,47,97,2,,,,75,,,,,,
2005092221,"芝浦",,33,42,75,2,,,,60,,,,,,
2005092222,"芝浦",,32,39,71,2,,,,53,,,,,,
2005092223,"芝浦",,42,39,81,2,,,,51,,,,,,
2005092224,"芝浦",,41,33,74,2,,,,61,,,,,,
2005092301,"芝浦",,46,32,78,3,,,,63,,,,,,
2005092302,"芝浦",,36,31,67,3,,,,72,,,,,,
2005092303,"芝浦",,20,29,49,3,,,,58,,,,,,
2005092304,"芝浦",,11,26,37,3,,,,43,,,,,,
2005092305,"芝浦",,10,26,36,4,,,,46,,,,,,
2005092306,"芝浦",,17,27,44,3,,,,54,,,,,,
2005092307,"芝浦",,23,27,50,4,,,,49,,,,,,
2005092308,"芝浦",,19,26,45,8,,,,49,,,,,,
2005092309,"芝浦",,14,27,41,14,,,,51,,,,,,
2005092310,"芝浦",,84,50,134,7,,,,51,,,,,,
2005092311,"芝浦",,17,39,56,20,,,,49,,,,,,
2005092312,"芝浦",,5,29,34,39,,,,52,,,,,,
2005092313,"芝浦",,10,37,47,44,,,,61,,,,,,
2005092314,"芝浦",,11,42,53,51,,,,62,,,,,,
2005092315,"芝浦",,16,53,69,47,,,,68,,,,,,
2005092316,"芝浦",,10,57,67,50,,,,54,,,,,,
2005092317,"芝浦",,25,60,85,44,,,,60,,,,,,
2005092318,"芝浦",,16,54,70,38,,,,63,,,,,,
2005092319,"芝浦",,31,56,87,27,,,,78,,,,,,
2005092320,"芝浦",,37,50,87,12,,,,75,,,,,,
2005092321,"芝浦",,15,39,54,18,,,,75,,,,,,
2005092322,"芝浦",,8,32,40,18,,,,48,,,,,,
2005092323,"芝浦",,32,39,71,8,,,,54,,,,,,
2005092324,"芝浦",,29,33,62,9,,,,44,,,,,,
2005092401,"芝浦",,4,25,29,14,,,,34,,,,,,
2005092402,"芝浦",,13,24,37,14,,,,39,,,,,,
2005092403,"芝浦",,15,20,35,18,,,,50,,,,,,
2005092404,"芝浦",,17,22,39,18,,,,44,,,,,,
2005092405,"芝浦",,15,23,38,17,,,,32,,,,,,
2005092406,"芝浦",,12,25,37,13,,,,37,,,,,,
2005092407,"芝浦",,13,29,42,9,,,,37,,,,,,
2005092408,"芝浦",,29,31,60,11,,,,29,,,,,,
2005092409,"芝浦",,27,29,56,10,,,,24,,,,,,
2005092410,"芝浦",,34,29,63,11,,,,19,,,,,,
2005092411,"芝浦",,35,29,64,12,,,,27,,,,,,
2005092412,"芝浦",,42,31,73,12,,,,23,,,,,,
2005092413,"芝浦",,32,31,63,13,,,,28,,,,,,
2005092414,"芝浦",,19,28,47,16,,,,21,,,,,,
2005092415,"芝浦",,18,27,45,16,,,,26,,,,,,
2005092416,"芝浦",,19,26,45,16,,,,14,,,,,,
2005092417,"芝浦",,19,26,45,15,,,,20,,,,,,
2005092418,"芝浦",,11,22,33,17,,,,19,,,,,,
2005092419,"芝浦",,12,22,34,16,,,,21,,,,,,
2005092420,"芝浦",,9,20,29,16,,,,9,,,,,,
2005092421,"芝浦",,8,17,25,19,,,,15,,,,,,
2005092422,"芝浦",,4,14,18,23,,,,13,,,,,,
2005092423,"芝浦",,10,15,25,22,,,,7,,,,,,
2005092424,"芝浦",,6,16,22,15,,,,5,,,,,,
2005092501,"芝浦",,4,15,19,14,,,,9,,,,,,
2005092502,"芝浦",,4,15,19,12,,,,19,,,,,,
2005092503,"芝浦",,4,15,19,12,,,,19,,,,,,
2005092504,"芝浦",,3,12,15,16,,,,16,,,,,,
2005092505,"芝浦",,2,10,12,19,,,,16,,,,,,
2005092506,"芝浦",,2,10,12,20,,,,15,,,,,,
2005092507,"芝浦",,3,10,13,23,,,,10,,,,,,
2005092508,"芝浦",,4,12,16,22,,,,9,,,,,,
2005092509,"芝浦",,4,12,16,23,,,,17,,,,,,
2005092510,"芝浦",,5,11,16,26,,,,14,,,,,,
2005092511,"芝浦",,5,9,14,28,,,,11,,,,,,
2005092512,"芝浦",,5,9,14,30,,,,10,,,,,,
2005092513,"芝浦",,6,11,17,29,,,,9,,,,,,
2005092514,"芝浦",,5,10,15,31,,,,13,,,,,,
2005092515,"芝浦",,4,9,13,35,,,,8,,,,,,
2005092516,"芝浦",,4,10,14,36,,,,14,,,,,,
2005092517,"芝浦",,4,11,15,36,,,,10,,,,,,
2005092518,"芝浦",,5,14,19,33,,,,16,,,,,,
2005092519,"芝浦",,4,14,18,34,,,,11,,,,,,
2005092520,"芝浦",,5,15,20,32,,,,5,,,,,,
2005092521,"芝浦",,3,14,17,34,,,,22,,,,,,
2005092522,"芝浦",,2,12,14,34,,,,23,,,,,,
2005092523,"芝浦",,3,13,16,33,,,,12,,,,,,
2005092524,"芝浦",,8,17,25,29,,,,17,,,,,,
2005092601,"芝浦",,9999,9999,9999,9995,,,,10,,,,,,
2005092602,"芝浦",,3,15,18,31,,,,11,,,,,,
2005092603,"芝浦",,3,17,20,29,,,,16,,,,,,
2005092604,"芝浦",,3,19,22,26,,,,16,,,,,,
2005092605,"芝浦",,3,24,27,19,,,,14,,,,,,
2005092606,"芝浦",,5,30,35,12,,,,10,,,,,,
2005092607,"芝浦",,20,35,55,8,,,,16,,,,,,
2005092608,"芝浦",,47,37,84,12,,,,24,,,,,,
2005092609,"芝浦",,77,40,117,11,,,,15,,,,,,
2005092610,"芝浦",,105,45,150,10,,,,20,,,,,,
2005092611,"芝浦",,105,53,158,7,,,,24,,,,,,
2005092612,"芝浦",,79,52,131,11,,,,31,,,,,,
2005092613,"芝浦",,50,48,98,17,,,,22,,,,,,
2005092614,"芝浦",,9998,9998,9998,9998,,,,33,,,,,,
2005092615,"芝浦",,9998,9998,9998,19,,,,36,,,,,,
2005092616,"芝浦",,31,46,77,19,,,,19,,,,,,
2005092617,"芝浦",,23,39,62,18,,,,26,,,,,,
2005092618,"芝浦",,29,39,68,10,,,,30,,,,,,
2005092619,"芝浦",,56,42,98,6,,,,33,,,,,,
2005092620,"芝浦",,43,37,80,9,,,,28,,,,,,
2005092621,"芝浦",,39,35,74,10,,,,34,,,,,,
2005092622,"芝浦",,28,32,60,11,,,,28,,,,,,
2005092623,"芝浦",,28,33,61,10,,,,27,,,,,,
2005092624,"芝浦",,25,28,53,14,,,,16,,,,,,
2005092701,"芝浦",,42,34,76,10,,,,25,,,,,,
2005092702,"芝浦",,28,26,54,15,,,,22,,,,,,
2005092703,"芝浦",,10,17,27,24,,,,28,,,,,,
2005092704,"芝浦",,19,23,42,18,,,,22,,,,,,
2005092705,"芝浦",,10,19,29,22,,,,26,,,,,,
2005092706,"芝浦",,22,24,46,15,,,,31,,,,,,
2005092707,"芝浦",,35,28,63,11,,,,29,,,,,,
2005092708,"芝浦",,32,29,61,10,,,,28,,,,,,
2005092709,"芝浦",,69,36,105,7,,,,26,,,,,,
2005092710,"芝浦",,34,30,64,11,,,,22,,,,,,
2005092711,"芝浦",,75,37,112,8,,,,25,,,,,,
2005092712,"芝浦",,93,42,135,7,,,,25,,,,,,
2005092713,"芝浦",,42,32,74,15,,,,19,,,,,,
2005092714,"芝浦",,56,43,99,8,,,,28,,,,,,
2005092715,"芝浦",,78,46,124,6,,,,35,,,,,,
2005092716,"芝浦",,48,44,92,9,,,,37,,,,,,
2005092717,"芝浦",,67,47,114,7,,,,34,,,,,,
2005092718,"芝浦",,55,42,97,10,,,,30,,,,,,
2005092719,"芝浦",,49,40,89,10,,,,34,,,,,,
2005092720,"芝浦",,36,36,72,11,,,,28,,,,,,
2005092721,"芝浦",,17,27,44,19,,,,31,,,,,,
2005092722,"芝浦",,35,33,68,12,,,,38,,,,,,
2005092723,"芝浦",,28,34,62,12,,,,27,,,,,,
2005092724,"芝浦",,8,20,28,25,,,,16,,,,,,
2005092801,"芝浦",,18,23,41,22,,,,15,,,,,,
2005092802,"芝浦",,3,22,25,21,,,,20,,,,,,
2005092803,"芝浦",,6,25,31,15,,,,23,,,,,,
2005092804,"芝浦",,6,22,28,19,,,,16,,,,,,
2005092805,"芝浦",,10,24,34,19,,,,23,,,,,,
2005092806,"芝浦",,15,28,43,14,,,,21,,,,,,
2005092807,"芝浦",,13,32,45,10,,,,12,,,,,,
2005092808,"芝浦",,27,35,62,10,,,,27,,,,,,
2005092809,"芝浦",,35,36,71,10,,,,22,,,,,,
2005092810,"芝浦",,39,36,75,9,,,,24,,,,,,
2005092811,"芝浦",,40,35,75,11,,,,23,,,,,,
2005092812,"芝浦",,63,38,101,13,,,,15,,,,,,
2005092813,"芝浦",,50,39,89,14,,,,30,,,,,,
2005092814,"芝浦",,52,37,89,18,,,,30,,,,,,
2005092815,"芝浦",,59,41,100,16,,,,34,,,,,,
2005092816,"芝浦",,63,46,109,14,,,,27,,,,,,
2005092817,"芝浦",,69,47,116,12,,,,28,,,,,,
2005092818,"芝浦",,43,40,83,15,,,,23,,,,,,
2005092819,"芝浦",,38,35,73,15,,,,23,,,,,,
2005092820,"芝浦",,24,31,55,16,,,,22,,,,,,
2005092821,"芝浦",,18,28,46,18,,,,22,,,,,,
2005092822,"芝浦",,24,31,55,14,,,,24,,,,,,
2005092823,"芝浦",,12,26,38,18,,,,20,,,,,,
2005092824,"芝浦",,15,29,44,14,,,,12,,,,,,
2005092901,"芝浦",,11,30,41,12,,,,18,,,,,,
2005092902,"芝浦",,8,30,38,11,,,,20,,,,,,
2005092903,"芝浦",,6,29,35,11,,,,17,,,,,,
2005092904,"芝浦",,5,25,30,14,,,,21,,,,,,
2005092905,"芝浦",,7,29,36,8,,,,25,,,,,,
2005092906,"芝浦",,13,32,45,4,,,,28,,,,,,
2005092907,"芝浦",,20,31,51,6,,,,24,,,,,,
2005092908,"芝浦",,36,34,70,7,,,,22,,,,,,
2005092909,"芝浦",,50,36,86,10,,,,17,,,,,,
2005092910,"芝浦",,66,38,104,13,,,,14,,,,,,
2005092911,"芝浦",,60,38,98,14,,,,21,,,,,,
2005092912,"芝浦",,60,36,96,19,,,,19,,,,,,
2005092913,"芝浦",,53,40,93,18,,,,27,,,,,,
2005092914,"芝浦",,58,41,99,19,,,,24,,,,,,
2005092915,"芝浦",,55,40,95,18,,,,25,,,,,,
2005092916,"芝浦",,63,42,105,14,,,,26,,,,,,
2005092917,"芝浦",,56,44,100,12,,,,24,,,,,,
2005092918,"芝浦",,40,36,76,18,,,,25,,,,,,
2005092919,"芝浦",,49,39,88,13,,,,21,,,,,,
2005092920,"芝浦",,29,32,61,15,,,,24,,,,,,
2005092921,"芝浦",,8,22,30,22,,,,31,,,,,,
2005092922,"芝浦",,7,25,32,19,,,,24,,,,,,
2005092923,"芝浦",,8,29,37,13,,,,31,,,,,,
2005092924,"芝浦",,7,24,31,16,,,,21,,,,,,
2005093001,"芝浦",,8,31,39,8,,,,33,,,,,,
2005093002,"芝浦",,6,29,35,9,,,,25,,,,,,
2005093003,"芝浦",,5,28,33,9,,,,27,,,,,,
2005093004,"芝浦",,9,33,42,5,,,,20,,,,,,
2005093005,"芝浦",,14,34,48,4,,,,25,,,,,,
2005093006,"芝浦",,20,35,55,3,,,,19,,,,,,
2005093007,"芝浦",,34,35,69,5,,,,26,,,,,,
2005093008,"芝浦",,37,37,74,7,,,,19,,,,,,
2005093009,"芝浦",,84,44,128,6,,,,12,,,,,,
2005093010,"芝浦",,80,45,125,9,,,,9,,,,,,
2005093011,"芝浦",,80,46,126,10,,,,22,,,,,,
2005093012,"芝浦",,81,56,137,10,,,,32,,,,,,
2005093013,"芝浦",,88,63,151,8,,,,35,,,,,,
2005093014,"芝浦",,71,61,132,11,,,,30,,,,,,
2005093015,"芝浦",,48,56,104,16,,,,37,,,,,,
2005093016,"芝浦",,43,53,96,16,,,,33,,,,,,
2005093017,"芝浦",,20,40,60,19,,,,25,,,,,,
2005093018,"芝浦",,14,33,47,21,,,,27,,,,,,
2005093019,"芝浦",,28,38,66,12,,,,31,,,,,,
2005093020,"芝浦",,20,34,54,17,,,,24,,,,,,
2005093021,"芝浦",,9,28,37,19,,,,23,,,,,,
2005093022,"芝浦",,28,37,65,9,,,,22,,,,,,
2005093023,"芝浦",,42,41,83,4,,,,31,,,,,,
2005093024,"芝浦",,33,40,73,5,,,,31,,,,,,
2005080101,"芝浦",,9999,9999,9999,9995,,,,33,,,,,,
2005080102,"芝浦",,7,25,32,12,,,,23,,,,,,
2005080103,"芝浦",,30,30,60,8,,,,39,,,,,,
2005080104,"芝浦",,40,32,72,7,,,,48,,,,,,
2005080105,"芝浦",,39,31,70,8,,,,53,,,,,,
2005080106,"芝浦",,18,23,41,14,,,,33,,,,,,
2005080107,"芝浦",,27,28,55,10,,,,37,,,,,,
2005080108,"芝浦",,35,28,63,13,,,,25,,,,,,
2005080109,"芝浦",,88,41,129,8,,,,62,,,,,,
2005080110,"芝浦",,72,48,120,11,,,,73,,,,,,
2005080111,"芝浦",,59,50,109,15,,,,40,,,,,,
2005080112,"芝浦",,55,49,104,14,,,,57,,,,,,
2005080113,"芝浦",,49,45,94,17,,,,56,,,,,,
2005080114,"芝浦",,9998,9998,9998,9998,,,,9998,,,,,,
2005080115,"芝浦",,9998,9998,9998,9998,,,,9998,,,,,,
2005080116,"芝浦",,67,41,108,7,,,,45,,,,,,
2005080117,"芝浦",,58,35,93,6,,,,55,,,,,,
2005080118,"芝浦",,54,28,82,5,,,,49,,,,,,
2005080119,"芝浦",,63,31,94,4,,,,52,,,,,,
2005080120,"芝浦",,69,29,98,4,,,,49,,,,,,
2005080121,"芝浦",,57,25,82,5,,,,47,,,,,,
2005080122,"芝浦",,72,21,93,5,,,,52,,,,,,
2005080123,"芝浦",,72,18,90,4,,,,41,,,,,,
2005080124,"芝浦",,70,18,88,4,,,,47,,,,,,
2005080201,"芝浦",,31,15,46,4,,,,28,,,,,,
2005080202,"芝浦",,25,17,42,3,,,,32,,,,,,
2005080203,"芝浦",,40,19,59,3,,,,42,,,,,,
2005080204,"芝浦",,58,20,78,3,,,,43,,,,,,
2005080205,"芝浦",,71,23,94,3,,,,42,,,,,,
2005080206,"芝浦",,61,30,91,4,,,,49,,,,,,
2005080207,"芝浦",,53,34,87,4,,,,35,,,,,,
2005080208,"芝浦",,72,51,123,6,,,,34,,,,,,
2005080209,"芝浦",,108,47,155,5,,,,49,,,,,,
2005080210,"芝浦",,69,42,111,6,,,,47,,,,,,
2005080211,"芝浦",,56,44,100,10,,,,38,,,,,,
2005080212,"芝浦",,48,47,95,10,,,,35,,,,,,
2005080213,"芝浦",,63,46,109,7,,,,40,,,,,,
2005080214,"芝浦",,59,52,111,8,,,,79,,,,,,
2005080215,"芝浦",,42,48,90,13,,,,44,,,,,,
2005080216,"芝浦",,30,36,66,17,,,,41,,,,,,
2005080217,"芝浦",,69,49,118,7,,,,52,,,,,,
2005080218,"芝浦",,45,42,87,7,,,,53,,,,,,
2005080219,"芝浦",,52,42,94,5,,,,54,,,,,,
2005080220,"芝浦",,41,36,77,5,,,,50,,,,,,
2005080221,"芝浦",,43,32,75,4,,,,57,,,,,,
2005080222,"芝浦",,54,31,85,4,,,,54,,,,,,
2005080223,"芝浦",,28,28,56,4,,,,38,,,,,,
2005080224,"芝浦",,16,24,40,4,,,,43,,,,,,
2005080301,"芝浦",,40,27,67,4,,,,39,,,,,,
2005080302,"芝浦",,35,25,60,4,,,,39,,,,,,
2005080303,"芝浦",,22,24,46,4,,,,42,,,,,,
2005080304,"芝浦",,10,18,28,8,,,,33,,,,,,
2005080305,"芝浦",,9,21,30,6,,,,32,,,,,,
2005080306,"芝浦",,11,20,31,6,,,,42,,,,,,
2005080307,"芝浦",,13,17,30,9,,,,42,,,,,,
2005080308,"芝浦",,16,15,31,10,,,,46,,,,,,
2005080309,"芝浦",,32,19,51,8,,,,49,,,,,,
2005080310,"芝浦",,39,19,58,8,,,,66,,,,,,
2005080311,"芝浦",,102,41,143,6,,,,71,,,,,,
2005080312,"芝浦",,63,42,105,9,,,,60,,,,,,
2005080313,"芝浦",,57,43,100,10,,,,60,,,,,,
2005080314,"芝浦",,55,42,97,9,,,,61,,,,,,
2005080315,"芝浦",,64,40,104,6,,,,67,,,,,,
2005080316,"芝浦",,94,37,131,4,,,,56,,,,,,
2005080317,"芝浦",,106,34,140,3,,,,63,,,,,,
2005080318,"芝浦",,118,30,148,3,,,,59,,,,,,
2005080319,"芝浦",,121,27,148,3,,,,59,,,,,,
2005080320,"芝浦",,93,24,117,4,,,,53,,,,,,
2005080321,"芝浦",,50,19,69,5,,,,48,,,,,,
2005080322,"芝浦",,49,17,66,4,,,,41,,,,,,
2005080323,"芝浦",,64,18,82,4,,,,42,,,,,,
2005080324,"芝浦",,71,16,87,4,,,,47,,,,,,
2005080401,"芝浦",,81,17,98,4,,,,43,,,,,,
2005080402,"芝浦",,79,16,95,4,,,,48,,,,,,
2005080403,"芝浦",,98,17,115,4,,,,51,,,,,,
2005080404,"芝浦",,114,20,134,4,,,,45,,,,,,
2005080405,"芝浦",,170,26,196,4,,,,55,,,,,,
2005080406,"芝浦",,152,25,177,4,,,,63,,,,,,
2005080407,"芝浦",,82,20,102,4,,,,47,,,,,,
2005080408,"芝浦",,82,24,106,4,,,,40,,,,,,
2005080409,"芝浦",,77,31,108,4,,,,49,,,,,,
2005080410,"芝浦",,121,44,165,4,,,,67,,,,,,
2005080411,"芝浦",,136,60,196,6,,,,80,,,,,,
2005080412,"芝浦",,96,68,164,8,,,,67,,,,,,
2005080413,"芝浦",,43,78,121,17,,,,68,,,,,,
2005080414,"芝浦",,25,80,105,31,,,,66,,,,,,
2005080415,"芝浦",,27,80,107,30,,,,65,,,,,,
2005080416,"芝浦",,21,77,98,36,,,,70,,,,,,
2005080417,"芝浦",,4,66,70,85,,,,115,,,,,,
2005080418,"芝浦",,6,64,70,55,,,,91,,,,,,
2005080419,"芝浦",,9,76,85,48,,,,92,,,,,,
2005080420,"芝浦",,35,94,129,9,,,,98,,,,,,
2005080421,"芝浦",,29,90,119,10,,,,138,,,,,,
2005080422,"芝浦",,40,84,124,6,,,,137,,,,,,
2005080423,"芝浦",,38,81,119,6,,,,147,,,,,,
2005080424,"芝浦",,27,77,104,7,,,,119,,,,,,
2005080501,"芝浦",,18,64,82,17,,,,130,,,,,,
2005080502,"芝浦",,62,65,127,5,,,,115,,,,,,
2005080503,"芝浦",,36,53,89,5,,,,137,,,,,,
2005080504,"芝浦",,41,50,91,6,,,,130,,,,,,
2005080505,"芝浦",,74,57,131,5,,,,108,,,,,,
2005080506,"芝浦",,156,57,213,6,,,,125,,,,,,
2005080507,"芝浦",,132,51,183,5,,,,97,,,,,,
2005080508,"芝浦",,81,53,134,6,,,,98,,,,,,
2005080509,"芝浦",,115,64,179,7,,,,122,,,,,,
2005080510,"芝浦",,97,81,178,9,,,,112,,,,,,
2005080511,"芝浦",,58,87,145,13,,,,112,,,,,,
2005080512,"芝浦",,43,95,138,22,,,,115,,,,,,
2005080513,"芝浦",,25,90,115,42,,,,80,,,,,,
2005080514,"芝浦",,21,73,94,42,,,,65,,,,,,
2005080515,"芝浦",,26,76,102,30,,,,72,,,,,,
2005080516,"芝浦",,15,100,115,55,,,,89,,,,,,
2005080517,"芝浦",,12,87,99,52,,,,83,,,,,,
2005080518,"芝浦",,21,77,98,26,,,,79,,,,,,
2005080519,"芝浦",,24,59,83,18,,,,72,,,,,,
2005080520,"芝浦",,7,36,43,16,,,,68,,,,,,
2005080521,"芝浦",,10,33,43,5,,,,59,,,,,,
2005080522,"芝浦",,10,29,39,5,,,,58,,,,,,
2005080523,"芝浦",,3,24,27,16,,,,56,,,,,,
2005080524,"芝浦",,13,30,43,18,,,,60,,,,,,
2005080601,"芝浦",,77,49,126,4,,,,90,,,,,,
2005080602,"芝浦",,82,44,126,3,,,,81,,,,,,
2005080603,"芝浦",,85,44,129,3,,,,78,,,,,,
2005080604,"芝浦",,29,38,67,7,,,,69,,,,,,
2005080605,"芝浦",,2,30,32,12,,,,67,,,,,,
2005080606,"芝浦",,2,22,24,18,,,,69,,,,,,
2005080607,"芝浦",,29,30,59,11,,,,86,,,,,,
2005080608,"芝浦",,91,47,138,5,,,,113,,,,,,
2005080609,"芝浦",,122,74,196,6,,,,127,,,,,,
2005080610,"芝浦",,44,78,122,18,,,,129,,,,,,
2005080611,"芝浦",,32,53,85,19,,,,50,,,,,,
2005080612,"芝浦",,39,47,86,13,,,,58,,,,,,
2005080613,"芝浦",,27,51,78,27,,,,81,,,,,,
2005080614,"芝浦",,10,56,66,47,,,,83,,,,,,
2005080615,"芝浦",,14,56,70,33,,,,89,,,,,,
2005080616,"芝浦",,25,47,72,17,,,,82,,,,,,
2005080617,"芝浦",,14,30,44,20,,,,79,,,,,,
2005080618,"芝浦",,7,19,26,15,,,,81,,,,,,
2005080619,"芝浦",,6,17,23,11,,,,66,,,,,,
2005080620,"芝浦",,25,28,53,4,,,,56,,,,,,
2005080621,"芝浦",,18,25,43,4,,,,43,,,,,,
2005080622,"芝浦",,8,21,29,6,,,,37,,,,,,
2005080623,"芝浦",,22,24,46,3,,,,60,,,,,,
2005080624,"芝浦",,17,24,41,4,,,,69,,,,,,
2005080701,"芝浦",,13,23,36,4,,,,59,,,,,,
2005080702,"芝浦",,13,22,35,4,,,,58,,,,,,
2005080703,"芝浦",,4,18,22,7,,,,56,,,,,,
2005080704,"芝浦",,4,14,18,9,,,,60,,,,,,
2005080705,"芝浦",,3,13,16,11,,,,59,,,,,,
2005080706,"芝浦",,4,13,17,10,,,,55,,,,,,
2005080707,"芝浦",,3,8,11,15,,,,56,,,,,,
2005080708,"芝浦",,5,11,16,17,,,,71,,,,,,
2005080709,"芝浦",,5,17,22,27,,,,94,,,,,,
2005080710,"芝浦",,6,23,29,42,,,,111,,,,,,
2005080711,"芝浦",,11,39,50,32,,,,79,,,,,,
2005080712,"芝浦",,6,37,43,51,,,,64,,,,,,
2005080713,"芝浦",,9,38,47,43,,,,57,,,,,,
2005080714,"芝浦",,9,28,37,33,,,,52,,,,,,
2005080715,"芝浦",,10,28,38,28,,,,42,,,,,,
2005080716,"芝浦",,15,32,47,21,,,,47,,,,,,
2005080717,"芝浦",,12,30,42,21,,,,47,,,,,,
2005080718,"芝浦",,8,28,36,19,,,,40,,,,,,
2005080719,"芝浦",,12,25,37,11,,,,39,,,,,,
2005080720,"芝浦",,32,28,60,3,,,,30,,,,,,
2005080721,"芝浦",,31,26,57,3,,,,42,,,,,,
2005080722,"芝浦",,20,22,42,4,,,,29,,,,,,
2005080723,"芝浦",,30,22,52,3,,,,34,,,,,,
2005080724,"芝浦",,8,24,32,16,,,,42,,,,,,
2005080801,"芝浦",,9999,9999,9999,9995,,,,40,,,,,,
2005080802,"芝浦",,2,19,21,27,,,,34,,,,,,
2005080803,"芝浦",,34,37,71,9,,,,54,,,,,,
2005080804,"芝浦",,41,42,83,2,,,,39,,,,,,
2005080805,"芝浦",,58,40,98,3,,,,60,,,,,,
2005080806,"芝浦",,64,35,99,3,,,,47,,,,,,
2005080807,"芝浦",,44,35,79,7,,,,54,,,,,,
2005080808,"芝浦",,67,34,101,5,,,,45,,,,,,
2005080809,"芝浦",,120,47,167,3,,,,50,,,,,,
2005080810,"芝浦",,126,55,181,4,,,,72,,,,,,
2005080811,"芝浦",,55,44,99,11,,,,42,,,,,,
2005080812,"芝浦",,52,48,100,11,,,,51,,,,,,
2005080813,"芝浦",,50,43,93,10,,,,32,,,,,,
2005080814,"芝浦",,39,48,87,13,,,,40,,,,,,
2005080815,"芝浦",,66,62,128,10,,,,55,,,,,,
2005080816,"芝浦",,44,63,107,11,,,,73,,,,,,
2005080817,"芝浦",,57,55,112,16,,,,33,,,,,,
2005080818,"芝浦",,28,56,84,13,,,,29,,,,,,
2005080819,"芝浦",,51,55,106,12,,,,28,,,,,,
2005080820,"芝浦",,24,40,64,15,,,,37,,,,,,
2005080821,"芝浦",,7,23,30,22,,,,51,,,,,,
2005080822,"芝浦",,13,29,42,10,,,,39,,,,,,
2005080823,"芝浦",,16,30,46,11,,,,45,,,,,,
2005080824,"芝浦",,11,22,33,16,,,,46,,,,,,
2005080901,"芝浦",,12,23,35,13,,,,53,,,,,,
2005080902,"芝浦",,9,22,31,11,,,,49,,,,,,
2005080903,"芝浦",,14,24,38,8,,,,58,,,,,,
2005080904,"芝浦",,31,26,57,8,,,,52,,,,,,
2005080905,"芝浦",,32,28,60,5,,,,57,,,,,,
2005080906,"芝浦",,27,27,54,4,,,,54,,,,,,
2005080907,"芝浦",,68,34,102,4,,,,53,,,,,,
2005080908,"芝浦",,81,39,120,5,,,,59,,,,,,
2005080909,"芝浦",,92,44,136,6,,,,62,,,,,,
2005080910,"芝浦",,83,53,136,6,,,,77,,,,,,
2005080911,"芝浦",,57,56,113,12,,,,66,,,,,,
2005080912,"芝浦",,41,60,101,19,,,,59,,,,,,
2005080913,"芝浦",,32,60,92,22,,,,62,,,,,,
2005080914,"芝浦",,19,52,71,39,,,,59,,,,,,
2005080915,"芝浦",,24,63,87,37,,,,90,,,,,,
2005080916,"芝浦",,22,68,90,31,,,,85,,,,,,
2005080917,"芝浦",,30,57,87,17,,,,60,,,,,,
2005080918,"芝浦",,25,55,80,16,,,,77,,,,,,
2005080919,"芝浦",,20,53,73,16,,,,74,,,,,,
2005080920,"芝浦",,29,51,80,10,,,,67,,,,,,
2005080921,"芝浦",,19,43,62,11,,,,65,,,,,,
2005080922,"芝浦",,35,45,80,5,,,,77,,,,,,
2005080923,"芝浦",,33,39,72,6,,,,62,,,,,,
2005080924,"芝浦",,50,38,88,4,,,,61,,,,,,
2005081001,"芝浦",,47,34,81,4,,,,67,,,,,,
2005081002,"芝浦",,48,30,78,4,,,,65,,,,,,
2005081003,"芝浦",,33,28,61,6,,,,48,,,,,,
2005081004,"芝浦",,6,21,27,12,,,,48,,,,,,
2005081005,"芝浦",,5,18,23,15,,,,47,,,,,,
2005081006,"芝浦",,13,24,37,8,,,,46,,,,,,
2005081007,"芝浦",,18,28,46,10,,,,45,,,,,,
2005081008,"芝浦",,19,31,50,17,,,,43,,,,,,
2005081009,"芝浦",,81,54,135,6,,,,78,,,,,,
2005081010,"芝浦",,87,56,143,6,,,,59,,,,,,
2005081011,"芝浦",,41,41,82,21,,,,48,,,,,,
2005081012,"芝浦",,55,51,106,11,,,,70,,,,,,
2005081013,"芝浦",,87,72,159,7,,,,75,,,,,,
2005081014,"芝浦",,60,80,140,10,,,,84,,,,,,
2005081015,"芝浦",,41,87,128,18,,,,95,,,,,,
2005081016,"芝浦",,18,60,78,40,,,,86,,,,,,
2005081017,"芝浦",,12,49,61,38,,,,49,,,,,,
2005081018,"芝浦",,9,52,61,49,,,,65,,,,,,
2005081019,"芝浦",,18,61,79,22,,,,64,,,,,,
2005081020,"芝浦",,56,57,113,10,,,,53,,,,,,
2005081021,"芝浦",,23,49,72,9,,,,47,,,,,,
2005081022,"芝浦",,52,47,99,5,,,,55,,,,,,
2005081023,"芝浦",,15,30,45,9,,,,68,,,,,,
2005081024,"芝浦",,19,31,50,7,,,,45,,,,,,
2005081101,"芝浦",,10,25,35,12,,,,41,,,,,,
2005081102,"芝浦",,12,26,38,11,,,,42,,,,,,
2005081103,"芝浦",,12,25,37,11,,,,35,,,,,,
2005081104,"芝浦",,24,26,50,8,,,,45,,,,,,
2005081105,"芝浦",,15,24,39,7,,,,41,,,,,,
2005081106,"芝浦",,19,22,41,11,,,,45,,,,,,
2005081107,"芝浦",,29,31,60,7,,,,37,,,,,,
2005081108,"芝浦",,55,39,94,5,,,,37,,,,,,
2005081109,"芝浦",,75,41,116,4,,,,36,,,,,,
2005081110,"芝浦",,73,44,117,6,,,,37,,,,,,
2005081111,"芝浦",,80,53,133,5,,,,46,,,,,,
2005081112,"芝浦",,66,59,125,8,,,,58,,,,,,
2005081113,"芝浦",,35,59,94,19,,,,40,,,,,,
2005081114,"芝浦",,9998,9998,9998,21,,,,51,,,,,,
2005081115,"芝浦",,9998,9998,9998,9998,,,,48,,,,,,
2005081116,"芝浦",,32,63,95,23,,,,52,,,,,,
2005081117,"芝浦",,37,62,99,20,,,,44,,,,,,
2005081118,"芝浦",,24,49,73,23,,,,69,,,,,,
2005081119,"芝浦",,10,47,57,44,,,,52,,,,,,
2005081120,"芝浦",,3,25,28,55,,,,51,,,,,,
2005081121,"芝浦",,3,21,24,59,,,,59,,,,,,
2005081122,"芝浦",,26,64,90,9,,,,100,,,,,,
2005081123,"芝浦",,34,58,92,7,,,,89,,,,,,
2005081124,"芝浦",,47,53,100,6,,,,65,,,,,,
2005081201,"芝浦",,38,43,81,7,,,,52,,,,,,
2005081202,"芝浦",,25,32,57,8,,,,64,,,,,,
2005081203,"芝浦",,22,29,51,7,,,,56,,,,,,
2005081204,"芝浦",,3,20,23,26,,,,42,,,,,,
2005081205,"芝浦",,9,18,27,25,,,,31,,,,,,
2005081206,"芝浦",,16,31,47,7,,,,46,,,,,,
2005081207,"芝浦",,22,29,51,9,,,,43,,,,,,
2005081208,"芝浦",,52,33,85,11,,,,45,,,,,,
2005081209,"芝浦",,89,39,128,6,,,,49,,,,,,
2005081210,"芝浦",,87,44,131,6,,,,64,,,,,,
2005081211,"芝浦",,84,50,134,7,,,,41,,,,,,
2005081212,"芝浦",,62,49,111,8,,,,69,,,,,,
2005081213,"芝浦",,62,51,113,8,,,,89,,,,,,
2005081214,"芝浦",,56,57,113,8,,,,90,,,,,,
2005081215,"芝浦",,41,61,102,12,,,,106,,,,,,
2005081216,"芝浦",,47,63,110,12,,,,109,,,,,,
2005081217,"芝浦",,34,58,92,13,,,,107,,,,,,
2005081218,"芝浦",,24,49,73,14,,,,91,,,,,,
2005081219,"芝浦",,15,40,55,17,,,,84,,,,,,
2005081220,"芝浦",,18,36,54,16,,,,81,,,,,,
2005081221,"芝浦",,26,39,65,13,,,,82,,,,,,
2005081222,"芝浦",,24,35,59,14,,,,88,,,,,,
2005081223,"芝浦",,15,32,47,19,,,,65,,,,,,
2005081224,"芝浦",,2,14,16,34,,,,22,,,,,,
2005081301,"芝浦",,2,15,17,27,,,,26,,,,,,
2005081302,"芝浦",,2,15,17,21,,,,18,,,,,,
2005081303,"芝浦",,2,11,13,30,,,,23,,,,,,
2005081304,"芝浦",,2,12,14,28,,,,22,,,,,,
2005081305,"芝浦",,3,11,14,28,,,,31,,,,,,
2005081306,"芝浦",,3,14,17,25,,,,46,,,,,,
2005081307,"芝浦",,4,14,18,26,,,,36,,,,,,
2005081308,"芝浦",,7,17,24,23,,,,37,,,,,,
2005081309,"芝浦",,11,18,29,21,,,,34,,,,,,
2005081310,"芝浦",,11,19,30,21,,,,41,,,,,,
2005081311,"芝浦",,14,18,32,26,,,,34,,,,,,
2005081312,"芝浦",,19,21,40,29,,,,58,,,,,,
2005081313,"芝浦",,8,18,26,43,,,,29,,,,,,
2005081314,"芝浦",,4,13,17,53,,,,41,,,,,,
2005081315,"芝浦",,6,17,23,51,,,,38,,,,,,
2005081316,"芝浦",,7,19,26,48,,,,39,,,,,,
2005081317,"芝浦",,29,34,63,31,,,,47,,,,,,
2005081318,"芝浦",,16,28,44,23,,,,37,,,,,,
2005081319,"芝浦",,15,27,42,16,,,,30,,,,,,
2005081320,"芝浦",,34,27,61,11,,,,31,,,,,,
2005081321,"芝浦",,19,23,42,15,,,,24,,,,,,
2005081322,"芝浦",,21,25,46,12,,,,32,,,,,,
2005081323,"芝浦",,27,24,51,11,,,,43,,,,,,
2005081324,"芝浦",,6,23,29,8,,,,31,,,,,,
2005081401,"芝浦",,3,17,20,13,,,,31,,,,,,
2005081402,"芝浦",,3,15,18,14,,,,27,,,,,,
2005081403,"芝浦",,3,15,18,13,,,,26,,,,,,
2005081404,"芝浦",,16,20,36,9,,,,25,,,,,,
2005081405,"芝浦",,22,22,44,6,,,,26,,,,,,
2005081406,"芝浦",,15,19,34,8,,,,27,,,,,,
2005081407,"芝浦",,30,21,51,9,,,,28,,,,,,
2005081408,"芝浦",,36,26,62,10,,,,42,,,,,,
2005081409,"芝浦",,30,29,59,14,,,,49,,,,,,
2005081410,"芝浦",,19,29,48,23,,,,39,,,,,,
2005081411,"芝浦",,17,39,56,31,,,,37,,,,,,
2005081412,"芝浦",,4,39,43,102,,,,51,,,,,,
2005081413,"芝浦",,6,33,39,79,,,,36,,,,,,
2005081414,"芝浦",,7,45,52,65,,,,55,,,,,,
2005081415,"芝浦",,4,29,33,85,,,,51,,,,,,
2005081416,"芝浦",,2,9,11,72,,,,38,,,,,,
2005081417,"芝浦",,2,11,13,66,,,,42,,,,,,
2005081418,"芝浦",,4,24,28,56,,,,35,,,,,,
2005081419,"芝浦",,2,24,26,55,,,,59,,,,,,
2005081420,"芝浦",,2,19,21,55,,,,74,,,,,,
2005081421,"芝浦",,2,23,25,46,,,,73,,,,,,
2005081422,"芝浦",,4,27,31,35,,,,76,,,,,,
2005081423,"芝浦",,7,34,41,25,,,,84,,,,,,
2005081424,"芝浦",,2,16,18,43,,,,62,,,,,,
2005081501,"芝浦",,9999,9999,9999,9995,,,,53,,,,,,
2005081502,"芝浦",,1,7,8,57,,,,68,,,,,,
2005081503,"芝浦",,1,5,6,57,,,,55,,,,,,
2005081504,"芝浦",,1,7,8,55,,,,65,,,,,,
2005081505,"芝浦",,2,13,15,44,,,,69,,,,,,
2005081506,"芝浦",,1,9,10,46,,,,52,,,,,,
2005081507,"芝浦",,2,16,18,31,,,,52,,,,,,
2005081508,"芝浦",,8,23,31,26,,,,84,,,,,,
2005081509,"芝浦",,61,46,107,18,,,,104,,,,,,
2005081510,"芝浦",,14,40,54,34,,,,95,,,,,,
2005081511,"芝浦",,25,57,82,31,,,,73,,,,,,
2005081512,"芝浦",,9,64,73,62,,,,77,,,,,,
2005081513,"芝浦",,7,60,67,79,,,,127,,,,,,
2005081514,"芝浦",,4,53,57,98,,,,77,,,,,,
2005081515,"芝浦",,9998,9998,9998,9998,,,,67,,,,,,
2005081516,"芝浦",,9998,9998,9998,56,,,,82,,,,,,
2005081517,"芝浦",,14,63,77,36,,,,77,,,,,,
2005081518,"芝浦",,12,60,72,46,,,,55,,,,,,
2005081519,"芝浦",,8,43,51,46,,,,50,,,,,,
2005081520,"芝浦",,53,64,117,14,,,,66,,,,,,
2005081521,"芝浦",,4,24,28,38,,,,76,,,,,,
2005081522,"芝浦",,2,16,18,40,,,,52,,,,,,
2005081523,"芝浦",,4,25,29,31,,,,48,,,,,,
2005081524,"芝浦",,3,22,25,26,,,,31,,,,,,
2005081601,"芝浦",,4,17,21,26,,,,18,,,,,,
2005081602,"芝浦",,3,12,15,31,,,,24,,,,,,
2005081603,"芝浦",,3,12,15,26,,,,28,,,,,,
2005081604,"芝浦",,3,12,15,24,,,,33,,,,,,
2005081605,"芝浦",,4,14,18,22,,,,37,,,,,,
2005081606,"芝浦",,4,18,22,17,,,,31,,,,,,
2005081607,"芝浦",,11,21,32,15,,,,33,,,,,,
2005081608,"芝浦",,7,20,27,16,,,,26,,,,,,
2005081609,"芝浦",,15,22,37,17,,,,23,,,,,,
2005081610,"芝浦",,34,28,62,14,,,,29,,,,,,
2005081611,"芝浦",,20,25,45,19,,,,31,,,,,,
2005081612,"芝浦",,29,34,63,10,,,,36,,,,,,
2005081613,"芝浦",,49,40,89,7,,,,35,,,,,,
2005081614,"芝浦",,31,33,64,14,,,,38,,,,,,
2005081615,"芝浦",,25,29,54,21,,,,25,,,,,,
2005081616,"芝浦",,28,29,57,19,,,,19,,,,,,
2005081617,"芝浦",,34,31,65,14,,,,24,,,,,,
2005081618,"芝浦",,21,21,42,17,,,,21,,,,,,
2005081619,"芝浦",,58,29,87,8,,,,18,,,,,,
2005081620,"芝浦",,28,24,52,9,,,,25,,,,,,
2005081621,"芝浦",,7,20,27,11,,,,32,,,,,,
2005081622,"芝浦",,17,23,40,7,,,,23,,,,,,
2005081623,"芝浦",,27,26,53,7,,,,34,,,,,,
2005081624,"芝浦",,11,17,28,16,,,,25,,,,,,
2005081701,"芝浦",,6,14,20,18,,,,16,,,,,,
2005081702,"芝浦",,6,14,20,17,,,,19,,,,,,
2005081703,"芝浦",,5,13,18,15,,,,20,,,,,,
2005081704,"芝浦",,18,16,34,11,,,,20,,,,,,
2005081705,"芝浦",,11,18,29,6,,,,34,,,,,,
2005081706,"芝浦",,24,20,44,4,,,,24,,,,,,
2005081707,"芝浦",,38,22,60,8,,,,24,,,,,,
2005081708,"芝浦",,59,28,87,6,,,,31,,,,,,
2005081709,"芝浦",,50,27,77,10,,,,23,,,,,,
2005081710,"芝浦",,45,28,73,15,,,,23,,,,,,
2005081711,"芝浦",,38,31,69,18,,,,28,,,,,,
2005081712,"芝浦",,50,42,92,18,,,,26,,,,,,
2005081713,"芝浦",,22,38,60,30,,,,30,,,,,,
2005081714,"芝浦",,22,39,61,34,,,,32,,,,,,
2005081715,"芝浦",,15,40,55,46,,,,46,,,,,,
2005081716,"芝浦",,20,50,70,35,,,,52,,,,,,
2005081717,"芝浦",,15,35,50,29,,,,41,,,,,,
2005081718,"芝浦",,19,35,54,23,,,,34,,,,,,
2005081719,"芝浦",,19,33,52,16,,,,27,,,,,,
2005081720,"芝浦",,14,27,41,11,,,,29,,,,,,
2005081721,"芝浦",,15,24,39,8,,,,31,,,,,,
2005081722,"芝浦",,28,27,55,5,,,,26,,,,,,
2005081723,"芝浦",,27,28,55,4,,,,39,,,,,,
2005081724,"芝浦",,47,28,75,4,,,,30,,,,,,
2005081801,"芝浦",,28,26,54,5,,,,21,,,,,,
2005081802,"芝浦",,16,23,39,6,,,,40,,,,,,
2005081803,"芝浦",,23,25,48,6,,,,28,,,,,,
2005081804,"芝浦",,27,25,52,7,,,,35,,,,,,
2005081805,"芝浦",,34,26,60,4,,,,44,,,,,,
2005081806,"芝浦",,65,26,91,4,,,,49,,,,,,
2005081807,"芝浦",,59,26,85,5,,,,57,,,,,,
2005081808,"芝浦",,40,27,67,6,,,,59,,,,,,
2005081809,"芝浦",,73,35,108,7,,,,72,,,,,,
2005081810,"芝浦",,72,44,116,10,,,,69,,,,,,
2005081811,"芝浦",,55,49,104,11,,,,64,,,,,,
2005081812,"芝浦",,70,51,121,10,,,,65,,,,,,
2005081813,"芝浦",,52,53,105,13,,,,53,,,,,,
2005081814,"芝浦",,43,58,101,17,,,,74,,,,,,
2005081815,"芝浦",,74,55,129,10,,,,62,,,,,,
2005081816,"芝浦",,81,52,133,8,,,,49,,,,,,
2005081817,"芝浦",,47,45,92,10,,,,57,,,,,,
2005081818,"芝浦",,43,42,85,7,,,,40,,,,,,
2005081819,"芝浦",,41,41,82,6,,,,57,,,,,,
2005081820,"芝浦",,31,37,68,5,,,,41,,,,,,
2005081821,"芝浦",,13,31,44,9,,,,52,,,,,,
2005081822,"芝浦",,12,29,41,9,,,,28,,,,,,
2005081823,"芝浦",,4,16,20,18,,,,29,,,,,,
2005081824,"芝浦",,3,11,14,20,,,,22,,,,,,
2005081901,"芝浦",,4,11,15,19,,,,27,,,,,,
2005081902,"芝浦",,3,12,15,19,,,,34,,,,,,
2005081903,"芝浦",,2,10,12,20,,,,36,,,,,,
2005081904,"芝浦",,3,13,16,18,,,,29,,,,,,
2005081905,"芝浦",,2,12,14,17,,,,31,,,,,,
2005081906,"芝浦",,3,12,15,16,,,,34,,,,,,
2005081907,"芝浦",,14,19,33,11,,,,36,,,,,,
2005081908,"芝浦",,18,21,39,15,,,,39,,,,,,
2005081909,"芝浦",,26,23,49,15,,,,33,,,,,,
2005081910,"芝浦",,18,20,38,21,,,,34,,,,,,
2005081911,"芝浦",,48,30,78,15,,,,43,,,,,,
2005081912,"芝浦",,58,39,97,11,,,,32,,,,,,
2005081913,"芝浦",,50,30,80,11,,,,34,,,,,,
2005081914,"芝浦",,33,20,53,13,,,,23,,,,,,
2005081915,"芝浦",,39,26,65,11,,,,35,,,,,,
2005081916,"芝浦",,36,24,60,11,,,,37,,,,,,
2005081917,"芝浦",,23,21,44,15,,,,24,,,,,,
2005081918,"芝浦",,12,17,29,17,,,,28,,,,,,
2005081919,"芝浦",,10,16,26,15,,,,13,,,,,,
2005081920,"芝浦",,5,13,18,17,,,,29,,,,,,
2005081921,"芝浦",,5,13,18,16,,,,30,,,,,,
2005081922,"芝浦",,7,13,20,15,,,,31,,,,,,
2005081923,"芝浦",,4,12,16,17,,,,30,,,,,,
2005081924,"芝浦",,4,14,18,14,,,,26,,,,,,
2005082001,"芝浦",,3,15,18,12,,,,25,,,,,,
2005082002,"芝浦",,6,26,32,5,,,,31,,,,,,
2005082003,"芝浦",,10,29,39,3,,,,32,,,,,,
2005082004,"芝浦",,17,25,42,3,,,,34,,,,,,
2005082005,"芝浦",,22,24,46,3,,,,32,,,,,,
2005082006,"芝浦",,22,25,47,4,,,,39,,,,,,
2005082007,"芝浦",,22,21,43,8,,,,25,,,,,,
2005082008,"芝浦",,10,13,23,17,,,,17,,,,,,
2005082009,"芝浦",,17,19,36,19,,,,35,,,,,,
2005082010,"芝浦",,33,32,65,16,,,,36,,,,,,
2005082011,"芝浦",,32,38,70,16,,,,39,,,,,,
2005082012,"芝浦",,27,34,61,19,,,,25,,,,,,
2005082013,"芝浦",,18,31,49,26,,,,36,,,,,,
2005082014,"芝浦",,22,28,50,20,,,,29,,,,,,
2005082015,"芝浦",,28,29,57,15,,,,36,,,,,,
2005082016,"芝浦",,24,21,45,16,,,,26,,,,,,
2005082017,"芝浦",,10,14,24,19,,,,27,,,,,,
2005082018,"芝浦",,10,15,25,16,,,,35,,,,,,
2005082019,"芝浦",,7,14,21,14,,,,21,,,,,,
2005082020,"芝浦",,6,10,16,12,,,,22,,,,,,
2005082021,"芝浦",,5,9,14,10,,,,20,,,,,,
2005082022,"芝浦",,6,10,16,9,,,,13,,,,,,
2005082023,"芝浦",,5,9,14,9,,,,29,,,,,,
2005082024,"芝浦",,6,9,15,9,,,,21,,,,,,
2005082101,"芝浦",,9,10,19,7,,,,18,,,,,,
2005082102,"芝浦",,4,8,12,8,,,,22,,,,,,
2005082103,"芝浦",,4,8,12,7,,,,25,,,,,,
2005082104,"芝浦",,8,10,18,6,,,,28,,,,,,
2005082105,"芝浦",,10,12,22,5,,,,31,,,,,,
2005082106,"芝浦",,15,11,26,5,,,,32,,,,,,
2005082107,"芝浦",,19,11,30,7,,,,21,,,,,,
2005082108,"芝浦",,11,7,18,11,,,,21,,,,,,
2005082109,"芝浦",,11,7,18,13,,,,27,,,,,,
2005082110,"芝浦",,9,7,16,17,,,,30,,,,,,
2005082111,"芝浦",,7,6,13,22,,,,49,,,,,,
2005082112,"芝浦",,5,4,9,25,,,,39,,,,,,
2005082113,"芝浦",,5,5,10,25,,,,37,,,,,,
2005082114,"芝浦",,5,5,10,23,,,,35,,,,,,
2005082115,"芝浦",,5,3,8,19,,,,50,,,,,,
2005082116,"芝浦",,7,5,12,16,,,,56,,,,,,
2005082117,"芝浦",,9,7,16,12,,,,66,,,,,,
2005082118,"芝浦",,7,8,15,12,,,,63,,,,,,
2005082119,"芝浦",,11,10,21,7,,,,46,,,,,,
2005082120,"芝浦",,10,8,18,6,,,,49,,,,,,
2005082121,"芝浦",,18,9,27,5,,,,45,,,,,,
2005082122,"芝浦",,15,8,23,4,,,,50,,,,,,
2005082123,"芝浦",,14,8,22,4,,,,48,,,,,,
2005082124,"芝浦",,16,8,24,5,,,,44,,,,,,
2005082201,"芝浦",,9999,9999,9999,9995,,,,37,,,,,,
2005082202,"芝浦",,13,9,22,4,,,,30,,,,,,
2005082203,"芝浦",,13,10,23,4,,,,40,,,,,,
2005082204,"芝浦",,9,9,18,5,,,,28,,,,,,
2005082205,"芝浦",,14,10,24,5,,,,49,,,,,,
2005082206,"芝浦",,17,10,27,5,,,,31,,,,,,
2005082207,"芝浦",,18,9,27,6,,,,41,,,,,,
2005082208,"芝浦",,25,10,35,6,,,,41,,,,,,
2005082209,"芝浦",,36,12,48,6,,,,31,,,,,,
2005082210,"芝浦",,44,15,59,6,,,,44,,,,,,
2005082211,"芝浦",,43,16,59,7,,,,46,,,,,,
2005082212,"芝浦",,25,13,38,8,,,,49,,,,,,
2005082213,"芝浦",,27,14,41,8,,,,41,,,,,,
2005082214,"芝浦",,63,22,85,5,,,,35,,,,,,
2005082215,"芝浦",,9998,9998,9998,9998,,,,9998,,,,,,
2005082216,"芝浦",,9998,9998,9998,5,,,,34,,,,,,
2005082217,"芝浦",,75,27,102,4,,,,57,,,,,,
2005082218,"芝浦",,40,19,59,5,,,,23,,,,,,
2005082219,"芝浦",,67,18,85,4,,,,52,,,,,,
2005082220,"芝浦",,35,16,51,3,,,,44,,,,,,
2005082221,"芝浦",,47,17,64,4,,,,50,,,,,,
2005082222,"芝浦",,36,15,51,4,,,,32,,,,,,
2005082223,"芝浦",,27,13,40,4,,,,30,,,,,,
2005082224,"芝浦",,18,11,29,4,,,,29,,,,,,
2005082301,"芝浦",,13,10,23,4,,,,21,,,,,,
2005082302,"芝浦",,16,10,26,4,,,,30,,,,,,
2005082303,"芝浦",,18,12,30,4,,,,34,,,,,,
2005082304,"芝浦",,14,11,25,4,,,,27,,,,,,
2005082305,"芝浦",,20,11,31,4,,,,24,,,,,,
2005082306,"芝浦",,42,12,54,4,,,,37,,,,,,
2005082307,"芝浦",,30,11,41,5,,,,27,,,,,,
2005082308,"芝浦",,18,11,29,8,,,,25,,,,,,
2005082309,"芝浦",,22,16,38,10,,,,32,,,,,,
2005082310,"芝浦",,20,21,41,16,,,,42,,,,,,
2005082311,"芝浦",,78,40,118,6,,,,64,,,,,,
2005082312,"芝浦",,69,52,121,7,,,,36,,,,,,
2005082313,"芝浦",,54,52,106,8,,,,74,,,,,,
2005082314,"芝浦",,41,53,94,8,,,,53,,,,,,
2005082315,"芝浦",,46,49,95,10,,,,52,,,,,,
2005082316,"芝浦",,58,54,112,7,,,,64,,,,,,
2005082317,"芝浦",,108,48,156,6,,,,69,,,,,,
2005082318,"芝浦",,51,39,90,10,,,,31,,,,,,
2005082319,"芝浦",,34,33,67,11,,,,26,,,,,,
2005082320,"芝浦",,29,30,59,14,,,,21,,,,,,
2005082321,"芝浦",,23,28,51,15,,,,24,,,,,,
2005082322,"芝浦",,31,33,64,9,,,,26,,,,,,
2005082323,"芝浦",,28,32,60,10,,,,22,,,,,,
2005082324,"芝浦",,15,23,38,16,,,,17,,,,,,
2005082401,"芝浦",,10,18,28,18,,,,21,,,,,,
2005082402,"芝浦",,12,19,31,16,,,,31,,,,,,
2005082403,"芝浦",,5,18,23,18,,,,27,,,,,,
2005082404,"芝浦",,10,18,28,18,,,,24,,,,,,
2005082405,"芝浦",,6,22,28,14,,,,17,,,,,,
2005082406,"芝浦",,9,24,33,17,,,,16,,,,,,
2005082407,"芝浦",,35,29,64,12,,,,22,,,,,,
2005082408,"芝浦",,35,29,64,11,,,,21,,,,,,
2005082409,"芝浦",,69,34,103,10,,,,18,,,,,,
2005082410,"芝浦",,59,37,96,13,,,,18,,,,,,
2005082411,"芝浦",,34,33,67,15,,,,24,,,,,,
2005082412,"芝浦",,59,37,96,17,,,,17,,,,,,
2005082413,"芝浦",,25,30,55,26,,,,31,,,,,,
2005082414,"芝浦",,24,33,57,22,,,,19,,,,,,
2005082415,"芝浦",,39,36,75,19,,,,23,,,,,,
2005082416,"芝浦",,37,35,72,19,,,,29,,,,,,
2005082417,"芝浦",,46,38,84,15,,,,22,,,,,,
2005082418,"芝浦",,29,30,59,19,,,,19,,,,,,
2005082419,"芝浦",,31,32,63,15,,,,23,,,,,,
2005082420,"芝浦",,28,34,62,10,,,,26,,,,,,
2005082421,"芝浦",,19,29,48,15,,,,26,,,,,,
2005082422,"芝浦",,19,32,51,9,,,,24,,,,,,
2005082423,"芝浦",,15,29,44,12,,,,31,,,,,,
2005082424,"芝浦",,20,30,50,11,,,,26,,,,,,
2005082501,"芝浦",,6,24,30,17,,,,22,,,,,,
2005082502,"芝浦",,5,25,30,16,,,,20,,,,,,
2005082503,"芝浦",,5,22,27,18,,,,23,,,,,,
2005082504,"芝浦",,2,18,20,23,,,,26,,,,,,
2005082505,"芝浦",,6,23,29,17,,,,22,,,,,,
2005082506,"芝浦",,11,31,42,10,,,,24,,,,,,
2005082507,"芝浦",,25,34,59,9,,,,31,,,,,,
2005082508,"芝浦",,21,32,53,11,,,,20,,,,,,
2005082509,"芝浦",,32,32,64,12,,,,20,,,,,,
2005082510,"芝浦",,42,33,75,12,,,,32,,,,,,
2005082511,"芝浦",,42,32,74,16,,,,29,,,,,,
2005082512,"芝浦",,72,39,111,11,,,,44,,,,,,
2005082513,"芝浦",,48,35,83,9,,,,36,,,,,,
2005082514,"芝浦",,34,20,54,10,,,,27,,,,,,
2005082515,"芝浦",,43,17,60,7,,,,21,,,,,,
2005082516,"芝浦",,45,16,61,6,,,,19,,,,,,
2005082517,"芝浦",,51,16,67,6,,,,25,,,,,,
2005082518,"芝浦",,68,17,85,6,,,,32,,,,,,
2005082519,"芝浦",,99,17,116,5,,,,32,,,,,,
2005082520,"芝浦",,56,13,69,5,,,,46,,,,,,
2005082521,"芝浦",,31,11,42,5,,,,39,,,,,,
2005082522,"芝浦",,25,11,36,6,,,,31,,,,,,
2005082523,"芝浦",,18,10,28,7,,,,44,,,,,,
2005082524,"芝浦",,11,8,19,9,,,,43,,,,,,
2005082601,"芝浦",,12,9,21,10,,,,34,,,,,,
2005082602,"芝浦",,10,9,19,14,,,,25,,,,,,
2005082603,"芝浦",,8,8,16,18,,,,26,,,,,,
2005082604,"芝浦",,3,7,10,18,,,,20,,,,,,
2005082605,"芝浦",,3,7,10,16,,,,20,,,,,,
2005082606,"芝浦",,4,6,10,13,,,,20,,,,,,
2005082607,"芝浦",,6,8,14,10,,,,12,,,,,,
2005082608,"芝浦",,12,11,23,9,,,,14,,,,,,
2005082609,"芝浦",,34,17,51,6,,,,12,,,,,,
2005082610,"芝浦",,51,23,74,6,,,,22,,,,,,
2005082611,"芝浦",,26,25,51,15,,,,25,,,,,,
2005082612,"芝浦",,13,28,41,28,,,,27,,,,,,
2005082613,"芝浦",,39,41,80,28,,,,43,,,,,,
2005082614,"芝浦",,10,26,36,34,,,,25,,,,,,
2005082615,"芝浦",,29,60,89,23,,,,64,,,,,,
2005082616,"芝浦",,35,53,88,21,,,,41,,,,,,
2005082617,"芝浦",,12,25,37,20,,,,30,,,,,,
2005082618,"芝浦",,14,31,45,13,,,,26,,,,,,
2005082619,"芝浦",,110,69,179,7,,,,73,,,,,,
2005082620,"芝浦",,170,104,274,4,,,,129,,,,,,
2005082621,"芝浦",,137,95,232,4,,,,121,,,,,,
2005082622,"芝浦",,9,54,63,23,,,,71,,,,,,
2005082623,"芝浦",,33,70,103,8,,,,86,,,,,,
2005082624,"芝浦",,18,48,66,15,,,,60,,,,,,
2005082701,"芝浦",,8,28,36,10,,,,34,,,,,,
2005082702,"芝浦",,32,33,65,4,,,,38,,,,,,
2005082703,"芝浦",,30,32,62,4,,,,33,,,,,,
2005082704,"芝浦",,47,32,79,4,,,,33,,,,,,
2005082705,"芝浦",,60,37,97,4,,,,50,,,,,,
2005082706,"芝浦",,33,34,67,5,,,,45,,,,,,
2005082707,"芝浦",,39,29,68,5,,,,38,,,,,,
2005082708,"芝浦",,83,28,111,4,,,,21,,,,,,
2005082709,"芝浦",,117,28,145,4,,,,31,,,,,,
2005082710,"芝浦",,84,28,112,5,,,,23,,,,,,
2005082711,"芝浦",,36,28,64,14,,,,36,,,,,,
2005082712,"芝浦",,14,23,37,28,,,,34,,,,,,
2005082713,"芝浦",,12,22,34,34,,,,21,,,,,,
2005082714,"芝浦",,9,20,29,33,,,,34,,,,,,
2005082715,"芝浦",,13,24,37,30,,,,37,,,,,,
2005082716,"芝浦",,14,24,38,27,,,,15,,,,,,
2005082717,"芝浦",,21,29,50,15,,,,30,,,,,,
2005082718,"芝浦",,12,25,37,20,,,,39,,,,,,
2005082719,"芝浦",,20,24,44,10,,,,30,,,,,,
2005082720,"芝浦",,47,27,74,5,,,,40,,,,,,
2005082721,"芝浦",,14,25,39,9,,,,25,,,,,,
2005082722,"芝浦",,15,23,38,9,,,,21,,,,,,
2005082723,"芝浦",,10,22,32,9,,,,38,,,,,,
2005082724,"芝浦",,20,25,45,7,,,,29,,,,,,
2005082801,"芝浦",,14,20,34,9,,,,35,,,,,,
2005082802,"芝浦",,3,14,17,24,,,,25,,,,,,
2005082803,"芝浦",,2,10,12,31,,,,27,,,,,,
2005082804,"芝浦",,2,10,12,35,,,,24,,,,,,
2005082805,"芝浦",,1,11,12,36,,,,17,,,,,,
2005082806,"芝浦",,1,12,13,32,,,,17,,,,,,
2005082807,"芝浦",,2,14,16,31,,,,13,,,,,,
2005082808,"芝浦",,2,14,16,33,,,,21,,,,,,
2005082809,"芝浦",,3,17,20,30,,,,30,,,,,,
2005082810,"芝浦",,6,17,23,30,,,,14,,,,,,
2005082811,"芝浦",,5,14,19,34,,,,18,,,,,,
2005082812,"芝浦",,3,12,15,40,,,,17,,,,,,
2005082813,"芝浦",,3,13,16,44,,,,27,,,,,,
2005082814,"芝浦",,7,20,27,44,,,,37,,,,,,
2005082815,"芝浦",,7,20,27,49,,,,43,,,,,,
2005082816,"芝浦",,4,23,27,45,,,,32,,,,,,
2005082817,"芝浦",,9,29,38,32,,,,39,,,,,,
2005082818,"芝浦",,8,27,35,27,,,,33,,,,,,
2005082819,"芝浦",,21,31,52,17,,,,25,,,,,,
2005082820,"芝浦",,14,27,41,19,,,,21,,,,,,
2005082821,"芝浦",,7,30,37,15,,,,27,,,,,,
2005082822,"芝浦",,11,28,39,17,,,,29,,,,,,
2005082823,"芝浦",,18,33,51,14,,,,24,,,,,,
2005082824,"芝浦",,6,24,30,24,,,,25,,,,,,
2005082901,"芝浦",,9999,9999,9999,9995,,,,23,,,,,,
2005082902,"芝浦",,1,18,19,27,,,,23,,,,,,
2005082903,"芝浦",,1,19,20,21,,,,33,,,,,,
2005082904,"芝浦",,1,19,20,19,,,,39,,,,,,
2005082905,"芝浦",,2,20,22,21,,,,33,,,,,,
2005082906,"芝浦",,2,18,20,24,,,,28,,,,,,
2005082907,"芝浦",,6,24,30,18,,,,23,,,,,,
2005082908,"芝浦",,14,29,43,14,,,,18,,,,,,
2005082909,"芝浦",,20,32,52,18,,,,22,,,,,,
2005082910,"芝浦",,38,40,78,17,,,,29,,,,,,
2005082911,"芝浦",,89,59,148,8,,,,38,,,,,,
2005082912,"芝浦",,83,66,149,9,,,,26,,,,,,
2005082913,"芝浦",,56,70,126,15,,,,47,,,,,,
2005082914,"芝浦",,41,79,120,22,,,,39,,,,,,
2005082915,"芝浦",,32,70,102,33,,,,41,,,,,,
2005082916,"芝浦",,32,79,111,24,,,,41,,,,,,
2005082917,"芝浦",,30,90,120,25,,,,51,,,,,,
2005082918,"芝浦",,12,83,95,44,,,,60,,,,,,
2005082919,"芝浦",,11,61,72,35,,,,42,,,,,,
2005082920,"芝浦",,3,35,38,44,,,,32,,,,,,
2005082921,"芝浦",,7,47,54,21,,,,37,,,,,,
2005082922,"芝浦",,10,54,64,10,,,,46,,,,,,
2005082923,"芝浦",,4,39,43,21,,,,29,,,,,,
2005082924,"芝浦",,7,41,48,16,,,,30,,,,,,
2005083001,"芝浦",,7,40,47,16,,,,22,,,,,,
2005083002,"芝浦",,20,50,70,12,,,,39,,,,,,
2005083003,"芝浦",,46,63,109,5,,,,54,,,,,,
2005083004,"芝浦",,73,65,138,2,,,,59,,,,,,
2005083005,"芝浦",,43,52,95,6,,,,71,,,,,,
2005083006,"芝浦",,2,34,36,20,,,,47,,,,,,
2005083007,"芝浦",,6,34,40,21,,,,56,,,,,,
2005083008,"芝浦",,39,48,87,13,,,,81,,,,,,
2005083009,"芝浦",,97,72,169,7,,,,77,,,,,,
2005083010,"芝浦",,84,83,167,8,,,,91,,,,,,
2005083011,"芝浦",,42,78,120,19,,,,87,,,,,,
2005083012,"芝浦",,52,74,126,17,,,,32,,,,,,
2005083013,"芝浦",,37,65,102,19,,,,36,,,,,,
2005083014,"芝浦",,41,69,110,20,,,,38,,,,,,
2005083015,"芝浦",,28,56,84,24,,,,36,,,,,,
2005083016,"芝浦",,40,62,102,17,,,,41,,,,,,
2005083017,"芝浦",,15,48,63,25,,,,32,,,,,,
2005083018,"芝浦",,37,56,93,8,,,,46,,,,,,
2005083019,"芝浦",,20,51,71,10,,,,37,,,,,,
2005083020,"芝浦",,4,29,33,33,,,,44,,,,,,
2005083021,"芝浦",,2,24,26,34,,,,52,,,,,,
2005083022,"芝浦",,2,23,25,31,,,,58,,,,,,
2005083023,"芝浦",,2,26,28,30,,,,56,,,,,,
2005083024,"芝浦",,2,27,29,34,,,,30,,,,,,
2005083101,"芝浦",,2,31,33,29,,,,26,,,,,,
2005083102,"芝浦",,2,37,39,21,,,,31,,,,,,
2005083103,"芝浦",,2,38,40,17,,,,26,,,,,,
2005083104,"芝浦",,3,33,36,14,,,,48,,,,,,
2005083105,"芝浦",,5,26,31,19,,,,44,,,,,,
2005083106,"芝浦",,2,28,30,33,,,,29,,,,,,
2005083107,"芝浦",,3,32,35,26,,,,25,,,,,,
2005083108,"芝浦",,10,42,52,18,,,,40,,,,,,
2005083109,"芝浦",,11,43,54,17,,,,30,,,,,,
2005083110,"芝浦",,94,62,156,6,,,,43,,,,,,
2005083111,"芝浦",,62,66,128,6,,,,44,,,,,,
2005083112,"芝浦",,104,73,177,5,,,,47,,,,,,
2005083113,"芝浦",,71,78,149,8,,,,55,,,,,,
2005083114,"芝浦",,85,86,171,7,,,,68,,,,,,
2005083115,"芝浦",,9998,9998,9998,9998,,,,65,,,,,,
2005083116,"芝浦",,34,103,137,14,,,,79,,,,,,
2005083117,"芝浦",,52,109,161,8,,,,89,,,,,,
2005083118,"芝浦",,73,125,198,4,,,,111,,,,,,
2005083119,"芝浦",,71,114,185,5,,,,100,,,,,,
2005083120,"芝浦",,93,111,204,3,,,,116,,,,,,
2005083121,"芝浦",,67,98,165,4,,,,136,,,,,,
2005083122,"芝浦",,98,94,192,3,,,,141,,,,,,
2005083123,"芝浦",,132,92,224,3,,,,135,,,,,,
2005083124,"芝浦",,110,80,190,4,,,,118,,,,,,
2005070101,"芝浦",,47,43,90,4,,,,71,,,,,,
2005070102,"芝浦",,41,34,75,4,,,,63,,,,,,
2005070103,"芝浦",,85,36,121,3,,,,71,,,,,,
2005070104,"芝浦",,78,37,115,4,,,,66,,,,,,
2005070105,"芝浦",,65,35,100,4,,,,64,,,,,,
2005070106,"芝浦",,53,34,87,5,,,,60,,,,,,
2005070107,"芝浦",,16,33,49,8,,,,49,,,,,,
2005070108,"芝浦",,28,34,62,9,,,,55,,,,,,
2005070109,"芝浦",,127,52,179,4,,,,79,,,,,,
2005070110,"芝浦",,103,56,159,5,,,,84,,,,,,
2005070111,"芝浦",,78,65,143,6,,,,70,,,,,,
2005070112,"芝浦",,68,72,140,6,,,,82,,,,,,
2005070113,"芝浦",,23,53,76,21,,,,67,,,,,,
2005070114,"芝浦",,21,41,62,22,,,,53,,,,,,
2005070115,"芝浦",,24,45,69,14,,,,38,,,,,,
2005070116,"芝浦",,20,29,49,18,,,,33,,,,,,
2005070117,"芝浦",,14,26,40,18,,,,18,,,,,,
2005070118,"芝浦",,15,28,43,13,,,,26,,,,,,
2005070119,"芝浦",,11,27,38,10,,,,20,,,,,,
2005070120,"芝浦",,15,32,47,6,,,,27,,,,,,
2005070121,"芝浦",,9,30,39,6,,,,28,,,,,,
2005070122,"芝浦",,8,30,38,5,,,,33,,,,,,
2005070123,"芝浦",,9,30,39,5,,,,32,,,,,,
2005070124,"芝浦",,8,28,36,5,,,,36,,,,,,
2005070201,"芝浦",,11,26,37,6,,,,37,,,,,,
2005070202,"芝浦",,6,24,30,7,,,,32,,,,,,
2005070203,"芝浦",,67,30,97,5,,,,53,,,,,,
2005070204,"芝浦",,72,32,104,4,,,,34,,,,,,
2005070205,"芝浦",,71,33,104,3,,,,40,,,,,,
2005070206,"芝浦",,57,32,89,3,,,,40,,,,,,
2005070207,"芝浦",,91,39,130,4,,,,49,,,,,,
2005070208,"芝浦",,165,56,221,3,,,,74,,,,,,
2005070209,"芝浦",,96,58,154,4,,,,62,,,,,,
2005070210,"芝浦",,130,67,197,4,,,,88,,,,,,
2005070211,"芝浦",,89,67,156,5,,,,82,,,,,,
2005070212,"芝浦",,78,79,157,6,,,,89,,,,,,
2005070213,"芝浦",,39,82,121,16,,,,86,,,,,,
2005070214,"芝浦",,31,81,112,17,,,,87,,,,,,
2005070215,"芝浦",,24,68,92,22,,,,63,,,,,,
2005070216,"芝浦",,23,74,97,19,,,,64,,,,,,
2005070217,"芝浦",,37,91,128,10,,,,87,,,,,,
2005070218,"芝浦",,42,93,135,10,,,,111,,,,,,
2005070219,"芝浦",,21,68,89,14,,,,75,,,,,,
2005070220,"芝浦",,18,36,54,20,,,,48,,,,,,
2005070221,"芝浦",,7,27,34,29,,,,53,,,,,,
2005070222,"芝浦",,18,36,54,13,,,,47,,,,,,
2005070223,"芝浦",,9,23,32,17,,,,25,,,,,,
2005070224,"芝浦",,11,16,27,20,,,,16,,,,,,
2005070301,"芝浦",,4,11,15,23,,,,18,,,,,,
2005070302,"芝浦",,4,10,14,24,,,,13,,,,,,
2005070303,"芝浦",,1,8,9,25,,,,14,,,,,,
2005070304,"芝浦",,3,12,15,20,,,,23,,,,,,
2005070305,"芝浦",,4,13,17,19,,,,17,,,,,,
2005070306,"芝浦",,5,13,18,18,,,,17,,,,,,
2005070307,"芝浦",,11,13,24,18,,,,25,,,,,,
2005070308,"芝浦",,8,11,19,21,,,,21,,,,,,
2005070309,"芝浦",,12,14,26,20,,,,23,,,,,,
2005070310,"芝浦",,10,14,24,23,,,,31,,,,,,
2005070311,"芝浦",,14,19,33,21,,,,37,,,,,,
2005070312,"芝浦",,19,21,40,21,,,,38,,,,,,
2005070313,"芝浦",,7,16,23,26,,,,39,,,,,,
2005070314,"芝浦",,9,17,26,24,,,,45,,,,,,
2005070315,"芝浦",,15,25,40,17,,,,41,,,,,,
2005070316,"芝浦",,26,31,57,9,,,,45,,,,,,
2005070317,"芝浦",,9,25,34,11,,,,41,,,,,,
2005070318,"芝浦",,10,26,36,9,,,,34,,,,,,
2005070319,"芝浦",,16,28,44,6,,,,27,,,,,,
2005070320,"芝浦",,6,24,30,10,,,,34,,,,,,
2005070321,"芝浦",,4,23,27,10,,,,38,,,,,,
2005070322,"芝浦",,8,25,33,7,,,,25,,,,,,
2005070323,"芝浦",,6,23,29,8,,,,11,,,,,,
2005070324,"芝浦",,6,22,28,8,,,,11,,,,,,
2005070401,"芝浦",,9999,9999,9999,9995,,,,12,,,,,,
2005070402,"芝浦",,5,20,25,10,,,,7,,,,,,
2005070403,"芝浦",,7,22,29,8,,,,18,,,,,,
2005070404,"芝浦",,12,24,36,6,,,,8,,,,,,
2005070405,"芝浦",,27,27,54,5,,,,17,,,,,,
2005070406,"芝浦",,62,32,94,5,,,,30,,,,,,
2005070407,"芝浦",,65,35,100,4,,,,30,,,,,,
2005070408,"芝浦",,97,41,138,4,,,,34,,,,,,
2005070409,"芝浦",,133,45,178,4,,,,46,,,,,,
2005070410,"芝浦",,190,51,241,4,,,,48,,,,,,
2005070411,"芝浦",,122,50,172,5,,,,36,,,,,,
2005070412,"芝浦",,51,43,94,7,,,,26,,,,,,
2005070413,"芝浦",,29,39,68,8,,,,14,,,,,,
2005070414,"芝浦",,31,40,71,8,,,,28,,,,,,
2005070415,"芝浦",,27,39,66,7,,,,20,,,,,,
2005070416,"芝浦",,43,35,78,5,,,,12,,,,,,
2005070417,"芝浦",,39,31,70,5,,,,16,,,,,,
2005070418,"芝浦",,32,31,63,6,,,,11,,,,,,
2005070419,"芝浦",,30,33,63,5,,,,22,,,,,,
2005070420,"芝浦",,22,32,54,5,,,,26,,,,,,
2005070421,"芝浦",,18,29,47,8,,,,12,,,,,,
2005070422,"芝浦",,13,25,38,9,,,,24,,,,,,
2005070423,"芝浦",,12,27,39,8,,,,30,,,,,,
2005070424,"芝浦",,5,22,27,10,,,,15,,,,,,
2005070501,"芝浦",,4,20,24,13,,,,14,,,,,,
2005070502,"芝浦",,5,24,29,11,,,,13,,,,,,
2005070503,"芝浦",,12,29,41,6,,,,22,,,,,,
2005070504,"芝浦",,12,30,42,7,,,,15,,,,,,
2005070505,"芝浦",,17,30,47,5,,,,17,,,,,,
2005070506,"芝浦",,23,26,49,5,,,,19,,,,,,
2005070507,"芝浦",,25,26,51,6,,,,12,,,,,,
2005070508,"芝浦",,29,29,58,8,,,,23,,,,,,
2005070509,"芝浦",,114,42,156,5,,,,31,,,,,,
2005070510,"芝浦",,165,53,218,4,,,,45,,,,,,
2005070511,"芝浦",,193,60,253,4,,,,52,,,,,,
2005070512,"芝浦",,115,64,179,6,,,,60,,,,,,
2005070513,"芝浦",,72,77,149,9,,,,60,,,,,,
2005070514,"芝浦",,50,57,107,14,,,,34,,,,,,
2005070515,"芝浦",,34,67,101,25,,,,45,,,,,,
2005070516,"芝浦",,18,67,85,37,,,,68,,,,,,
2005070517,"芝浦",,18,56,74,29,,,,70,,,,,,
2005070518,"芝浦",,8,37,45,29,,,,40,,,,,,
2005070519,"芝浦",,14,41,55,18,,,,38,,,,,,
2005070520,"芝浦",,10,34,44,20,,,,46,,,,,,
2005070521,"芝浦",,7,24,31,23,,,,34,,,,,,
2005070522,"芝浦",,10,25,35,13,,,,27,,,,,,
2005070523,"芝浦",,46,37,83,4,,,,27,,,,,,
2005070524,"芝浦",,52,34,86,4,,,,26,,,,,,
2005070601,"芝浦",,44,32,76,4,,,,24,,,,,,
2005070602,"芝浦",,26,29,55,6,,,,16,,,,,,
2005070603,"芝浦",,13,22,35,7,,,,21,,,,,,
2005070604,"芝浦",,17,24,41,4,,,,15,,,,,,
2005070605,"芝浦",,17,25,42,5,,,,14,,,,,,
2005070606,"芝浦",,25,26,51,4,,,,10,,,,,,
2005070607,"芝浦",,22,24,46,5,,,,15,,,,,,
2005070608,"芝浦",,32,26,58,5,,,,20,,,,,,
2005070609,"芝浦",,35,33,68,6,,,,16,,,,,,
2005070610,"芝浦",,77,43,120,6,,,,21,,,,,,
2005070611,"芝浦",,76,43,119,5,,,,24,,,,,,
2005070612,"芝浦",,97,43,140,5,,,,22,,,,,,
2005070613,"芝浦",,92,44,136,6,,,,23,,,,,,
2005070614,"芝浦",,100,50,150,5,,,,34,,,,,,
2005070615,"芝浦",,89,53,142,5,,,,43,,,,,,
2005070616,"芝浦",,111,59,170,5,,,,45,,,,,,
2005070617,"芝浦",,45,52,97,12,,,,26,,,,,,
2005070618,"芝浦",,24,47,71,15,,,,21,,,,,,
2005070619,"芝浦",,44,57,101,7,,,,17,,,,,,
2005070620,"芝浦",,67,59,126,5,,,,24,,,,,,
2005070621,"芝浦",,87,58,145,4,,,,40,,,,,,
2005070622,"芝浦",,65,52,117,4,,,,48,,,,,,
2005070623,"芝浦",,4,31,35,15,,,,34,,,,,,
2005070624,"芝浦",,4,31,35,13,,,,45,,,,,,
2005070701,"芝浦",,6,34,40,10,,,,46,,,,,,
2005070702,"芝浦",,5,32,37,10,,,,53,,,,,,
2005070703,"芝浦",,6,34,40,6,,,,48,,,,,,
2005070704,"芝浦",,3,27,30,11,,,,48,,,,,,
2005070705,"芝浦",,7,30,37,6,,,,60,,,,,,
2005070706,"芝浦",,16,30,46,7,,,,65,,,,,,
2005070707,"芝浦",,24,37,61,10,,,,64,,,,,,
2005070708,"芝浦",,19,34,53,17,,,,59,,,,,,
2005070709,"芝浦",,34,38,72,18,,,,56,,,,,,
2005070710,"芝浦",,106,63,169,7,,,,63,,,,,,
2005070711,"芝浦",,94,74,168,7,,,,75,,,,,,
2005070712,"芝浦",,77,68,145,11,,,,62,,,,,,
2005070713,"芝浦",,66,70,136,11,,,,54,,,,,,
2005070714,"芝浦",,75,70,145,11,,,,67,,,,,,
2005070715,"芝浦",,9998,9998,9998,9998,,,,67,,,,,,
2005070716,"芝浦",,89,71,160,2,,,,60,,,,,,
2005070717,"芝浦",,60,69,129,1,,,,52,,,,,,
2005070718,"芝浦",,52,66,118,2,,,,69,,,,,,
2005070719,"芝浦",,60,63,123,2,,,,78,,,,,,
2005070720,"芝浦",,66,74,140,2,,,,90,,,,,,
2005070721,"芝浦",,50,72,122,2,,,,103,,,,,,
2005070722,"芝浦",,36,59,95,2,,,,88,,,,,,
2005070723,"芝浦",,48,57,105,2,,,,84,,,,,,
2005070724,"芝浦",,155,74,229,2,,,,122,,,,,,
2005070801,"芝浦",,119,70,189,2,,,,141,,,,,,
2005070802,"芝浦",,69,59,128,2,,,,129,,,,,,
2005070803,"芝浦",,27,42,69,2,,,,72,,,,,,
2005070804,"芝浦",,20,39,59,2,,,,50,,,,,,
2005070805,"芝浦",,79,43,122,2,,,,76,,,,,,
2005070806,"芝浦",,52,41,93,2,,,,75,,,,,,
2005070807,"芝浦",,54,38,92,2,,,,54,,,,,,
2005070808,"芝浦",,44,31,75,1,,,,44,,,,,,
2005070809,"芝浦",,50,32,82,1,,,,25,,,,,,
2005070810,"芝浦",,73,36,109,1,,,,22,,,,,,
2005070811,"芝浦",,56,36,92,2,,,,27,,,,,,
2005070812,"芝浦",,67,39,106,1,,,,17,,,,,,
2005070813,"芝浦",,32,35,67,2,,,,29,,,,,,
2005070814,"芝浦",,34,43,77,2,,,,30,,,,,,
2005070815,"芝浦",,35,44,79,2,,,,32,,,,,,
2005070816,"芝浦",,45,48,93,2,,,,35,,,,,,
2005070817,"芝浦",,30,41,71,2,,,,21,,,,,,
2005070818,"芝浦",,58,42,100,2,,,,29,,,,,,
2005070819,"芝浦",,78,42,120,1,,,,23,,,,,,
2005070820,"芝浦",,52,37,89,1,,,,21,,,,,,
2005070821,"芝浦",,23,29,52,2,,,,30,,,,,,
2005070822,"芝浦",,29,26,55,1,,,,32,,,,,,
2005070823,"芝浦",,21,23,44,2,,,,21,,,,,,
2005070824,"芝浦",,14,21,35,2,,,,25,,,,,,
2005070901,"芝浦",,8,18,26,2,,,,28,,,,,,
2005070902,"芝浦",,9,18,27,2,,,,19,,,,,,
2005070903,"芝浦",,11,19,30,3,,,,35,,,,,,
2005070904,"芝浦",,19,22,41,3,,,,26,,,,,,
2005070905,"芝浦",,14,19,33,3,,,,21,,,,,,
2005070906,"芝浦",,17,16,33,3,,,,17,,,,,,
2005070907,"芝浦",,22,16,38,3,,,,12,,,,,,
2005070908,"芝浦",,47,21,68,3,,,,33,,,,,,
2005070909,"芝浦",,55,21,76,3,,,,41,,,,,,
2005070910,"芝浦",,74,25,99,3,,,,43,,,,,,
2005070911,"芝浦",,76,27,103,2,,,,77,,,,,,
2005070912,"芝浦",,120,40,160,2,,,,58,,,,,,
2005070913,"芝浦",,52,37,89,2,,,,63,,,,,,
2005070914,"芝浦",,87,48,135,2,,,,83,,,,,,
2005070915,"芝浦",,82,54,136,2,,,,83,,,,,,
2005070916,"芝浦",,69,58,127,2,,,,80,,,,,,
2005070917,"芝浦",,45,66,111,2,,,,93,,,,,,
2005070918,"芝浦",,70,71,141,2,,,,120,,,,,,
2005070919,"芝浦",,34,57,91,2,,,,107,,,,,,
2005070920,"芝浦",,13,45,58,2,,,,97,,,,,,
2005070921,"芝浦",,7,30,37,2,,,,93,,,,,,
2005070922,"芝浦",,13,21,34,2,,,,66,,,,,,
2005070923,"芝浦",,8,13,21,2,,,,35,,,,,,
2005070924,"芝浦",,10,13,23,2,,,,32,,,,,,
2005071001,"芝浦",,6,9,15,2,,,,38,,,,,,
2005071002,"芝浦",,5,17,22,2,,,,13,,,,,,
2005071003,"芝浦",,4,14,18,2,,,,10,,,,,,
2005071004,"芝浦",,2,10,12,2,,,,10,,,,,,
2005071005,"芝浦",,2,10,12,2,,,,11,,,,,,
2005071006,"芝浦",,4,10,14,3,,,,11,,,,,,
2005071007,"芝浦",,23,16,39,2,,,,13,,,,,,
2005071008,"芝浦",,51,23,74,2,,,,14,,,,,,
2005071009,"芝浦",,23,19,42,2,,,,16,,,,,,
2005071010,"芝浦",,14,28,42,2,,,,38,,,,,,
2005071011,"芝浦",,63,47,110,2,,,,50,,,,,,
2005071012,"芝浦",,23,41,64,2,,,,57,,,,,,
2005071013,"芝浦",,37,36,73,2,,,,44,,,,,,
2005071014,"芝浦",,3,5,8,2,,,,29,,,,,,
2005071015,"芝浦",,2,4,6,2,,,,21,,,,,,
2005071016,"芝浦",,3,4,7,2,,,,42,,,,,,
2005071017,"芝浦",,2,7,9,2,,,,31,,,,,,
2005071018,"芝浦",,3,10,13,2,,,,37,,,,,,
2005071019,"芝浦",,3,13,16,2,,,,38,,,,,,
2005071020,"芝浦",,15,20,35,2,,,,32,,,,,,
2005071021,"芝浦",,56,45,101,2,,,,69,,,,,,
2005071022,"芝浦",,84,43,127,2,,,,75,,,,,,
2005071023,"芝浦",,74,40,114,2,,,,68,,,,,,
2005071024,"芝浦",,93,42,135,2,,,,74,,,,,,
2005071101,"芝浦",,9999,9999,9999,9995,,,,85,,,,,,
2005071102,"芝浦",,146,47,193,4,,,,89,,,,,,
2005071103,"芝浦",,146,46,192,4,,,,78,,,,,,
2005071104,"芝浦",,155,45,200,4,,,,75,,,,,,
2005071105,"芝浦",,71,31,102,4,,,,51,,,,,,
2005071106,"芝浦",,38,30,68,4,,,,51,,,,,,
2005071107,"芝浦",,32,33,65,6,,,,50,,,,,,
2005071108,"芝浦",,14,30,44,13,,,,38,,,,,,
2005071109,"芝浦",,16,33,49,17,,,,51,,,,,,
2005071110,"芝浦",,98,54,152,12,,,,73,,,,,,
2005071111,"芝浦",,90,86,176,9,,,,101,,,,,,
2005071112,"芝浦",,68,94,162,9,,,,79,,,,,,
2005071113,"芝浦",,58,88,146,13,,,,58,,,,,,
2005071114,"芝浦",,39,93,132,20,,,,75,,,,,,
2005071115,"芝浦",,55,97,152,13,,,,68,,,,,,
2005071116,"芝浦",,58,96,154,11,,,,73,,,,,,
2005071117,"芝浦",,83,110,193,9,,,,69,,,,,,
2005071118,"芝浦",,92,91,183,5,,,,70,,,,,,
2005071119,"芝浦",,160,81,241,4,,,,69,,,,,,
2005071120,"芝浦",,112,71,183,4,,,,59,,,,,,
2005071121,"芝浦",,68,59,127,4,,,,51,,,,,,
2005071122,"芝浦",,114,59,173,4,,,,62,,,,,,
2005071123,"芝浦",,121,55,176,4,,,,65,,,,,,
2005071124,"芝浦",,77,38,115,4,,,,70,,,,,,
2005071201,"芝浦",,79,35,114,4,,,,72,,,,,,
2005071202,"芝浦",,50,31,81,4,,,,72,,,,,,
2005071203,"芝浦",,54,29,83,4,,,,62,,,,,,
2005071204,"芝浦",,18,27,45,4,,,,44,,,,,,
2005071205,"芝浦",,19,26,45,4,,,,52,,,,,,
2005071206,"芝浦",,47,26,73,4,,,,61,,,,,,
2005071207,"芝浦",,52,25,77,4,,,,57,,,,,,
2005071208,"芝浦",,75,28,103,4,,,,58,,,,,,
2005071209,"芝浦",,76,29,105,4,,,,49,,,,,,
2005071210,"芝浦",,60,27,87,6,,,,44,,,,,,
2005071211,"芝浦",,47,27,74,4,,,,43,,,,,,
2005071212,"芝浦",,77,31,108,4,,,,52,,,,,,
2005071213,"芝浦",,57,31,88,5,,,,35,,,,,,
2005071214,"芝浦",,123,39,162,3,,,,50,,,,,,
2005071215,"芝浦",,100,42,142,4,,,,50,,,,,,
2005071216,"芝浦",,73,41,114,4,,,,44,,,,,,
2005071217,"芝浦",,31,28,59,5,,,,42,,,,,,
2005071218,"芝浦",,32,28,60,6,,,,36,,,,,,
2005071219,"芝浦",,61,30,91,4,,,,36,,,,,,
2005071220,"芝浦",,41,28,69,6,,,,36,,,,,,
2005071221,"芝浦",,17,23,40,7,,,,32,,,,,,
2005071222,"芝浦",,25,24,49,7,,,,24,,,,,,
2005071223,"芝浦",,23,24,47,8,,,,22,,,,,,
2005071224,"芝浦",,7,17,24,14,,,,23,,,,,,
2005071301,"芝浦",,8,17,25,13,,,,9,,,,,,
2005071302,"芝浦",,20,21,41,10,,,,13,,,,,,
2005071303,"芝浦",,13,20,33,9,,,,17,,,,,,
2005071304,"芝浦",,17,19,36,10,,,,21,,,,,,
2005071305,"芝浦",,24,20,44,9,,,,13,,,,,,
2005071306,"芝浦",,25,21,46,8,,,,14,,,,,,
2005071307,"芝浦",,14,21,35,8,,,,8,,,,,,
2005071308,"芝浦",,44,26,70,5,,,,14,,,,,,
2005071309,"芝浦",,48,28,76,5,,,,20,,,,,,
2005071310,"芝浦",,103,37,140,3,,,,22,,,,,,
2005071311,"芝浦",,114,41,155,5,,,,24,,,,,,
2005071312,"芝浦",,107,46,153,4,,,,29,,,,,,
2005071313,"芝浦",,48,39,87,9,,,,23,,,,,,
2005071314,"芝浦",,95,51,146,4,,,,43,,,,,,
2005071315,"芝浦",,9998,9998,9998,9998,,,,28,,,,,,
2005071316,"芝浦",,53,46,99,8,,,,26,,,,,,
2005071317,"芝浦",,53,49,102,7,,,,39,,,,,,
2005071318,"芝浦",,28,46,74,18,,,,29,,,,,,
2005071319,"芝浦",,29,37,66,10,,,,28,,,,,,
2005071320,"芝浦",,31,32,63,6,,,,15,,,,,,
2005071321,"芝浦",,26,28,54,6,,,,18,,,,,,
2005071322,"芝浦",,39,28,67,6,,,,28,,,,,,
2005071323,"芝浦",,34,28,62,5,,,,23,,,,,,
2005071324,"芝浦",,30,28,58,5,,,,30,,,,,,
2005071401,"芝浦",,28,28,56,6,,,,28,,,,,,
2005071402,"芝浦",,36,29,65,6,,,,37,,,,,,
2005071403,"芝浦",,25,24,49,5,,,,21,,,,,,
2005071404,"芝浦",,34,25,59,4,,,,35,,,,,,
2005071405,"芝浦",,52,27,79,3,,,,33,,,,,,
2005071406,"芝浦",,46,25,71,3,,,,30,,,,,,
2005071407,"芝浦",,82,27,109,4,,,,42,,,,,,
2005071408,"芝浦",,87,29,116,4,,,,43,,,,,,
2005071409,"芝浦",,122,34,156,4,,,,42,,,,,,
2005071410,"芝浦",,143,38,181,4,,,,35,,,,,,
2005071411,"芝浦",,140,42,182,4,,,,51,,,,,,
2005071412,"芝浦",,92,42,134,4,,,,48,,,,,,
2005071413,"芝浦",,64,44,108,5,,,,52,,,,,,
2005071414,"芝浦",,85,54,139,5,,,,74,,,,,,
2005071415,"芝浦",,50,56,106,6,,,,66,,,,,,
2005071416,"芝浦",,77,56,133,6,,,,69,,,,,,
2005071417,"芝浦",,135,65,200,4,,,,75,,,,,,
2005071418,"芝浦",,87,59,146,4,,,,74,,,,,,
2005071419,"芝浦",,55,59,114,4,,,,61,,,,,,
2005071420,"芝浦",,72,57,129,4,,,,75,,,,,,
2005071421,"芝浦",,31,47,78,6,,,,74,,,,,,
2005071422,"芝浦",,30,47,77,4,,,,67,,,,,,
2005071423,"芝浦",,75,50,125,4,,,,85,,,,,,
2005071424,"芝浦",,30,42,72,4,,,,68,,,,,,
2005071501,"芝浦",,110,41,151,4,,,,91,,,,,,
2005071502,"芝浦",,116,38,154,4,,,,80,,,,,,
2005071503,"芝浦",,133,38,171,4,,,,98,,,,,,
2005071504,"芝浦",,150,38,188,4,,,,102,,,,,,
2005071505,"芝浦",,136,36,172,5,,,,109,,,,,,
2005071506,"芝浦",,173,39,212,5,,,,106,,,,,,
2005071507,"芝浦",,181,43,224,5,,,,117,,,,,,
2005071508,"芝浦",,189,59,248,4,,,,128,,,,,,
2005071509,"芝浦",,194,70,264,5,,,,130,,,,,,
2005071510,"芝浦",,142,87,229,5,,,,126,,,,,,
2005071511,"芝浦",,62,128,190,19,,,,168,,,,,,
2005071512,"芝浦",,38,122,160,32,,,,159,,,,,,
2005071513,"芝浦",,17,112,129,56,,,,126,,,,,,
2005071514,"芝浦",,18,100,118,47,,,,106,,,,,,
2005071515,"芝浦",,35,80,115,24,,,,84,,,,,,
2005071516,"芝浦",,45,73,118,16,,,,71,,,,,,
2005071517,"芝浦",,73,79,152,10,,,,84,,,,,,
2005071518,"芝浦",,80,74,154,10,,,,82,,,,,,
2005071519,"芝浦",,118,66,184,4,,,,91,,,,,,
2005071520,"芝浦",,97,51,148,4,,,,79,,,,,,
2005071521,"芝浦",,30,32,62,6,,,,82,,,,,,
2005071522,"芝浦",,46,31,77,4,,,,72,,,,,,
2005071523,"芝浦",,51,31,82,4,,,,91,,,,,,
2005071524,"芝浦",,67,29,96,4,,,,88,,,,,,
2005071601,"芝浦",,76,27,103,4,,,,81,,,,,,
2005071602,"芝浦",,32,24,56,7,,,,71,,,,,,
2005071603,"芝浦",,6,18,24,12,,,,62,,,,,,
2005071604,"芝浦",,4,19,23,9,,,,72,,,,,,
2005071605,"芝浦",,7,23,30,6,,,,68,,,,,,
2005071606,"芝浦",,9,23,32,7,,,,67,,,,,,
2005071607,"芝浦",,12,24,36,8,,,,121,,,,,,
2005071608,"芝浦",,19,28,47,10,,,,92,,,,,,
2005071609,"芝浦",,91,40,131,6,,,,101,,,,,,
2005071610,"芝浦",,148,58,206,5,,,,125,,,,,,
2005071611,"芝浦",,151,65,216,6,,,,110,,,,,,
2005071612,"芝浦",,73,82,155,10,,,,116,,,,,,
2005071613,"芝浦",,48,83,131,18,,,,81,,,,,,
2005071614,"芝浦",,23,67,90,24,,,,83,,,,,,
2005071615,"芝浦",,26,68,94,27,,,,79,,,,,,
2005071616,"芝浦",,30,65,95,19,,,,92,,,,,,
2005071617,"芝浦",,16,43,59,26,,,,59,,,,,,
2005071618,"芝浦",,11,37,48,15,,,,58,,,,,,
2005071619,"芝浦",,22,29,51,12,,,,54,,,,,,
2005071620,"芝浦",,83,31,114,5,,,,72,,,,,,
2005071621,"芝浦",,59,27,86,5,,,,60,,,,,,
2005071622,"芝浦",,78,27,105,4,,,,62,,,,,,
2005071623,"芝浦",,77,27,104,5,,,,72,,,,,,
2005071624,"芝浦",,92,28,120,5,,,,90,,,,,,
2005071701,"芝浦",,89,29,118,5,,,,63,,,,,,
2005071702,"芝浦",,27,24,51,6,,,,54,,,,,,
2005071703,"芝浦",,8,22,30,5,,,,54,,,,,,
2005071704,"芝浦",,9,25,34,4,,,,68,,,,,,
2005071705,"芝浦",,69,26,95,5,,,,70,,,,,,
2005071706,"芝浦",,74,24,98,5,,,,71,,,,,,
2005071707,"芝浦",,81,28,109,5,,,,64,,,,,,
2005071708,"芝浦",,23,30,53,9,,,,78,,,,,,
2005071709,"芝浦",,54,41,95,8,,,,93,,,,,,
2005071710,"芝浦",,65,51,116,8,,,,107,,,,,,
2005071711,"芝浦",,48,49,97,10,,,,91,,,,,,
2005071712,"芝浦",,21,46,67,24,,,,106,,,,,,
2005071713,"芝浦",,6,51,57,61,,,,150,,,,,,
2005071714,"芝浦",,3,46,49,94,,,,111,,,,,,
2005071715,"芝浦",,3,44,47,85,,,,105,,,,,,
2005071716,"芝浦",,14,55,69,36,,,,109,,,,,,
2005071717,"芝浦",,10,36,46,39,,,,81,,,,,,
2005071718,"芝浦",,4,23,27,43,,,,62,,,,,,
2005071719,"芝浦",,24,38,62,12,,,,83,,,,,,
2005071720,"芝浦",,33,37,70,6,,,,81,,,,,,
2005071721,"芝浦",,44,29,73,5,,,,54,,,,,,
2005071722,"芝浦",,40,28,68,5,,,,58,,,,,,
2005071723,"芝浦",,51,31,82,5,,,,64,,,,,,
2005071724,"芝浦",,54,31,85,7,,,,80,,,,,,
2005071801,"芝浦",,9999,9999,9999,9995,,,,70,,,,,,
2005071802,"芝浦",,49,32,81,5,,,,62,,,,,,
2005071803,"芝浦",,14,28,42,5,,,,66,,,,,,
2005071804,"芝浦",,76,32,108,5,,,,82,,,,,,
2005071805,"芝浦",,69,32,101,5,,,,76,,,,,,
2005071806,"芝浦",,55,31,86,6,,,,78,,,,,,
2005071807,"芝浦",,17,32,49,10,,,,73,,,,,,
2005071808,"芝浦",,18,34,52,19,,,,79,,,,,,
2005071809,"芝浦",,39,52,91,15,,,,87,,,,,,
2005071810,"芝浦",,21,54,75,29,,,,89,,,,,,
2005071811,"芝浦",,25,63,88,32,,,,121,,,,,,
2005071812,"芝浦",,5,56,61,89,,,,116,,,,,,
2005071813,"芝浦",,5,47,52,86,,,,89,,,,,,
2005071814,"芝浦",,7,39,46,58,,,,68,,,,,,
2005071815,"芝浦",,8,39,47,53,,,,70,,,,,,
2005071816,"芝浦",,8,41,49,47,,,,83,,,,,,
2005071817,"芝浦",,12,51,63,33,,,,107,,,,,,
2005071818,"芝浦",,13,58,71,24,,,,87,,,,,,
2005071819,"芝浦",,2,24,26,52,,,,54,,,,,,
2005071820,"芝浦",,1,18,19,44,,,,44,,,,,,
2005071821,"芝浦",,24,40,64,12,,,,56,,,,,,
2005071822,"芝浦",,52,37,89,12,,,,51,,,,,,
2005071823,"芝浦",,46,31,77,17,,,,56,,,,,,
2005071824,"芝浦",,95,42,137,5,,,,57,,,,,,
2005071901,"芝浦",,24,38,62,6,,,,67,,,,,,
2005071902,"芝浦",,4,32,36,10,,,,66,,,,,,
2005071903,"芝浦",,3,28,31,14,,,,69,,,,,,
2005071904,"芝浦",,8,31,39,9,,,,83,,,,,,
2005071905,"芝浦",,89,44,133,5,,,,103,,,,,,
2005071906,"芝浦",,122,42,164,6,,,,69,,,,,,
2005071907,"芝浦",,182,52,234,5,,,,104,,,,,,
2005071908,"芝浦",,118,60,178,6,,,,116,,,,,,
2005071909,"芝浦",,107,75,182,7,,,,110,,,,,,
2005071910,"芝浦",,105,92,197,8,,,,116,,,,,,
2005071911,"芝浦",,57,112,169,14,,,,113,,,,,,
2005071912,"芝浦",,73,101,174,10,,,,92,,,,,,
2005071913,"芝浦",,17,39,56,30,,,,31,,,,,,
2005071914,"芝浦",,7,22,29,46,,,,35,,,,,,
2005071915,"芝浦",,7,25,32,48,,,,31,,,,,,
2005071916,"芝浦",,10,31,41,38,,,,27,,,,,,
2005071917,"芝浦",,24,48,72,21,,,,27,,,,,,
2005071918,"芝浦",,21,41,62,24,,,,30,,,,,,
2005071919,"芝浦",,31,49,80,18,,,,67,,,,,,
2005071920,"芝浦",,16,39,55,24,,,,43,,,,,,
2005071921,"芝浦",,5,24,29,31,,,,34,,,,,,
2005071922,"芝浦",,13,33,46,21,,,,30,,,,,,
2005071923,"芝浦",,17,40,57,14,,,,39,,,,,,
2005071924,"芝浦",,15,36,51,16,,,,38,,,,,,
2005072001,"芝浦",,25,36,61,17,,,,45,,,,,,
2005072002,"芝浦",,37,41,78,13,,,,45,,,,,,
2005072003,"芝浦",,48,44,92,9,,,,41,,,,,,
2005072004,"芝浦",,53,47,100,4,,,,27,,,,,,
2005072005,"芝浦",,73,48,121,3,,,,38,,,,,,
2005072006,"芝浦",,79,44,123,3,,,,39,,,,,,
2005072007,"芝浦",,88,47,135,4,,,,45,,,,,,
2005072008,"芝浦",,46,44,90,9,,,,32,,,,,,
2005072009,"芝浦",,89,53,142,5,,,,28,,,,,,
2005072010,"芝浦",,100,62,162,5,,,,35,,,,,,
2005072011,"芝浦",,85,62,147,6,,,,47,,,,,,
2005072012,"芝浦",,70,61,131,8,,,,44,,,,,,
2005072013,"芝浦",,38,61,99,18,,,,51,,,,,,
2005072014,"芝浦",,32,57,89,25,,,,38,,,,,,
2005072015,"芝浦",,26,63,89,25,,,,45,,,,,,
2005072016,"芝浦",,32,63,95,24,,,,43,,,,,,
2005072017,"芝浦",,32,62,94,17,,,,39,,,,,,
2005072018,"芝浦",,38,58,96,10,,,,37,,,,,,
2005072019,"芝浦",,25,48,73,11,,,,26,,,,,,
2005072020,"芝浦",,10,37,47,15,,,,24,,,,,,
2005072021,"芝浦",,3,24,27,27,,,,28,,,,,,
2005072022,"芝浦",,2,18,20,33,,,,23,,,,,,
2005072023,"芝浦",,3,19,22,31,,,,36,,,,,,
2005072024,"芝浦",,3,21,24,27,,,,43,,,,,,
2005072101,"芝浦",,5,28,33,20,,,,31,,,,,,
2005072102,"芝浦",,7,28,35,16,,,,42,,,,,,
2005072103,"芝浦",,5,24,29,19,,,,40,,,,,,
2005072104,"芝浦",,2,19,21,24,,,,42,,,,,,
2005072105,"芝浦",,2,15,17,26,,,,34,,,,,,
2005072106,"芝浦",,3,16,19,23,,,,29,,,,,,
2005072107,"芝浦",,6,19,25,22,,,,37,,,,,,
2005072108,"芝浦",,10,23,33,23,,,,27,,,,,,
2005072109,"芝浦",,41,39,80,17,,,,40,,,,,,
2005072110,"芝浦",,99,64,163,7,,,,62,,,,,,
2005072111,"芝浦",,59,69,128,12,,,,63,,,,,,
2005072112,"芝浦",,101,77,178,9,,,,76,,,,,,
2005072113,"芝浦",,70,69,139,15,,,,70,,,,,,
2005072114,"芝浦",,69,69,138,14,,,,79,,,,,,
2005072115,"芝浦",,52,66,118,13,,,,69,,,,,,
2005072116,"芝浦",,41,60,101,15,,,,69,,,,,,
2005072117,"芝浦",,51,64,115,11,,,,68,,,,,,
2005072118,"芝浦",,68,65,133,6,,,,77,,,,,,
2005072119,"芝浦",,41,54,95,11,,,,62,,,,,,
2005072120,"芝浦",,52,51,103,10,,,,65,,,,,,
2005072121,"芝浦",,25,44,69,11,,,,68,,,,,,
2005072122,"芝浦",,37,46,83,8,,,,66,,,,,,
2005072123,"芝浦",,89,49,138,4,,,,78,,,,,,
2005072124,"芝浦",,85,47,132,4,,,,84,,,,,,
2005072201,"芝浦",,45,42,87,6,,,,86,,,,,,
2005072202,"芝浦",,4,25,29,17,,,,69,,,,,,
2005072203,"芝浦",,2,19,21,22,,,,74,,,,,,
2005072204,"芝浦",,4,18,22,22,,,,69,,,,,,
2005072205,"芝浦",,3,22,25,13,,,,71,,,,,,
2005072206,"芝浦",,8,26,34,9,,,,78,,,,,,
2005072207,"芝浦",,47,33,80,7,,,,90,,,,,,
2005072208,"芝浦",,136,51,187,5,,,,129,,,,,,
2005072209,"芝浦",,106,52,158,7,,,,109,,,,,,
2005072210,"芝浦",,66,46,112,10,,,,88,,,,,,
2005072211,"芝浦",,55,51,106,18,,,,89,,,,,,
2005072212,"芝浦",,34,50,84,25,,,,73,,,,,,
2005072213,"芝浦",,32,43,75,31,,,,51,,,,,,
2005072214,"芝浦",,26,39,65,31,,,,48,,,,,,
2005072215,"芝浦",,9998,9998,9998,9998,,,,9998,,,,,,
2005072216,"芝浦",,24,32,56,20,,,,19,,,,,,
2005072217,"芝浦",,19,28,47,25,,,,35,,,,,,
2005072218,"芝浦",,17,30,47,21,,,,18,,,,,,
2005072219,"芝浦",,37,39,76,11,,,,22,,,,,,
2005072220,"芝浦",,17,28,45,17,,,,20,,,,,,
2005072221,"芝浦",,14,24,38,19,,,,26,,,,,,
2005072222,"芝浦",,30,33,63,10,,,,35,,,,,,
2005072223,"芝浦",,13,23,36,17,,,,27,,,,,,
2005072224,"芝浦",,10,19,29,18,,,,22,,,,,,
2005072301,"芝浦",,11,14,25,24,,,,21,,,,,,
2005072302,"芝浦",,6,11,17,23,,,,27,,,,,,
2005072303,"芝浦",,10,15,25,19,,,,24,,,,,,
2005072304,"芝浦",,9,11,20,20,,,,17,,,,,,
2005072305,"芝浦",,9,14,23,17,,,,23,,,,,,
2005072306,"芝浦",,22,19,41,12,,,,21,,,,,,
2005072307,"芝浦",,26,23,49,10,,,,30,,,,,,
2005072308,"芝浦",,13,21,34,12,,,,25,,,,,,
2005072309,"芝浦",,24,22,46,12,,,,30,,,,,,
2005072310,"芝浦",,80,34,114,6,,,,38,,,,,,
2005072311,"芝浦",,77,34,111,7,,,,45,,,,,,
2005072312,"芝浦",,84,39,123,7,,,,30,,,,,,
2005072313,"芝浦",,68,44,112,7,,,,44,,,,,,
2005072314,"芝浦",,44,42,86,11,,,,34,,,,,,
2005072315,"芝浦",,56,50,106,15,,,,42,,,,,,
2005072316,"芝浦",,29,52,81,17,,,,45,,,,,,
2005072317,"芝浦",,20,43,63,24,,,,40,,,,,,
2005072318,"芝浦",,13,50,63,34,,,,55,,,,,,
2005072319,"芝浦",,16,36,52,18,,,,32,,,,,,
2005072320,"芝浦",,20,29,49,10,,,,20,,,,,,
2005072321,"芝浦",,15,24,39,11,,,,23,,,,,,
2005072322,"芝浦",,9,19,28,15,,,,22,,,,,,
2005072323,"芝浦",,13,22,35,11,,,,23,,,,,,
2005072324,"芝浦",,19,25,44,7,,,,30,,,,,,
2005072401,"芝浦",,18,25,43,5,,,,25,,,,,,
2005072402,"芝浦",,28,27,55,3,,,,26,,,,,,
2005072403,"芝浦",,16,25,41,4,,,,28,,,,,,
2005072404,"芝浦",,38,27,65,3,,,,32,,,,,,
2005072405,"芝浦",,47,26,73,3,,,,33,,,,,,
2005072406,"芝浦",,16,22,38,3,,,,42,,,,,,
2005072407,"芝浦",,44,24,68,3,,,,44,,,,,,
2005072408,"芝浦",,60,28,88,4,,,,52,,,,,,
2005072409,"芝浦",,55,33,88,5,,,,46,,,,,,
2005072410,"芝浦",,50,36,86,6,,,,56,,,,,,
2005072411,"芝浦",,33,36,69,9,,,,54,,,,,,
2005072412,"芝浦",,17,34,51,18,,,,40,,,,,,
2005072413,"芝浦",,21,34,55,20,,,,40,,,,,,
2005072414,"芝浦",,7,31,38,44,,,,51,,,,,,
2005072415,"芝浦",,10,37,47,30,,,,40,,,,,,
2005072416,"芝浦",,11,29,40,26,,,,33,,,,,,
2005072417,"芝浦",,11,24,35,20,,,,32,,,,,,
2005072418,"芝浦",,14,38,52,13,,,,33,,,,,,
2005072419,"芝浦",,18,43,61,10,,,,57,,,,,,
2005072420,"芝浦",,24,36,60,7,,,,40,,,,,,
2005072421,"芝浦",,6,23,29,15,,,,22,,,,,,
2005072422,"芝浦",,14,25,39,9,,,,32,,,,,,
2005072423,"芝浦",,16,26,42,10,,,,40,,,,,,
2005072424,"芝浦",,13,26,39,11,,,,36,,,,,,
2005072501,"芝浦",,9999,9999,9999,9995,,,,27,,,,,,
2005072502,"芝浦",,31,31,62,6,,,,48,,,,,,
2005072503,"芝浦",,25,25,50,9,,,,37,,,,,,
2005072504,"芝浦",,9,20,29,10,,,,44,,,,,,
2005072505,"芝浦",,14,23,37,7,,,,45,,,,,,
2005072506,"芝浦",,69,29,98,6,,,,53,,,,,,
2005072507,"芝浦",,88,32,120,6,,,,23,,,,,,
2005072508,"芝浦",,68,33,101,6,,,,60,,,,,,
2005072509,"芝浦",,137,40,177,6,,,,62,,,,,,
2005072510,"芝浦",,63,36,99,10,,,,57,,,,,,
2005072511,"芝浦",,66,41,107,10,,,,54,,,,,,
2005072512,"芝浦",,85,45,130,10,,,,61,,,,,,
2005072513,"芝浦",,52,49,101,13,,,,56,,,,,,
2005072514,"芝浦",,70,48,118,10,,,,58,,,,,,
2005072515,"芝浦",,9998,9998,9998,9998,,,,36,,,,,,
2005072516,"芝浦",,9998,9998,9998,6,,,,44,,,,,,
2005072517,"芝浦",,74,31,105,5,,,,44,,,,,,
2005072518,"芝浦",,71,22,93,5,,,,45,,,,,,
2005072519,"芝浦",,73,21,94,5,,,,46,,,,,,
2005072520,"芝浦",,37,17,54,6,,,,45,,,,,,
2005072521,"芝浦",,30,13,43,7,,,,50,,,,,,
2005072522,"芝浦",,40,14,54,9,,,,38,,,,,,
2005072523,"芝浦",,21,19,40,8,,,,14,,,,,,
2005072524,"芝浦",,27,24,51,7,,,,27,,,,,,
2005072601,"芝浦",,28,26,54,6,,,,31,,,,,,
2005072602,"芝浦",,24,26,50,5,,,,21,,,,,,
2005072603,"芝浦",,21,21,42,8,,,,24,,,,,,
2005072604,"芝浦",,27,19,46,10,,,,22,,,,,,
2005072605,"芝浦",,21,19,40,12,,,,26,,,,,,
2005072606,"芝浦",,38,22,60,9,,,,26,,,,,,
2005072607,"芝浦",,45,23,68,7,,,,25,,,,,,
2005072608,"芝浦",,46,22,68,8,,,,20,,,,,,
2005072609,"芝浦",,49,20,69,8,,,,20,,,,,,
2005072610,"芝浦",,111,28,139,7,,,,47,,,,,,
2005072611,"芝浦",,113,26,139,8,,,,50,,,,,,
2005072612,"芝浦",,57,21,78,10,,,,49,,,,,,
2005072613,"芝浦",,37,18,55,9,,,,62,,,,,,
2005072614,"芝浦",,27,16,43,11,,,,55,,,,,,
2005072615,"芝浦",,45,18,63,11,,,,73,,,,,,
2005072616,"芝浦",,38,18,56,11,,,,57,,,,,,
2005072617,"芝浦",,54,23,77,9,,,,62,,,,,,
2005072618,"芝浦",,51,23,74,10,,,,45,,,,,,
2005072619,"芝浦",,43,25,68,14,,,,36,,,,,,
2005072620,"芝浦",,13,20,33,17,,,,26,,,,,,
2005072621,"芝浦",,6,17,23,19,,,,41,,,,,,
2005072622,"芝浦",,8,16,24,19,,,,39,,,,,,
2005072623,"芝浦",,6,15,21,16,,,,23,,,,,,
2005072624,"芝浦",,3,10,13,14,,,,8,,,,,,
2005072701,"芝浦",,4,14,18,9,,,,16,,,,,,
2005072702,"芝浦",,3,14,17,10,,,,20,,,,,,
2005072703,"芝浦",,3,13,16,10,,,,12,,,,,,
2005072704,"芝浦",,3,13,16,8,,,,25,,,,,,
2005072705,"芝浦",,5,13,18,7,,,,28,,,,,,
2005072706,"芝浦",,14,14,28,6,,,,26,,,,,,
2005072707,"芝浦",,44,17,61,6,,,,35,,,,,,
2005072708,"芝浦",,58,22,80,6,,,,31,,,,,,
2005072709,"芝浦",,31,24,55,9,,,,24,,,,,,
2005072710,"芝浦",,19,24,43,18,,,,13,,,,,,
2005072711,"芝浦",,12,18,30,27,,,,15,,,,,,
2005072712,"芝浦",,10,21,31,35,,,,22,,,,,,
2005072713,"芝浦",,8,19,27,44,,,,22,,,,,,
2005072714,"芝浦",,11,22,33,39,,,,23,,,,,,
2005072715,"芝浦",,11,21,32,36,,,,22,,,,,,
2005072716,"芝浦",,11,28,39,30,,,,19,,,,,,
2005072717,"芝浦",,14,30,44,27,,,,24,,,,,,
2005072718,"芝浦",,12,30,42,22,,,,15,,,,,,
2005072719,"芝浦",,11,27,38,20,,,,14,,,,,,
2005072720,"芝浦",,15,34,49,11,,,,23,,,,,,
2005072721,"芝浦",,13,30,43,12,,,,14,,,,,,
2005072722,"芝浦",,16,33,49,6,,,,54,,,,,,
2005072723,"芝浦",,9,29,38,9,,,,21,,,,,,
2005072724,"芝浦",,6,22,28,14,,,,22,,,,,,
2005072801,"芝浦",,5,20,25,15,,,,20,,,,,,
2005072802,"芝浦",,3,19,22,15,,,,16,,,,,,
2005072803,"芝浦",,4,19,23,13,,,,8,,,,,,
2005072804,"芝浦",,5,21,26,11,,,,24,,,,,,
2005072805,"芝浦",,8,23,31,7,,,,26,,,,,,
2005072806,"芝浦",,13,23,36,8,,,,19,,,,,,
2005072807,"芝浦",,20,25,45,7,,,,19,,,,,,
2005072808,"芝浦",,18,22,40,14,,,,20,,,,,,
2005072809,"芝浦",,13,20,33,19,,,,24,,,,,,
2005072810,"芝浦",,18,32,50,19,,,,25,,,,,,
2005072811,"芝浦",,84,72,156,9,,,,49,,,,,,
2005072812,"芝浦",,61,84,145,18,,,,40,,,,,,
2005072813,"芝浦",,33,93,126,29,,,,44,,,,,,
2005072814,"芝浦",,30,88,118,33,,,,45,,,,,,
2005072815,"芝浦",,37,71,108,25,,,,41,,,,,,
2005072816,"芝浦",,10,32,42,48,,,,27,,,,,,
2005072817,"芝浦",,23,49,72,25,,,,32,,,,,,
2005072818,"芝浦",,34,49,83,14,,,,36,,,,,,
2005072819,"芝浦",,25,40,65,11,,,,24,,,,,,
2005072820,"芝浦",,34,45,79,7,,,,47,,,,,,
2005072821,"芝浦",,37,44,81,8,,,,45,,,,,,
2005072822,"芝浦",,49,44,93,5,,,,51,,,,,,
2005072823,"芝浦",,43,43,86,5,,,,43,,,,,,
2005072824,"芝浦",,45,45,90,6,,,,54,,,,,,
2005072901,"芝浦",,59,43,102,5,,,,58,,,,,,
2005072902,"芝浦",,37,45,82,7,,,,51,,,,,,
2005072903,"芝浦",,29,43,72,7,,,,62,,,,,,
2005072904,"芝浦",,13,33,46,11,,,,63,,,,,,
2005072905,"芝浦",,56,41,97,6,,,,61,,,,,,
2005072906,"芝浦",,77,46,123,5,,,,87,,,,,,
2005072907,"芝浦",,100,49,149,5,,,,91,,,,,,
2005072908,"芝浦",,89,51,140,6,,,,76,,,,,,
2005072909,"芝浦",,183,64,247,5,,,,108,,,,,,
2005072910,"芝浦",,145,67,212,6,,,,122,,,,,,
2005072911,"芝浦",,80,75,155,12,,,,104,,,,,,
2005072912,"芝浦",,48,70,118,21,,,,97,,,,,,
2005072913,"芝浦",,26,52,78,27,,,,75,,,,,,
2005072914,"芝浦",,39,57,96,20,,,,99,,,,,,
2005072915,"芝浦",,52,55,107,15,,,,128,,,,,,
2005072916,"芝浦",,55,53,108,15,,,,107,,,,,,
2005072917,"芝浦",,67,51,118,10,,,,107,,,,,,
2005072918,"芝浦",,71,48,119,11,,,,110,,,,,,
2005072919,"芝浦",,105,43,148,6,,,,94,,,,,,
2005072920,"芝浦",,109,38,147,7,,,,112,,,,,,
2005072921,"芝浦",,111,38,149,6,,,,146,,,,,,
2005072922,"芝浦",,86,36,122,6,,,,110,,,,,,
2005072923,"芝浦",,93,33,126,6,,,,98,,,,,,
2005072924,"芝浦",,94,26,120,6,,,,93,,,,,,
2005073001,"芝浦",,29,24,53,6,,,,74,,,,,,
2005073002,"芝浦",,21,21,42,7,,,,79,,,,,,
2005073003,"芝浦",,6,20,26,7,,,,72,,,,,,
2005073004,"芝浦",,52,24,76,6,,,,85,,,,,,
2005073005,"芝浦",,131,28,159,8,,,,108,,,,,,
2005073006,"芝浦",,153,29,182,9,,,,100,,,,,,
2005073007,"芝浦",,76,24,100,8,,,,104,,,,,,
2005073008,"芝浦",,83,29,112,8,,,,98,,,,,,
2005073009,"芝浦",,49,30,79,10,,,,93,,,,,,
2005073010,"芝浦",,132,43,175,9,,,,112,,,,,,
2005073011,"芝浦",,131,52,183,9,,,,112,,,,,,
2005073012,"芝浦",,97,56,153,12,,,,133,,,,,,
2005073013,"芝浦",,62,66,128,16,,,,135,,,,,,
2005073014,"芝浦",,50,75,125,19,,,,135,,,,,,
2005073015,"芝浦",,33,75,108,19,,,,105,,,,,,
2005073016,"芝浦",,20,80,100,29,,,,144,,,,,,
2005073017,"芝浦",,7,50,57,46,,,,65,,,,,,
2005073018,"芝浦",,4,34,38,41,,,,75,,,,,,
2005073019,"芝浦",,62,43,105,13,,,,127,,,,,,
2005073020,"芝浦",,48,41,89,7,,,,84,,,,,,
2005073021,"芝浦",,55,40,95,8,,,,93,,,,,,
2005073022,"芝浦",,61,42,103,7,,,,85,,,,,,
2005073023,"芝浦",,58,46,104,8,,,,116,,,,,,
2005073024,"芝浦",,86,48,134,8,,,,99,,,,,,
2005073101,"芝浦",,43,47,90,7,,,,101,,,,,,
2005073102,"芝浦",,36,40,76,7,,,,103,,,,,,
2005073103,"芝浦",,48,39,87,8,,,,100,,,,,,
2005073104,"芝浦",,20,33,53,8,,,,86,,,,,,
2005073105,"芝浦",,15,24,39,11,,,,111,,,,,,
2005073106,"芝浦",,3,20,23,15,,,,75,,,,,,
2005073107,"芝浦",,10,26,36,12,,,,86,,,,,,
2005073108,"芝浦",,5,22,27,18,,,,93,,,,,,
2005073109,"芝浦",,12,26,38,20,,,,98,,,,,,
2005073110,"芝浦",,26,32,58,20,,,,106,,,,,,
2005073111,"芝浦",,18,39,57,35,,,,117,,,,,,
2005073112,"芝浦",,13,49,62,40,,,,121,,,,,,
2005073113,"芝浦",,5,49,54,96,,,,138,,,,,,
2005073114,"芝浦",,5,44,49,84,,,,98,,,,,,
2005073115,"芝浦",,4,35,39,79,,,,118,,,,,,
2005073116,"芝浦",,9,34,43,38,,,,69,,,,,,
2005073117,"芝浦",,14,35,49,25,,,,35,,,,,,
2005073118,"芝浦",,10,28,38,22,,,,41,,,,,,
2005073119,"芝浦",,12,29,41,16,,,,36,,,,,,
2005073120,"芝浦",,23,36,59,9,,,,40,,,,,,
2005073121,"芝浦",,14,33,47,10,,,,42,,,,,,
2005073122,"芝浦",,6,27,33,13,,,,43,,,,,,
2005073123,"芝浦",,15,29,44,11,,,,36,,,,,,
2005073124,"芝浦",,26,33,59,8,,,,39,,,,,,
2005060101,"芝浦",,2,28,30,42,,,,66,,,,,,
2005060102,"芝浦",,1,20,21,46,,,,62,,,,,,
2005060103,"芝浦",,1,18,19,41,,,,53,,,,,,
2005060104,"芝浦",,2,21,23,34,,,,53,,,,,,
2005060105,"芝浦",,2,24,26,26,,,,72,,,,,,
2005060106,"芝浦",,135,54,189,7,,,,99,,,,,,
2005060107,"芝浦",,69,50,119,5,,,,69,,,,,,
2005060108,"芝浦",,61,54,115,8,,,,90,,,,,,
2005060109,"芝浦",,110,64,174,6,,,,75,,,,,,
2005060110,"芝浦",,151,78,229,5,,,,70,,,,,,
2005060111,"芝浦",,133,77,210,5,,,,70,,,,,,
2005060112,"芝浦",,133,79,212,5,,,,69,,,,,,
2005060113,"芝浦",,108,80,188,6,,,,62,,,,,,
2005060114,"芝浦",,77,96,173,12,,,,71,,,,,,
2005060115,"芝浦",,49,95,144,17,,,,96,,,,,,
2005060116,"芝浦",,37,91,128,18,,,,77,,,,,,
2005060117,"芝浦",,56,98,154,9,,,,78,,,,,,
2005060118,"芝浦",,17,61,78,39,,,,52,,,,,,
2005060119,"芝浦",,17,68,85,32,,,,62,,,,,,
2005060120,"芝浦",,35,81,116,14,,,,59,,,,,,
2005060121,"芝浦",,37,80,117,6,,,,78,,,,,,
2005060122,"芝浦",,19,66,85,8,,,,94,,,,,,
2005060123,"芝浦",,46,71,117,4,,,,80,,,,,,
2005060124,"芝浦",,16,51,67,28,,,,54,,,,,,
2005060201,"芝浦",,2,18,20,57,,,,40,,,,,,
2005060202,"芝浦",,3,21,24,41,,,,53,,,,,,
2005060203,"芝浦",,1,22,23,30,,,,49,,,,,,
2005060204,"芝浦",,2,34,36,21,,,,44,,,,,,
2005060205,"芝浦",,4,35,39,18,,,,55,,,,,,
2005060206,"芝浦",,2,23,25,26,,,,44,,,,,,
2005060207,"芝浦",,9,27,36,19,,,,45,,,,,,
2005060208,"芝浦",,8,28,36,24,,,,42,,,,,,
2005060209,"芝浦",,10,37,47,24,,,,61,,,,,,
2005060210,"芝浦",,15,40,55,24,,,,54,,,,,,
2005060211,"芝浦",,40,44,84,20,,,,39,,,,,,
2005060212,"芝浦",,59,50,109,9,,,,59,,,,,,
2005060213,"芝浦",,23,37,60,19,,,,53,,,,,,
2005060214,"芝浦",,13,31,44,26,,,,40,,,,,,
2005060215,"芝浦",,9998,9998,9998,9998,,,,36,,,,,,
2005060216,"芝浦",,13,32,45,25,,,,29,,,,,,
2005060217,"芝浦",,20,37,57,23,,,,37,,,,,,
2005060218,"芝浦",,85,64,149,4,,,,42,,,,,,
2005060219,"芝浦",,85,63,148,3,,,,48,,,,,,
2005060220,"芝浦",,79,61,140,3,,,,46,,,,,,
2005060221,"芝浦",,31,53,84,4,,,,49,,,,,,
2005060222,"芝浦",,74,56,130,4,,,,53,,,,,,
2005060223,"芝浦",,50,53,103,3,,,,57,,,,,,
2005060224,"芝浦",,25,46,71,3,,,,42,,,,,,
2005060301,"芝浦",,20,37,57,4,,,,41,,,,,,
2005060302,"芝浦",,7,24,31,10,,,,31,,,,,,
2005060303,"芝浦",,5,19,24,14,,,,27,,,,,,
2005060304,"芝浦",,5,18,23,19,,,,28,,,,,,
2005060305,"芝浦",,8,23,31,14,,,,29,,,,,,
2005060306,"芝浦",,8,23,31,14,,,,33,,,,,,
2005060307,"芝浦",,9,24,33,11,,,,34,,,,,,
2005060308,"芝浦",,13,24,37,13,,,,38,,,,,,
2005060309,"芝浦",,16,27,43,13,,,,35,,,,,,
2005060310,"芝浦",,47,38,85,10,,,,34,,,,,,
2005060311,"芝浦",,36,37,73,18,,,,30,,,,,,
2005060312,"芝浦",,31,40,71,17,,,,29,,,,,,
2005060313,"芝浦",,119,63,182,7,,,,46,,,,,,
2005060314,"芝浦",,78,61,139,8,,,,59,,,,,,
2005060315,"芝浦",,48,53,101,14,,,,49,,,,,,
2005060316,"芝浦",,46,60,106,14,,,,52,,,,,,
2005060317,"芝浦",,62,64,126,8,,,,61,,,,,,
2005060318,"芝浦",,51,57,108,9,,,,45,,,,,,
2005060319,"芝浦",,56,63,119,4,,,,50,,,,,,
2005060320,"芝浦",,62,62,124,4,,,,58,,,,,,
2005060321,"芝浦",,22,41,63,12,,,,52,,,,,,
2005060322,"芝浦",,9,21,30,18,,,,48,,,,,,
2005060323,"芝浦",,16,24,40,15,,,,45,,,,,,
2005060324,"芝浦",,18,28,46,11,,,,39,,,,,,
2005060401,"芝浦",,23,30,53,9,,,,40,,,,,,
2005060402,"芝浦",,27,32,59,6,,,,52,,,,,,
2005060403,"芝浦",,40,32,72,5,,,,58,,,,,,
2005060404,"芝浦",,30,32,62,7,,,,41,,,,,,
2005060405,"芝浦",,28,29,57,10,,,,31,,,,,,
2005060406,"芝浦",,34,31,65,7,,,,31,,,,,,
2005060407,"芝浦",,64,33,97,6,,,,32,,,,,,
2005060408,"芝浦",,43,31,74,7,,,,19,,,,,,
2005060409,"芝浦",,54,34,88,8,,,,12,,,,,,
2005060410,"芝浦",,64,36,100,6,,,,25,,,,,,
2005060411,"芝浦",,80,39,119,9,,,,20,,,,,,
2005060412,"芝浦",,52,38,90,13,,,,19,,,,,,
2005060413,"芝浦",,50,45,95,16,,,,31,,,,,,
2005060414,"芝浦",,26,49,75,27,,,,46,,,,,,
2005060415,"芝浦",,25,48,73,23,,,,28,,,,,,
2005060416,"芝浦",,25,48,73,21,,,,33,,,,,,
2005060417,"芝浦",,25,47,72,12,,,,36,,,,,,
2005060418,"芝浦",,22,29,51,16,,,,28,,,,,,
2005060419,"芝浦",,45,35,80,10,,,,43,,,,,,
2005060420,"芝浦",,26,35,61,5,,,,27,,,,,,
2005060421,"芝浦",,29,36,65,4,,,,29,,,,,,
2005060422,"芝浦",,32,33,65,6,,,,27,,,,,,
2005060423,"芝浦",,37,28,65,7,,,,23,,,,,,
2005060424,"芝浦",,26,29,55,5,,,,31,,,,,,
2005060501,"芝浦",,27,29,56,5,,,,39,,,,,,
2005060502,"芝浦",,20,27,47,4,,,,31,,,,,,
2005060503,"芝浦",,30,28,58,3,,,,42,,,,,,
2005060504,"芝浦",,40,28,68,3,,,,41,,,,,,
2005060505,"芝浦",,51,29,80,3,,,,38,,,,,,
2005060506,"芝浦",,56,28,84,4,,,,45,,,,,,
2005060507,"芝浦",,18,27,45,8,,,,50,,,,,,
2005060508,"芝浦",,8,19,27,20,,,,54,,,,,,
2005060509,"芝浦",,35,31,66,17,,,,53,,,,,,
2005060510,"芝浦",,28,35,63,22,,,,60,,,,,,
2005060511,"芝浦",,12,28,40,39,,,,42,,,,,,
2005060512,"芝浦",,8,26,34,56,,,,44,,,,,,
2005060513,"芝浦",,7,27,34,68,,,,45,,,,,,
2005060514,"芝浦",,8,27,35,62,,,,29,,,,,,
2005060515,"芝浦",,6,27,33,69,,,,40,,,,,,
2005060516,"芝浦",,6,25,31,63,,,,31,,,,,,
2005060517,"芝浦",,7,24,31,52,,,,28,,,,,,
2005060518,"芝浦",,4,16,20,55,,,,26,,,,,,
2005060519,"芝浦",,9,29,38,42,,,,24,,,,,,
2005060520,"芝浦",,4,20,24,47,,,,26,,,,,,
2005060521,"芝浦",,4,24,28,40,,,,22,,,,,,
2005060522,"芝浦",,25,38,63,26,,,,33,,,,,,
2005060523,"芝浦",,20,47,67,13,,,,25,,,,,,
2005060524,"芝浦",,26,36,62,10,,,,49,,,,,,
2005060601,"芝浦",,9999,9999,9999,9995,,,,45,,,,,,
2005060602,"芝浦",,39,43,82,7,,,,42,,,,,,
2005060603,"芝浦",,23,41,64,8,,,,46,,,,,,
2005060604,"芝浦",,22,39,61,7,,,,46,,,,,,
2005060605,"芝浦",,12,31,43,13,,,,32,,,,,,
2005060606,"芝浦",,61,45,106,5,,,,46,,,,,,
2005060607,"芝浦",,133,60,193,6,,,,51,,,,,,
2005060608,"芝浦",,113,59,172,6,,,,48,,,,,,
2005060609,"芝浦",,100,60,160,10,,,,40,,,,,,
2005060610,"芝浦",,80,62,142,15,,,,34,,,,,,
2005060611,"芝浦",,58,64,122,17,,,,37,,,,,,
2005060612,"芝浦",,60,67,127,20,,,,45,,,,,,
2005060613,"芝浦",,40,68,108,29,,,,44,,,,,,
2005060614,"芝浦",,31,71,102,35,,,,45,,,,,,
2005060615,"芝浦",,25,56,81,42,,,,36,,,,,,
2005060616,"芝浦",,17,46,63,43,,,,31,,,,,,
2005060617,"芝浦",,14,45,59,39,,,,27,,,,,,
2005060618,"芝浦",,24,52,76,27,,,,30,,,,,,
2005060619,"芝浦",,16,46,62,26,,,,28,,,,,,
2005060620,"芝浦",,9,37,46,28,,,,26,,,,,,
2005060621,"芝浦",,8,30,38,33,,,,32,,,,,,
2005060622,"芝浦",,33,43,76,16,,,,24,,,,,,
2005060623,"芝浦",,32,46,78,9,,,,35,,,,,,
2005060624,"芝浦",,10,32,42,18,,,,31,,,,,,
2005060701,"芝浦",,10,28,38,21,,,,34,,,,,,
2005060702,"芝浦",,10,23,33,25,,,,36,,,,,,
2005060703,"芝浦",,6,19,25,29,,,,44,,,,,,
2005060704,"芝浦",,6,22,28,27,,,,41,,,,,,
2005060705,"芝浦",,25,33,58,16,,,,39,,,,,,
2005060706,"芝浦",,24,26,50,23,,,,36,,,,,,
2005060707,"芝浦",,12,28,40,21,,,,34,,,,,,
2005060708,"芝浦",,8,25,33,25,,,,32,,,,,,
2005060709,"芝浦",,62,45,107,10,,,,43,,,,,,
2005060710,"芝浦",,92,54,146,10,,,,36,,,,,,
2005060711,"芝浦",,97,64,161,8,,,,47,,,,,,
2005060712,"芝浦",,60,56,116,15,,,,38,,,,,,
2005060713,"芝浦",,52,61,113,20,,,,49,,,,,,
2005060714,"芝浦",,27,54,81,32,,,,46,,,,,,
2005060715,"芝浦",,24,47,71,33,,,,39,,,,,,
2005060716,"芝浦",,15,35,50,33,,,,24,,,,,,
2005060717,"芝浦",,18,34,52,25,,,,30,,,,,,
2005060718,"芝浦",,13,28,41,26,,,,19,,,,,,
2005060719,"芝浦",,11,24,35,27,,,,21,,,,,,
2005060720,"芝浦",,7,21,28,26,,,,19,,,,,,
2005060721,"芝浦",,6,17,23,25,,,,23,,,,,,
2005060722,"芝浦",,13,22,35,19,,,,23,,,,,,
2005060723,"芝浦",,17,24,41,17,,,,24,,,,,,
2005060724,"芝浦",,17,24,41,15,,,,22,,,,,,
2005060801,"芝浦",,25,29,54,11,,,,16,,,,,,
2005060802,"芝浦",,29,31,60,7,,,,18,,,,,,
2005060803,"芝浦",,33,34,67,6,,,,18,,,,,,
2005060804,"芝浦",,31,32,63,8,,,,17,,,,,,
2005060805,"芝浦",,40,33,73,8,,,,25,,,,,,
2005060806,"芝浦",,71,38,109,6,,,,27,,,,,,
2005060807,"芝浦",,68,39,107,6,,,,29,,,,,,
2005060808,"芝浦",,62,42,104,11,,,,29,,,,,,
2005060809,"芝浦",,81,43,124,10,,,,24,,,,,,
2005060810,"芝浦",,108,52,160,9,,,,24,,,,,,
2005060811,"芝浦",,73,48,121,14,,,,30,,,,,,
2005060812,"芝浦",,71,60,131,12,,,,31,,,,,,
2005060813,"芝浦",,34,45,79,24,,,,21,,,,,,
2005060814,"芝浦",,26,45,71,30,,,,27,,,,,,
2005060815,"芝浦",,9998,9998,9998,9998,,,,25,,,,,,
2005060816,"芝浦",,20,42,62,31,,,,17,,,,,,
2005060817,"芝浦",,27,40,67,19,,,,24,,,,,,
2005060818,"芝浦",,36,38,74,12,,,,22,,,,,,
2005060819,"芝浦",,24,34,58,10,,,,21,,,,,,
2005060820,"芝浦",,38,40,78,6,,,,12,,,,,,
2005060821,"芝浦",,37,38,75,5,,,,23,,,,,,
2005060822,"芝浦",,36,40,76,2,,,,23,,,,,,
2005060823,"芝浦",,40,39,79,2,,,,25,,,,,,
2005060824,"芝浦",,44,37,81,3,,,,25,,,,,,
2005060901,"芝浦",,71,39,110,2,,,,27,,,,,,
2005060902,"芝浦",,26,28,54,6,,,,17,,,,,,
2005060903,"芝浦",,44,33,77,3,,,,27,,,,,,
2005060904,"芝浦",,32,31,63,3,,,,28,,,,,,
2005060905,"芝浦",,16,27,43,7,,,,19,,,,,,
2005060906,"芝浦",,49,32,81,4,,,,33,,,,,,
2005060907,"芝浦",,74,39,113,2,,,,37,,,,,,
2005060908,"芝浦",,99,45,144,2,,,,42,,,,,,
2005060909,"芝浦",,103,49,152,3,,,,39,,,,,,
2005060910,"芝浦",,160,57,217,4,,,,47,,,,,,
2005060911,"芝浦",,158,61,219,4,,,,31,,,,,,
2005060912,"芝浦",,93,53,146,11,,,,31,,,,,,
2005060913,"芝浦",,49,52,101,14,,,,32,,,,,,
2005060914,"芝浦",,35,36,71,18,,,,22,,,,,,
2005060915,"芝浦",,54,42,96,10,,,,21,,,,,,
2005060916,"芝浦",,51,45,96,10,,,,24,,,,,,
2005060917,"芝浦",,46,46,92,9,,,,23,,,,,,
2005060918,"芝浦",,44,42,86,7,,,,25,,,,,,
2005060919,"芝浦",,30,37,67,8,,,,16,,,,,,
2005060920,"芝浦",,27,32,59,8,,,,20,,,,,,
2005060921,"芝浦",,23,30,53,8,,,,22,,,,,,
2005060922,"芝浦",,29,31,60,6,,,,33,,,,,,
2005060923,"芝浦",,34,32,66,5,,,,28,,,,,,
2005060924,"芝浦",,32,31,63,5,,,,33,,,,,,
2005061001,"芝浦",,23,26,49,11,,,,32,,,,,,
2005061002,"芝浦",,22,26,48,9,,,,29,,,,,,
2005061003,"芝浦",,38,29,67,6,,,,35,,,,,,
2005061004,"芝浦",,17,24,41,10,,,,27,,,,,,
2005061005,"芝浦",,28,27,55,7,,,,27,,,,,,
2005061006,"芝浦",,32,27,59,8,,,,28,,,,,,
2005061007,"芝浦",,20,26,46,7,,,,24,,,,,,
2005061008,"芝浦",,41,31,72,6,,,,31,,,,,,
2005061009,"芝浦",,55,33,88,6,,,,25,,,,,,
2005061010,"芝浦",,76,36,112,6,,,,24,,,,,,
2005061011,"芝浦",,47,33,80,7,,,,20,,,,,,
2005061012,"芝浦",,25,30,55,9,,,,23,,,,,,
2005061013,"芝浦",,31,33,64,6,,,,27,,,,,,
2005061014,"芝浦",,33,32,65,8,,,,26,,,,,,
2005061015,"芝浦",,40,32,72,6,,,,26,,,,,,
2005061016,"芝浦",,29,30,59,7,,,,16,,,,,,
2005061017,"芝浦",,36,34,70,6,,,,18,,,,,,
2005061018,"芝浦",,20,30,50,7,,,,19,,,,,,
2005061019,"芝浦",,16,28,44,10,,,,20,,,,,,
2005061020,"芝浦",,10,26,36,14,,,,34,,,,,,
2005061021,"芝浦",,9,23,32,13,,,,25,,,,,,
2005061022,"芝浦",,9,26,35,14,,,,18,,,,,,
2005061023,"芝浦",,8,24,32,12,,,,19,,,,,,
2005061024,"芝浦",,6,20,26,12,,,,22,,,,,,
2005061101,"芝浦",,6,16,22,14,,,,13,,,,,,
2005061102,"芝浦",,5,16,21,15,,,,19,,,,,,
2005061103,"芝浦",,5,13,18,18,,,,15,,,,,,
2005061104,"芝浦",,4,13,17,19,,,,10,,,,,,
2005061105,"芝浦",,7,15,22,18,,,,13,,,,,,
2005061106,"芝浦",,5,13,18,22,,,,9,,,,,,
2005061107,"芝浦",,7,17,24,16,,,,12,,,,,,
2005061108,"芝浦",,27,24,51,10,,,,15,,,,,,
2005061109,"芝浦",,116,40,156,5,,,,21,,,,,,
2005061110,"芝浦",,87,37,124,5,,,,24,,,,,,
2005061111,"芝浦",,63,35,98,8,,,,16,,,,,,
2005061112,"芝浦",,38,33,71,13,,,,25,,,,,,
2005061113,"芝浦",,42,40,82,12,,,,37,,,,,,
2005061114,"芝浦",,23,33,56,17,,,,29,,,,,,
2005061115,"芝浦",,28,37,65,12,,,,37,,,,,,
2005061116,"芝浦",,27,39,66,14,,,,42,,,,,,
2005061117,"芝浦",,8,20,28,23,,,,26,,,,,,
2005061118,"芝浦",,4,11,15,24,,,,19,,,,,,
2005061119,"芝浦",,4,9,13,21,,,,8,,,,,,
2005061120,"芝浦",,3,8,11,19,,,,11,,,,,,
2005061121,"芝浦",,5,10,15,13,,,,20,,,,,,
2005061122,"芝浦",,3,6,9,14,,,,17,,,,,,
2005061123,"芝浦",,3,7,10,13,,,,15,,,,,,
2005061124,"芝浦",,2,7,9,11,,,,16,,,,,,
2005061201,"芝浦",,3,9,12,9,,,,10,,,,,,
2005061202,"芝浦",,3,10,13,7,,,,13,,,,,,
2005061203,"芝浦",,5,12,17,5,,,,16,,,,,,
2005061204,"芝浦",,11,13,24,3,,,,17,,,,,,
2005061205,"芝浦",,18,14,32,3,,,,20,,,,,,
2005061206,"芝浦",,16,19,35,7,,,,35,,,,,,
2005061207,"芝浦",,14,21,35,11,,,,46,,,,,,
2005061208,"芝浦",,22,27,49,14,,,,57,,,,,,
2005061209,"芝浦",,6,19,25,31,,,,37,,,,,,
2005061210,"芝浦",,7,19,26,41,,,,33,,,,,,
2005061211,"芝浦",,33,42,75,20,,,,59,,,,,,
2005061212,"芝浦",,28,52,80,20,,,,66,,,,,,
2005061213,"芝浦",,11,50,61,47,,,,60,,,,,,
2005061214,"芝浦",,5,30,35,67,,,,36,,,,,,
2005061215,"芝浦",,5,23,28,64,,,,43,,,,,,
2005061216,"芝浦",,7,19,26,43,,,,34,,,,,,
2005061217,"芝浦",,11,46,57,34,,,,53,,,,,,
2005061218,"芝浦",,12,48,60,28,,,,57,,,,,,
2005061219,"芝浦",,11,57,68,23,,,,60,,,,,,
2005061220,"芝浦",,15,61,76,15,,,,58,,,,,,
2005061221,"芝浦",,29,57,86,9,,,,66,,,,,,
2005061222,"芝浦",,59,64,123,3,,,,54,,,,,,
2005061223,"芝浦",,34,40,74,7,,,,45,,,,,,
2005061224,"芝浦",,12,21,33,16,,,,45,,,,,,
2005061301,"芝浦",,9999,9999,9999,9995,,,,29,,,,,,
2005061302,"芝浦",,2,12,14,40,,,,35,,,,,,
2005061303,"芝浦",,5,19,24,30,,,,35,,,,,,
2005061304,"芝浦",,4,20,24,29,,,,27,,,,,,
2005061305,"芝浦",,9,25,34,24,,,,23,,,,,,
2005061306,"芝浦",,12,30,42,21,,,,31,,,,,,
2005061307,"芝浦",,9,27,36,25,,,,22,,,,,,
2005061308,"芝浦",,23,31,54,22,,,,16,,,,,,
2005061309,"芝浦",,74,44,118,12,,,,24,,,,,,
2005061310,"芝浦",,69,39,108,17,,,,24,,,,,,
2005061311,"芝浦",,41,36,77,28,,,,20,,,,,,
2005061312,"芝浦",,35,38,73,27,,,,23,,,,,,
2005061313,"芝浦",,25,34,59,30,,,,24,,,,,,
2005061314,"芝浦",,31,39,70,27,,,,21,,,,,,
2005061315,"芝浦",,33,40,73,25,,,,13,,,,,,
2005061316,"芝浦",,37,45,82,18,,,,28,,,,,,
2005061317,"芝浦",,28,39,67,23,,,,17,,,,,,
2005061318,"芝浦",,31,42,73,16,,,,22,,,,,,
2005061319,"芝浦",,25,37,62,15,,,,23,,,,,,
2005061320,"芝浦",,13,27,40,17,,,,22,,,,,,
2005061321,"芝浦",,14,28,42,15,,,,27,,,,,,
2005061322,"芝浦",,10,22,32,20,,,,19,,,,,,
2005061323,"芝浦",,13,25,38,16,,,,15,,,,,,
2005061324,"芝浦",,12,18,30,23,,,,11,,,,,,
2005061401,"芝浦",,16,25,41,17,,,,12,,,,,,
2005061402,"芝浦",,9,19,28,21,,,,13,,,,,,
2005061403,"芝浦",,13,22,35,20,,,,19,,,,,,
2005061404,"芝浦",,15,19,34,22,,,,18,,,,,,
2005061405,"芝浦",,6,17,23,22,,,,21,,,,,,
2005061406,"芝浦",,35,27,62,15,,,,28,,,,,,
2005061407,"芝浦",,36,29,65,14,,,,22,,,,,,
2005061408,"芝浦",,31,29,60,12,,,,28,,,,,,
2005061409,"芝浦",,31,30,61,15,,,,17,,,,,,
2005061410,"芝浦",,49,37,86,15,,,,14,,,,,,
2005061411,"芝浦",,52,38,90,18,,,,19,,,,,,
2005061412,"芝浦",,55,42,97,21,,,,23,,,,,,
2005061413,"芝浦",,99,63,162,9,,,,30,,,,,,
2005061414,"芝浦",,85,56,141,10,,,,37,,,,,,
2005061415,"芝浦",,43,46,89,16,,,,54,,,,,,
2005061416,"芝浦",,44,49,93,15,,,,59,,,,,,
2005061417,"芝浦",,36,43,79,14,,,,56,,,,,,
2005061418,"芝浦",,17,33,50,19,,,,60,,,,,,
2005061419,"芝浦",,62,44,106,4,,,,54,,,,,,
2005061420,"芝浦",,44,41,85,4,,,,47,,,,,,
2005061421,"芝浦",,19,32,51,5,,,,46,,,,,,
2005061422,"芝浦",,34,32,66,6,,,,44,,,,,,
2005061423,"芝浦",,15,24,39,11,,,,41,,,,,,
2005061424,"芝浦",,9,19,28,16,,,,33,,,,,,
2005061501,"芝浦",,8,18,26,17,,,,32,,,,,,
2005061502,"芝浦",,15,21,36,14,,,,29,,,,,,
2005061503,"芝浦",,4,14,18,23,,,,24,,,,,,
2005061504,"芝浦",,8,17,25,20,,,,33,,,,,,
2005061505,"芝浦",,10,18,28,18,,,,33,,,,,,
2005061506,"芝浦",,20,22,42,17,,,,22,,,,,,
2005061507,"芝浦",,7,21,28,20,,,,31,,,,,,
2005061508,"芝浦",,27,27,54,17,,,,31,,,,,,
2005061509,"芝浦",,35,30,65,14,,,,26,,,,,,
2005061510,"芝浦",,51,35,86,10,,,,31,,,,,,
2005061511,"芝浦",,44,34,78,9,,,,20,,,,,,
2005061512,"芝浦",,29,33,62,9,,,,21,,,,,,
2005061513,"芝浦",,48,35,83,8,,,,22,,,,,,
2005061514,"芝浦",,58,33,91,10,,,,23,,,,,,
2005061515,"芝浦",,42,31,73,9,,,,18,,,,,,
2005061516,"芝浦",,35,30,65,12,,,,19,,,,,,
2005061517,"芝浦",,32,35,67,10,,,,20,,,,,,
2005061518,"芝浦",,23,32,55,13,,,,20,,,,,,
2005061519,"芝浦",,19,30,49,14,,,,18,,,,,,
2005061520,"芝浦",,23,31,54,11,,,,22,,,,,,
2005061521,"芝浦",,16,25,41,15,,,,14,,,,,,
2005061522,"芝浦",,15,27,42,14,,,,10,,,,,,
2005061523,"芝浦",,12,27,39,17,,,,13,,,,,,
2005061524,"芝浦",,6,25,31,12,,,,27,,,,,,
2005061601,"芝浦",,5,25,30,14,,,,19,,,,,,
2005061602,"芝浦",,6,24,30,19,,,,7,,,,,,
2005061603,"芝浦",,6,25,31,17,,,,22,,,,,,
2005061604,"芝浦",,11,26,37,13,,,,29,,,,,,
2005061605,"芝浦",,9,28,37,9,,,,24,,,,,,
2005061606,"芝浦",,13,30,43,8,,,,20,,,,,,
2005061607,"芝浦",,19,31,50,6,,,,16,,,,,,
2005061608,"芝浦",,65,36,101,4,,,,24,,,,,,
2005061609,"芝浦",,98,38,136,3,,,,31,,,,,,
2005061610,"芝浦",,77,37,114,4,,,,28,,,,,,
2005061611,"芝浦",,90,39,129,6,,,,29,,,,,,
2005061612,"芝浦",,107,42,149,5,,,,25,,,,,,
2005061613,"芝浦",,57,37,94,7,,,,21,,,,,,
2005061614,"芝浦",,67,38,105,7,,,,18,,,,,,
2005061615,"芝浦",,9998,9998,9998,9998,,,,15,,,,,,
2005061616,"芝浦",,73,38,111,5,,,,25,,,,,,
2005061617,"芝浦",,52,33,85,6,,,,17,,,,,,
2005061618,"芝浦",,17,24,41,9,,,,22,,,,,,
2005061619,"芝浦",,49,28,77,6,,,,26,,,,,,
2005061620,"芝浦",,48,27,75,6,,,,16,,,,,,
2005061621,"芝浦",,14,20,34,10,,,,13,,,,,,
2005061622,"芝浦",,18,21,39,8,,,,13,,,,,,
2005061623,"芝浦",,27,24,51,6,,,,14,,,,,,
2005061624,"芝浦",,13,21,34,7,,,,12,,,,,,
2005061701,"芝浦",,9,21,30,7,,,,12,,,,,,
2005061702,"芝浦",,11,22,33,5,,,,23,,,,,,
2005061703,"芝浦",,12,23,35,5,,,,21,,,,,,
2005061704,"芝浦",,10,22,32,7,,,,15,,,,,,
2005061705,"芝浦",,54,27,81,5,,,,20,,,,,,
2005061706,"芝浦",,74,27,101,5,,,,24,,,,,,
2005061707,"芝浦",,98,32,130,4,,,,27,,,,,,
2005061708,"芝浦",,75,30,105,6,,,,27,,,,,,
2005061709,"芝浦",,134,40,174,4,,,,35,,,,,,
2005061710,"芝浦",,143,46,189,3,,,,40,,,,,,
2005061711,"芝浦",,67,40,107,6,,,,28,,,,,,
2005061712,"芝浦",,88,68,156,8,,,,79,,,,,,
2005061713,"芝浦",,46,59,105,13,,,,57,,,,,,
2005061714,"芝浦",,55,60,115,12,,,,44,,,,,,
2005061715,"芝浦",,55,53,108,11,,,,42,,,,,,
2005061716,"芝浦",,67,57,124,7,,,,40,,,,,,
2005061717,"芝浦",,47,55,102,5,,,,46,,,,,,
2005061718,"芝浦",,37,53,90,6,,,,42,,,,,,
2005061719,"芝浦",,33,50,83,7,,,,36,,,,,,
2005061720,"芝浦",,31,42,73,9,,,,35,,,,,,
2005061721,"芝浦",,28,43,71,5,,,,39,,,,,,
2005061722,"芝浦",,26,42,68,6,,,,38,,,,,,
2005061723,"芝浦",,50,43,93,2,,,,56,,,,,,
2005061724,"芝浦",,51,38,89,3,,,,56,,,,,,
2005061801,"芝浦",,35,34,69,4,,,,52,,,,,,
2005061802,"芝浦",,25,30,55,4,,,,46,,,,,,
2005061803,"芝浦",,34,30,64,4,,,,65,,,,,,
2005061804,"芝浦",,33,27,60,2,,,,44,,,,,,
2005061805,"芝浦",,27,24,51,3,,,,41,,,,,,
2005061806,"芝浦",,37,25,62,3,,,,47,,,,,,
2005061807,"芝浦",,34,27,61,3,,,,47,,,,,,
2005061808,"芝浦",,51,29,80,4,,,,52,,,,,,
2005061809,"芝浦",,34,29,63,6,,,,43,,,,,,
2005061810,"芝浦",,29,28,57,8,,,,58,,,,,,
2005061811,"芝浦",,28,32,60,11,,,,72,,,,,,
2005061812,"芝浦",,52,40,92,8,,,,66,,,,,,
2005061813,"芝浦",,42,40,82,15,,,,53,,,,,,
2005061814,"芝浦",,39,43,82,16,,,,54,,,,,,
2005061815,"芝浦",,35,42,77,17,,,,37,,,,,,
2005061816,"芝浦",,21,41,62,24,,,,36,,,,,,
2005061817,"芝浦",,21,41,62,21,,,,47,,,,,,
2005061818,"芝浦",,8,25,33,26,,,,36,,,,,,
2005061819,"芝浦",,17,35,52,12,,,,27,,,,,,
2005061820,"芝浦",,13,34,47,11,,,,33,,,,,,
2005061821,"芝浦",,8,27,35,19,,,,26,,,,,,
2005061822,"芝浦",,20,40,60,10,,,,33,,,,,,
2005061823,"芝浦",,8,31,39,17,,,,22,,,,,,
2005061824,"芝浦",,23,38,61,8,,,,30,,,,,,
2005061901,"芝浦",,9,28,37,18,,,,28,,,,,,
2005061902,"芝浦",,12,29,41,17,,,,25,,,,,,
2005061903,"芝浦",,8,30,38,21,,,,15,,,,,,
2005061904,"芝浦",,10,32,42,14,,,,37,,,,,,
2005061905,"芝浦",,9,23,32,18,,,,31,,,,,,
2005061906,"芝浦",,14,27,41,12,,,,42,,,,,,
2005061907,"芝浦",,36,30,66,9,,,,51,,,,,,
2005061908,"芝浦",,38,32,70,8,,,,62,,,,,,
2005061909,"芝浦",,43,38,81,9,,,,50,,,,,,
2005061910,"芝浦",,19,34,53,22,,,,36,,,,,,
2005061911,"芝浦",,15,38,53,24,,,,36,,,,,,
2005061912,"芝浦",,16,40,56,21,,,,67,,,,,,
2005061913,"芝浦",,10,32,42,33,,,,56,,,,,,
2005061914,"芝浦",,13,37,50,32,,,,42,,,,,,
2005061915,"芝浦",,10,38,48,33,,,,44,,,,,,
2005061916,"芝浦",,9,27,36,37,,,,61,,,,,,
2005061917,"芝浦",,5,19,24,42,,,,40,,,,,,
2005061918,"芝浦",,4,23,27,34,,,,44,,,,,,
2005061919,"芝浦",,4,23,27,35,,,,31,,,,,,
2005061920,"芝浦",,5,25,30,32,,,,37,,,,,,
2005061921,"芝浦",,6,30,36,24,,,,37,,,,,,
2005061922,"芝浦",,3,21,24,30,,,,29,,,,,,
2005061923,"芝浦",,6,27,33,23,,,,37,,,,,,
2005061924,"芝浦",,4,24,28,24,,,,30,,,,,,
2005062001,"芝浦",,9999,9999,9999,9995,,,,18,,,,,,
2005062002,"芝浦",,1,11,12,45,,,,21,,,,,,
2005062003,"芝浦",,6,28,34,27,,,,32,,,,,,
2005062004,"芝浦",,12,41,53,13,,,,45,,,,,,
2005062005,"芝浦",,15,37,52,14,,,,51,,,,,,
2005062006,"芝浦",,69,50,119,4,,,,51,,,,,,
2005062007,"芝浦",,76,55,131,5,,,,51,,,,,,
2005062008,"芝浦",,66,54,120,7,,,,55,,,,,,
2005062009,"芝浦",,123,60,183,6,,,,48,,,,,,
2005062010,"芝浦",,131,68,199,6,,,,53,,,,,,
2005062011,"芝浦",,135,80,215,7,,,,58,,,,,,
2005062012,"芝浦",,75,77,152,10,,,,50,,,,,,
2005062013,"芝浦",,70,81,151,11,,,,51,,,,,,
2005062014,"芝浦",,51,80,131,17,,,,54,,,,,,
2005062015,"芝浦",,36,77,113,24,,,,41,,,,,,
2005062016,"芝浦",,51,90,141,15,,,,40,,,,,,
2005062017,"芝浦",,42,97,139,20,,,,56,,,,,,
2005062018,"芝浦",,4,42,46,60,,,,45,,,,,,
2005062019,"芝浦",,4,40,44,57,,,,43,,,,,,
2005062020,"芝浦",,2,26,28,55,,,,42,,,,,,
2005062021,"芝浦",,2,24,26,49,,,,37,,,,,,
2005062022,"芝浦",,2,32,34,35,,,,29,,,,,,
2005062023,"芝浦",,2,24,26,41,,,,41,,,,,,
2005062024,"芝浦",,2,23,25,42,,,,37,,,,,,
2005062101,"芝浦",,2,22,24,41,,,,36,,,,,,
2005062102,"芝浦",,2,25,27,35,,,,37,,,,,,
2005062103,"芝浦",,8,36,44,22,,,,42,,,,,,
2005062104,"芝浦",,4,29,33,26,,,,37,,,,,,
2005062105,"芝浦",,18,50,68,8,,,,53,,,,,,
2005062106,"芝浦",,4,34,38,22,,,,41,,,,,,
2005062107,"芝浦",,4,24,28,33,,,,37,,,,,,
2005062108,"芝浦",,37,40,77,26,,,,36,,,,,,
2005062109,"芝浦",,90,69,159,6,,,,62,,,,,,
2005062110,"芝浦",,92,63,155,9,,,,61,,,,,,
2005062111,"芝浦",,142,77,219,7,,,,77,,,,,,
2005062112,"芝浦",,119,81,200,8,,,,66,,,,,,
2005062113,"芝浦",,74,70,144,14,,,,62,,,,,,
2005062114,"芝浦",,41,52,93,18,,,,38,,,,,,
2005062115,"芝浦",,46,54,100,18,,,,30,,,,,,
2005062116,"芝浦",,43,55,98,17,,,,21,,,,,,
2005062117,"芝浦",,22,45,67,24,,,,32,,,,,,
2005062118,"芝浦",,33,56,89,13,,,,31,,,,,,
2005062119,"芝浦",,38,58,96,8,,,,38,,,,,,
2005062120,"芝浦",,50,59,109,4,,,,37,,,,,,
2005062121,"芝浦",,48,57,105,4,,,,41,,,,,,
2005062122,"芝浦",,53,58,111,3,,,,44,,,,,,
2005062123,"芝浦",,46,56,102,4,,,,40,,,,,,
2005062124,"芝浦",,35,50,85,4,,,,41,,,,,,
2005062201,"芝浦",,34,43,77,10,,,,33,,,,,,
2005062202,"芝浦",,5,22,27,33,,,,23,,,,,,
2005062203,"芝浦",,7,26,33,25,,,,31,,,,,,
2005062204,"芝浦",,3,18,21,30,,,,28,,,,,,
2005062205,"芝浦",,23,33,56,17,,,,43,,,,,,
2005062206,"芝浦",,71,47,118,5,,,,57,,,,,,
2005062207,"芝浦",,77,47,124,4,,,,63,,,,,,
2005062208,"芝浦",,23,47,70,11,,,,30,,,,,,
2005062209,"芝浦",,83,58,141,8,,,,28,,,,,,
2005062210,"芝浦",,69,56,125,9,,,,33,,,,,,
2005062211,"芝浦",,44,44,88,13,,,,19,,,,,,
2005062212,"芝浦",,20,38,58,20,,,,20,,,,,,
2005062213,"芝浦",,15,34,49,26,,,,16,,,,,,
2005062214,"芝浦",,15,35,50,27,,,,25,,,,,,
2005062215,"芝浦",,14,36,50,30,,,,34,,,,,,
2005062216,"芝浦",,13,37,50,33,,,,33,,,,,,
2005062217,"芝浦",,11,39,50,35,,,,30,,,,,,
2005062218,"芝浦",,9,39,48,36,,,,30,,,,,,
2005062219,"芝浦",,68,73,141,5,,,,50,,,,,,
2005062220,"芝浦",,99,76,175,4,,,,56,,,,,,
2005062221,"芝浦",,28,65,93,7,,,,48,,,,,,
2005062222,"芝浦",,17,59,76,6,,,,46,,,,,,
2005062223,"芝浦",,11,45,56,17,,,,38,,,,,,
2005062224,"芝浦",,50,58,108,4,,,,58,,,,,,
2005062301,"芝浦",,49,56,105,4,,,,57,,,,,,
2005062302,"芝浦",,64,56,120,4,,,,61,,,,,,
2005062303,"芝浦",,83,55,138,4,,,,65,,,,,,
2005062304,"芝浦",,64,48,112,6,,,,50,,,,,,
2005062305,"芝浦",,68,38,106,12,,,,55,,,,,,
2005062306,"芝浦",,28,36,64,7,,,,48,,,,,,
2005062307,"芝浦",,25,32,57,6,,,,48,,,,,,
2005062308,"芝浦",,29,40,69,6,,,,59,,,,,,
2005062309,"芝浦",,47,46,93,7,,,,71,,,,,,
2005062310,"芝浦",,45,47,92,9,,,,80,,,,,,
2005062311,"芝浦",,34,48,82,16,,,,70,,,,,,
2005062312,"芝浦",,23,46,69,30,,,,58,,,,,,
2005062313,"芝浦",,15,37,52,48,,,,47,,,,,,
2005062314,"芝浦",,5,30,35,68,,,,48,,,,,,
2005062315,"芝浦",,9998,9998,9998,9998,,,,9998,,,,,,
2005062316,"芝浦",,9998,9998,9998,9998,,,,44,,,,,,
2005062317,"芝浦",,19,52,71,24,,,,30,,,,,,
2005062318,"芝浦",,6,35,41,38,,,,27,,,,,,
2005062319,"芝浦",,7,37,44,30,,,,22,,,,,,
2005062320,"芝浦",,5,36,41,25,,,,25,,,,,,
2005062321,"芝浦",,13,49,62,10,,,,30,,,,,,
2005062322,"芝浦",,49,55,104,4,,,,45,,,,,,
2005062323,"芝浦",,88,59,147,3,,,,63,,,,,,
2005062324,"芝浦",,31,43,74,12,,,,56,,,,,,
2005062401,"芝浦",,2,28,30,22,,,,39,,,,,,
2005062402,"芝浦",,40,35,75,17,,,,49,,,,,,
2005062403,"芝浦",,66,49,115,3,,,,48,,,,,,
2005062404,"芝浦",,82,48,130,3,,,,57,,,,,,
2005062405,"芝浦",,106,46,152,3,,,,58,,,,,,
2005062406,"芝浦",,22,37,59,5,,,,44,,,,,,
2005062407,"芝浦",,39,38,77,5,,,,61,,,,,,
2005062408,"芝浦",,59,45,104,6,,,,76,,,,,,
2005062409,"芝浦",,266,69,335,4,,,,112,,,,,,
2005062410,"芝浦",,232,88,320,5,,,,125,,,,,,
2005062411,"芝浦",,173,95,268,5,,,,137,,,,,,
2005062412,"芝浦",,131,117,248,7,,,,132,,,,,,
2005062413,"芝浦",,52,126,178,22,,,,147,,,,,,
2005062414,"芝浦",,18,123,141,58,,,,139,,,,,,
2005062415,"芝浦",,14,115,129,65,,,,137,,,,,,
2005062416,"芝浦",,4,50,54,86,,,,77,,,,,,
2005062417,"芝浦",,6,55,61,69,,,,67,,,,,,
2005062418,"芝浦",,4,46,50,68,,,,62,,,,,,
2005062419,"芝浦",,5,46,51,49,,,,46,,,,,,
2005062420,"芝浦",,14,60,74,26,,,,56,,,,,,
2005062421,"芝浦",,40,83,123,5,,,,109,,,,,,
2005062422,"芝浦",,32,76,108,7,,,,122,,,,,,
2005062423,"芝浦",,9,56,65,19,,,,93,,,,,,
2005062424,"芝浦",,58,64,122,7,,,,108,,,,,,
2005062501,"芝浦",,66,59,125,4,,,,85,,,,,,
2005062502,"芝浦",,112,61,173,3,,,,121,,,,,,
2005062503,"芝浦",,110,63,173,4,,,,103,,,,,,
2005062504,"芝浦",,69,54,123,3,,,,87,,,,,,
2005062505,"芝浦",,127,52,179,4,,,,83,,,,,,
2005062506,"芝浦",,179,54,233,5,,,,89,,,,,,
2005062507,"芝浦",,116,56,172,5,,,,105,,,,,,
2005062508,"芝浦",,159,70,229,4,,,,124,,,,,,
2005062509,"芝浦",,133,88,221,6,,,,147,,,,,,
2005062510,"芝浦",,98,104,202,9,,,,160,,,,,,
2005062511,"芝浦",,63,124,187,22,,,,156,,,,,,
2005062512,"芝浦",,24,108,132,51,,,,106,,,,,,
2005062513,"芝浦",,18,78,96,48,,,,88,,,,,,
2005062514,"芝浦",,14,59,73,50,,,,66,,,,,,
2005062515,"芝浦",,21,57,78,33,,,,60,,,,,,
2005062516,"芝浦",,31,72,103,22,,,,64,,,,,,
2005062517,"芝浦",,31,70,101,17,,,,73,,,,,,
2005062518,"芝浦",,20,61,81,17,,,,66,,,,,,
2005062519,"芝浦",,30,65,95,8,,,,64,,,,,,
2005062520,"芝浦",,51,62,113,5,,,,57,,,,,,
2005062521,"芝浦",,6,38,44,29,,,,44,,,,,,
2005062522,"芝浦",,18,46,64,15,,,,50,,,,,,
2005062523,"芝浦",,5,31,36,25,,,,42,,,,,,
2005062524,"芝浦",,11,36,47,16,,,,39,,,,,,
2005062601,"芝浦",,36,43,79,6,,,,44,,,,,,
2005062602,"芝浦",,76,46,122,4,,,,60,,,,,,
2005062603,"芝浦",,77,45,122,4,,,,56,,,,,,
2005062604,"芝浦",,85,42,127,4,,,,64,,,,,,
2005062605,"芝浦",,91,42,133,4,,,,65,,,,,,
2005062606,"芝浦",,57,34,91,8,,,,59,,,,,,
2005062607,"芝浦",,14,30,44,14,,,,64,,,,,,
2005062608,"芝浦",,7,28,35,23,,,,79,,,,,,
2005062609,"芝浦",,7,24,31,34,,,,62,,,,,,
2005062610,"芝浦",,3,17,20,56,,,,45,,,,,,
2005062611,"芝浦",,16,56,72,35,,,,78,,,,,,
2005062612,"芝浦",,14,63,77,34,,,,83,,,,,,
2005062613,"芝浦",,10,60,70,54,,,,47,,,,,,
2005062614,"芝浦",,11,53,64,42,,,,76,,,,,,
2005062615,"芝浦",,21,55,76,26,,,,68,,,,,,
2005062616,"芝浦",,17,54,71,25,,,,57,,,,,,
2005062617,"芝浦",,28,56,84,14,,,,70,,,,,,
2005062618,"芝浦",,27,55,82,13,,,,60,,,,,,
2005062619,"芝浦",,17,55,72,12,,,,62,,,,,,
2005062620,"芝浦",,34,53,87,5,,,,56,,,,,,
2005062621,"芝浦",,44,47,91,4,,,,60,,,,,,
2005062622,"芝浦",,37,37,74,4,,,,35,,,,,,
2005062623,"芝浦",,33,36,69,4,,,,37,,,,,,
2005062624,"芝浦",,39,33,72,4,,,,45,,,,,,
2005062701,"芝浦",,9999,9999,9999,9995,,,,45,,,,,,
2005062702,"芝浦",,41,32,73,6,,,,47,,,,,,
2005062703,"芝浦",,107,41,148,4,,,,57,,,,,,
2005062704,"芝浦",,129,42,171,4,,,,67,,,,,,
2005062705,"芝浦",,143,42,185,4,,,,57,,,,,,
2005062706,"芝浦",,129,40,169,4,,,,65,,,,,,
2005062707,"芝浦",,27,38,65,9,,,,76,,,,,,
2005062708,"芝浦",,10,33,43,31,,,,82,,,,,,
2005062709,"芝浦",,55,54,109,32,,,,92,,,,,,
2005062710,"芝浦",,69,88,157,14,,,,101,,,,,,
2005062711,"芝浦",,61,95,156,14,,,,73,,,,,,
2005062712,"芝浦",,47,85,132,23,,,,78,,,,,,
2005062713,"芝浦",,31,58,89,33,,,,56,,,,,,
2005062714,"芝浦",,25,43,68,38,,,,53,,,,,,
2005062715,"芝浦",,7,28,35,51,,,,53,,,,,,
2005062716,"芝浦",,10,33,43,45,,,,32,,,,,,
2005062717,"芝浦",,7,34,41,36,,,,65,,,,,,
2005062718,"芝浦",,6,27,33,30,,,,40,,,,,,
2005062719,"芝浦",,7,27,34,21,,,,49,,,,,,
2005062720,"芝浦",,5,23,28,19,,,,38,,,,,,
2005062721,"芝浦",,4,20,24,17,,,,42,,,,,,
2005062722,"芝浦",,4,19,23,16,,,,33,,,,,,
2005062723,"芝浦",,4,17,21,19,,,,38,,,,,,
2005062724,"芝浦",,4,16,20,19,,,,37,,,,,,
2005062801,"芝浦",,5,18,23,16,,,,36,,,,,,
2005062802,"芝浦",,7,21,28,11,,,,39,,,,,,
2005062803,"芝浦",,6,17,23,10,,,,31,,,,,,
2005062804,"芝浦",,6,18,24,9,,,,40,,,,,,
2005062805,"芝浦",,10,21,31,5,,,,41,,,,,,
2005062806,"芝浦",,15,21,36,5,,,,36,,,,,,
2005062807,"芝浦",,93,29,122,5,,,,47,,,,,,
2005062808,"芝浦",,162,41,203,4,,,,48,,,,,,
2005062809,"芝浦",,196,66,262,4,,,,76,,,,,,
2005062810,"芝浦",,134,79,213,5,,,,68,,,,,,
2005062811,"芝浦",,109,71,180,6,,,,74,,,,,,
2005062812,"芝浦",,82,87,169,11,,,,60,,,,,,
2005062813,"芝浦",,71,95,166,10,,,,64,,,,,,
2005062814,"芝浦",,91,94,185,9,,,,74,,,,,,
2005062815,"芝浦",,139,88,227,5,,,,81,,,,,,
2005062816,"芝浦",,108,95,203,5,,,,69,,,,,,
2005062817,"芝浦",,139,79,218,4,,,,78,,,,,,
2005062818,"芝浦",,56,66,122,17,,,,97,,,,,,
2005062819,"芝浦",,12,61,73,40,,,,73,,,,,,
2005062820,"芝浦",,26,57,83,38,,,,81,,,,,,
2005062821,"芝浦",,10,39,49,42,,,,45,,,,,,
2005062822,"芝浦",,23,47,70,26,,,,47,,,,,,
2005062823,"芝浦",,48,58,106,13,,,,47,,,,,,
2005062824,"芝浦",,19,49,68,15,,,,51,,,,,,
2005062901,"芝浦",,15,42,57,16,,,,59,,,,,,
2005062902,"芝浦",,18,40,58,12,,,,58,,,,,,
2005062903,"芝浦",,24,47,71,7,,,,47,,,,,,
2005062904,"芝浦",,56,50,106,4,,,,63,,,,,,
2005062905,"芝浦",,44,44,88,7,,,,75,,,,,,
2005062906,"芝浦",,3,29,32,20,,,,44,,,,,,
2005062907,"芝浦",,25,40,65,16,,,,51,,,,,,
2005062908,"芝浦",,90,61,151,4,,,,53,,,,,,
2005062909,"芝浦",,127,66,193,4,,,,52,,,,,,
2005062910,"芝浦",,115,67,182,4,,,,66,,,,,,
2005062911,"芝浦",,129,65,194,5,,,,66,,,,,,
2005062912,"芝浦",,130,61,191,4,,,,57,,,,,,
2005062913,"芝浦",,65,49,114,5,,,,54,,,,,,
2005062914,"芝浦",,39,46,85,8,,,,52,,,,,,
2005062915,"芝浦",,9998,9998,9998,9998,,,,43,,,,,,
2005062916,"芝浦",,53,48,101,6,,,,63,,,,,,
2005062917,"芝浦",,52,45,97,7,,,,61,,,,,,
2005062918,"芝浦",,51,44,95,7,,,,56,,,,,,
2005062919,"芝浦",,50,44,94,6,,,,45,,,,,,
2005062920,"芝浦",,37,42,79,6,,,,45,,,,,,
2005062921,"芝浦",,45,44,89,4,,,,40,,,,,,
2005062922,"芝浦",,75,45,120,3,,,,56,,,,,,
2005062923,"芝浦",,46,41,87,3,,,,50,,,,,,
2005062924,"芝浦",,36,38,74,4,,,,47,,,,,,
2005063001,"芝浦",,44,36,80,4,,,,53,,,,,,
2005063002,"芝浦",,4,26,30,9,,,,69,,,,,,
2005063003,"芝浦",,2,16,18,18,,,,69,,,,,,
2005063004,"芝浦",,3,18,21,16,,,,62,,,,,,
2005063005,"芝浦",,45,31,76,10,,,,82,,,,,,
2005063006,"芝浦",,55,39,94,4,,,,90,,,,,,
2005063007,"芝浦",,76,44,120,4,,,,71,,,,,,
2005063008,"芝浦",,63,47,110,5,,,,44,,,,,,
2005063009,"芝浦",,112,46,158,4,,,,43,,,,,,
2005063010,"芝浦",,75,48,123,6,,,,37,,,,,,
2005063011,"芝浦",,163,58,221,4,,,,47,,,,,,
2005063012,"芝浦",,94,54,148,5,,,,40,,,,,,
2005063013,"芝浦",,61,56,117,5,,,,50,,,,,,
2005063014,"芝浦",,117,66,183,5,,,,78,,,,,,
2005063015,"芝浦",,50,63,113,11,,,,72,,,,,,
2005063016,"芝浦",,78,76,154,9,,,,99,,,,,,
2005063017,"芝浦",,42,76,118,22,,,,88,,,,,,
2005063018,"芝浦",,23,60,83,24,,,,75,,,,,,
2005063019,"芝浦",,29,59,88,13,,,,75,,,,,,
2005063020,"芝浦",,33,43,76,11,,,,60,,,,,,
2005063021,"芝浦",,11,31,42,13,,,,34,,,,,,
2005063022,"芝浦",,36,36,72,7,,,,40,,,,,,
2005063023,"芝浦",,44,36,80,4,,,,57,,,,,,
2005063024,"芝浦",,79,45,124,4,,,,69,,,,,,
2005050101,"芝浦",,18,45,63,7,,,,37,,,,,,
2005050102,"芝浦",,6,32,38,19,,,,29,,,,,,
2005050103,"芝浦",,27,48,75,5,,,,45,,,,,,
2005050104,"芝浦",,7,37,44,12,,,,29,,,,,,
2005050105,"芝浦",,5,32,37,15,,,,33,,,,,,
2005050106,"芝浦",,4,25,29,22,,,,33,,,,,,
2005050107,"芝浦",,5,19,24,27,,,,38,,,,,,
2005050108,"芝浦",,5,20,25,30,,,,26,,,,,,
2005050109,"芝浦",,7,21,28,32,,,,28,,,,,,
2005050110,"芝浦",,7,20,27,35,,,,36,,,,,,
2005050111,"芝浦",,10,26,36,33,,,,37,,,,,,
2005050112,"芝浦",,9,25,34,36,,,,38,,,,,,
2005050113,"芝浦",,9,22,31,39,,,,48,,,,,,
2005050114,"芝浦",,7,22,29,39,,,,50,,,,,,
2005050115,"芝浦",,8,21,29,36,,,,59,,,,,,
2005050116,"芝浦",,8,27,35,31,,,,67,,,,,,
2005050117,"芝浦",,9,32,41,25,,,,64,,,,,,
2005050118,"芝浦",,8,32,40,23,,,,64,,,,,,
2005050119,"芝浦",,3,18,21,33,,,,59,,,,,,
2005050120,"芝浦",,11,23,34,19,,,,41,,,,,,
2005050121,"芝浦",,6,18,24,19,,,,36,,,,,,
2005050122,"芝浦",,5,15,20,20,,,,34,,,,,,
2005050123,"芝浦",,5,16,21,18,,,,36,,,,,,
2005050124,"芝浦",,12,24,36,12,,,,43,,,,,,
2005050201,"芝浦",,9999,9999,9999,9995,,,,27,,,,,,
2005050202,"芝浦",,4,21,25,16,,,,28,,,,,,
2005050203,"芝浦",,20,32,52,7,,,,40,,,,,,
2005050204,"芝浦",,44,37,81,3,,,,36,,,,,,
2005050205,"芝浦",,7,20,27,14,,,,14,,,,,,
2005050206,"芝浦",,7,18,25,18,,,,34,,,,,,
2005050207,"芝浦",,11,21,32,15,,,,32,,,,,,
2005050208,"芝浦",,14,20,34,18,,,,31,,,,,,
2005050209,"芝浦",,12,20,32,26,,,,25,,,,,,
2005050210,"芝浦",,12,22,34,33,,,,24,,,,,,
2005050211,"芝浦",,13,22,35,33,,,,18,,,,,,
2005050212,"芝浦",,13,25,38,33,,,,13,,,,,,
2005050213,"芝浦",,12,25,37,33,,,,16,,,,,,
2005050214,"芝浦",,11,26,37,39,,,,27,,,,,,
2005050215,"芝浦",,12,28,40,38,,,,23,,,,,,
2005050216,"芝浦",,13,29,42,39,,,,20,,,,,,
2005050217,"芝浦",,7,30,37,39,,,,20,,,,,,
2005050218,"芝浦",,13,37,50,27,,,,21,,,,,,
2005050219,"芝浦",,22,41,63,21,,,,34,,,,,,
2005050220,"芝浦",,14,37,51,24,,,,17,,,,,,
2005050221,"芝浦",,8,29,37,30,,,,20,,,,,,
2005050222,"芝浦",,20,37,57,20,,,,23,,,,,,
2005050223,"芝浦",,17,35,52,22,,,,16,,,,,,
2005050224,"芝浦",,9,24,33,30,,,,25,,,,,,
2005050301,"芝浦",,8,24,32,30,,,,24,,,,,,
2005050302,"芝浦",,11,28,39,25,,,,25,,,,,,
2005050303,"芝浦",,4,18,22,35,,,,25,,,,,,
2005050304,"芝浦",,4,17,21,34,,,,15,,,,,,
2005050305,"芝浦",,5,20,25,32,,,,14,,,,,,
2005050306,"芝浦",,11,27,38,24,,,,24,,,,,,
2005050307,"芝浦",,40,43,83,11,,,,24,,,,,,
2005050308,"芝浦",,36,40,76,13,,,,25,,,,,,
2005050309,"芝浦",,33,39,72,16,,,,25,,,,,,
2005050310,"芝浦",,25,36,61,22,,,,28,,,,,,
2005050311,"芝浦",,20,35,55,31,,,,27,,,,,,
2005050312,"芝浦",,14,27,41,36,,,,33,,,,,,
2005050313,"芝浦",,9,21,30,44,,,,41,,,,,,
2005050314,"芝浦",,10,22,32,44,,,,43,,,,,,
2005050315,"芝浦",,9,23,32,43,,,,41,,,,,,
2005050316,"芝浦",,10,26,36,39,,,,43,,,,,,
2005050317,"芝浦",,15,36,51,30,,,,42,,,,,,
2005050318,"芝浦",,3,18,21,42,,,,35,,,,,,
2005050319,"芝浦",,3,18,21,40,,,,41,,,,,,
2005050320,"芝浦",,3,21,24,37,,,,29,,,,,,
2005050321,"芝浦",,2,20,22,36,,,,34,,,,,,
2005050322,"芝浦",,2,22,24,34,,,,38,,,,,,
2005050323,"芝浦",,2,20,22,34,,,,33,,,,,,
2005050324,"芝浦",,4,26,30,27,,,,42,,,,,,
2005050401,"芝浦",,5,32,37,21,,,,47,,,,,,
2005050402,"芝浦",,13,43,56,9,,,,50,,,,,,
2005050403,"芝浦",,4,33,37,16,,,,38,,,,,,
2005050404,"芝浦",,2,25,27,21,,,,44,,,,,,
2005050405,"芝浦",,2,16,18,26,,,,37,,,,,,
2005050406,"芝浦",,3,19,22,24,,,,32,,,,,,
2005050407,"芝浦",,28,33,61,14,,,,34,,,,,,
2005050408,"芝浦",,42,42,84,10,,,,44,,,,,,
2005050409,"芝浦",,23,29,52,26,,,,33,,,,,,
2005050410,"芝浦",,14,28,42,29,,,,29,,,,,,
2005050411,"芝浦",,11,26,37,35,,,,37,,,,,,
2005050412,"芝浦",,9,23,32,42,,,,40,,,,,,
2005050413,"芝浦",,7,18,25,48,,,,48,,,,,,
2005050414,"芝浦",,12,27,39,39,,,,45,,,,,,
2005050415,"芝浦",,6,17,23,47,,,,41,,,,,,
2005050416,"芝浦",,6,21,27,44,,,,43,,,,,,
2005050417,"芝浦",,5,21,26,44,,,,59,,,,,,
2005050418,"芝浦",,6,29,35,34,,,,64,,,,,,
2005050419,"芝浦",,5,29,34,33,,,,55,,,,,,
2005050420,"芝浦",,2,19,21,41,,,,49,,,,,,
2005050421,"芝浦",,2,15,17,45,,,,44,,,,,,
2005050422,"芝浦",,5,28,33,31,,,,42,,,,,,
2005050423,"芝浦",,2,17,19,41,,,,42,,,,,,
2005050424,"芝浦",,2,17,19,38,,,,50,,,,,,
2005050501,"芝浦",,2,18,20,35,,,,44,,,,,,
2005050502,"芝浦",,2,18,20,33,,,,39,,,,,,
2005050503,"芝浦",,3,31,34,15,,,,58,,,,,,
2005050504,"芝浦",,4,33,37,11,,,,47,,,,,,
2005050505,"芝浦",,5,33,38,9,,,,48,,,,,,
2005050506,"芝浦",,6,27,33,13,,,,51,,,,,,
2005050507,"芝浦",,7,20,27,20,,,,53,,,,,,
2005050508,"芝浦",,8,18,26,28,,,,40,,,,,,
2005050509,"芝浦",,8,17,25,40,,,,23,,,,,,
2005050510,"芝浦",,10,20,30,41,,,,30,,,,,,
2005050511,"芝浦",,20,29,49,32,,,,21,,,,,,
2005050512,"芝浦",,21,36,57,31,,,,39,,,,,,
2005050513,"芝浦",,9,27,36,44,,,,38,,,,,,
2005050514,"芝浦",,6,30,36,63,,,,51,,,,,,
2005050515,"芝浦",,5,31,36,67,,,,40,,,,,,
2005050516,"芝浦",,6,34,40,61,,,,49,,,,,,
2005050517,"芝浦",,7,34,41,50,,,,50,,,,,,
2005050518,"芝浦",,8,36,44,41,,,,44,,,,,,
2005050519,"芝浦",,8,36,44,33,,,,39,,,,,,
2005050520,"芝浦",,8,32,40,36,,,,37,,,,,,
2005050521,"芝浦",,5,30,35,32,,,,45,,,,,,
2005050522,"芝浦",,39,42,81,5,,,,55,,,,,,
2005050523,"芝浦",,42,42,84,3,,,,38,,,,,,
2005050524,"芝浦",,44,42,86,3,,,,42,,,,,,
2005050601,"芝浦",,21,37,58,4,,,,36,,,,,,
2005050602,"芝浦",,14,31,45,9,,,,35,,,,,,
2005050603,"芝浦",,10,22,32,19,,,,31,,,,,,
2005050604,"芝浦",,10,23,33,18,,,,29,,,,,,
2005050605,"芝浦",,27,31,58,12,,,,23,,,,,,
2005050606,"芝浦",,11,24,35,19,,,,29,,,,,,
2005050607,"芝浦",,27,29,56,17,,,,17,,,,,,
2005050608,"芝浦",,28,32,60,15,,,,17,,,,,,
2005050609,"芝浦",,30,28,58,22,,,,24,,,,,,
2005050610,"芝浦",,41,34,75,19,,,,21,,,,,,
2005050611,"芝浦",,35,33,68,19,,,,16,,,,,,
2005050612,"芝浦",,36,31,67,21,,,,26,,,,,,
2005050613,"芝浦",,43,34,77,18,,,,29,,,,,,
2005050614,"芝浦",,20,25,45,23,,,,23,,,,,,
2005050615,"芝浦",,9998,9998,9998,9998,,,,23,,,,,,
2005050616,"芝浦",,9,25,34,19,,,,28,,,,,,
2005050617,"芝浦",,30,33,63,14,,,,21,,,,,,
2005050618,"芝浦",,16,29,45,16,,,,19,,,,,,
2005050619,"芝浦",,8,26,34,17,,,,23,,,,,,
2005050620,"芝浦",,11,29,40,13,,,,28,,,,,,
2005050621,"芝浦",,7,21,28,19,,,,17,,,,,,
2005050622,"芝浦",,13,24,37,17,,,,15,,,,,,
2005050623,"芝浦",,9,27,36,14,,,,19,,,,,,
2005050624,"芝浦",,8,26,34,13,,,,15,,,,,,
2005050701,"芝浦",,3,18,21,19,,,,11,,,,,,
2005050702,"芝浦",,6,18,24,18,,,,16,,,,,,
2005050703,"芝浦",,4,17,21,19,,,,17,,,,,,
2005050704,"芝浦",,4,15,19,21,,,,12,,,,,,
2005050705,"芝浦",,6,15,21,22,,,,10,,,,,,
2005050706,"芝浦",,5,16,21,21,,,,13,,,,,,
2005050707,"芝浦",,9,20,29,16,,,,16,,,,,,
2005050708,"芝浦",,13,22,35,14,,,,14,,,,,,
2005050709,"芝浦",,16,24,40,13,,,,21,,,,,,
2005050710,"芝浦",,22,29,51,10,,,,27,,,,,,
2005050711,"芝浦",,24,33,57,9,,,,22,,,,,,
2005050712,"芝浦",,24,29,53,15,,,,15,,,,,,
2005050713,"芝浦",,52,36,88,14,,,,10,,,,,,
2005050714,"芝浦",,42,36,78,19,,,,9,,,,,,
2005050715,"芝浦",,59,49,108,12,,,,21,,,,,,
2005050716,"芝浦",,59,65,124,10,,,,53,,,,,,
2005050717,"芝浦",,48,75,123,9,,,,65,,,,,,
2005050718,"芝浦",,42,79,121,8,,,,55,,,,,,
2005050719,"芝浦",,79,84,163,3,,,,76,,,,,,
2005050720,"芝浦",,80,81,161,3,,,,74,,,,,,
2005050721,"芝浦",,19,61,80,2,,,,60,,,,,,
2005050722,"芝浦",,8,31,39,25,,,,17,,,,,,
2005050723,"芝浦",,6,23,29,32,,,,8,,,,,,
2005050724,"芝浦",,3,20,23,34,,,,7,,,,,,
2005050801,"芝浦",,7,27,34,24,,,,12,,,,,,
2005050802,"芝浦",,3,20,23,30,,,,7,,,,,,
2005050803,"芝浦",,3,27,30,21,,,,11,,,,,,
2005050804,"芝浦",,3,32,35,15,,,,13,,,,,,
2005050805,"芝浦",,3,28,31,14,,,,16,,,,,,
2005050806,"芝浦",,9,29,38,8,,,,28,,,,,,
2005050807,"芝浦",,19,24,43,9,,,,62,,,,,,
2005050808,"芝浦",,14,23,37,12,,,,41,,,,,,
2005050809,"芝浦",,28,32,60,8,,,,47,,,,,,
2005050810,"芝浦",,24,31,55,12,,,,47,,,,,,
2005050811,"芝浦",,13,22,35,21,,,,22,,,,,,
2005050812,"芝浦",,12,22,34,23,,,,20,,,,,,
2005050813,"芝浦",,9,23,32,23,,,,19,,,,,,
2005050814,"芝浦",,7,21,28,32,,,,19,,,,,,
2005050815,"芝浦",,18,26,44,25,,,,20,,,,,,
2005050816,"芝浦",,14,27,41,24,,,,18,,,,,,
2005050817,"芝浦",,5,21,26,28,,,,18,,,,,,
2005050818,"芝浦",,13,28,41,21,,,,15,,,,,,
2005050819,"芝浦",,6,29,35,18,,,,26,,,,,,
2005050820,"芝浦",,2,24,26,22,,,,22,,,,,,
2005050821,"芝浦",,10,38,48,8,,,,33,,,,,,
2005050822,"芝浦",,7,34,41,11,,,,20,,,,,,
2005050823,"芝浦",,37,42,79,3,,,,24,,,,,,
2005050824,"芝浦",,7,34,41,8,,,,26,,,,,,
2005050901,"芝浦",,9999,9999,9999,9995,,,,25,,,,,,
2005050902,"芝浦",,20,35,55,9,,,,27,,,,,,
2005050903,"芝浦",,19,35,54,6,,,,23,,,,,,
2005050904,"芝浦",,14,34,48,5,,,,28,,,,,,
2005050905,"芝浦",,9,34,43,5,,,,21,,,,,,
2005050906,"芝浦",,12,31,43,7,,,,25,,,,,,
2005050907,"芝浦",,29,32,61,10,,,,32,,,,,,
2005050908,"芝浦",,113,47,160,4,,,,38,,,,,,
2005050909,"芝浦",,135,51,186,4,,,,44,,,,,,
2005050910,"芝浦",,117,55,172,5,,,,57,,,,,,
2005050911,"芝浦",,86,55,141,8,,,,45,,,,,,
2005050912,"芝浦",,73,58,131,11,,,,50,,,,,,
2005050913,"芝浦",,53,70,123,17,,,,71,,,,,,
2005050914,"芝浦",,32,80,112,28,,,,55,,,,,,
2005050915,"芝浦",,37,70,107,29,,,,49,,,,,,
2005050916,"芝浦",,26,75,101,28,,,,56,,,,,,
2005050917,"芝浦",,51,89,140,10,,,,52,,,,,,
2005050918,"芝浦",,58,86,144,6,,,,53,,,,,,
2005050919,"芝浦",,72,88,160,2,,,,50,,,,,,
2005050920,"芝浦",,90,81,171,4,,,,42,,,,,,
2005050921,"芝浦",,19,59,78,15,,,,64,,,,,,
2005050922,"芝浦",,7,30,37,22,,,,54,,,,,,
2005050923,"芝浦",,7,32,39,24,,,,50,,,,,,
2005050924,"芝浦",,6,29,35,22,,,,29,,,,,,
2005051001,"芝浦",,3,26,29,21,,,,40,,,,,,
2005051002,"芝浦",,6,34,40,13,,,,47,,,,,,
2005051003,"芝浦",,5,29,34,18,,,,39,,,,,,
2005051004,"芝浦",,4,23,27,28,,,,21,,,,,,
2005051005,"芝浦",,6,18,24,35,,,,10,,,,,,
2005051006,"芝浦",,5,20,25,31,,,,20,,,,,,
2005051007,"芝浦",,12,26,38,26,,,,22,,,,,,
2005051008,"芝浦",,16,29,45,24,,,,15,,,,,,
2005051009,"芝浦",,17,26,43,31,,,,15,,,,,,
2005051010,"芝浦",,18,32,50,29,,,,18,,,,,,
2005051011,"芝浦",,12,25,37,40,,,,9,,,,,,
2005051012,"芝浦",,58,37,95,35,,,,14,,,,,,
2005051013,"芝浦",,35,44,79,30,,,,27,,,,,,
2005051014,"芝浦",,68,73,141,6,,,,36,,,,,,
2005051015,"芝浦",,55,73,128,9,,,,50,,,,,,
2005051016,"芝浦",,15,39,54,36,,,,34,,,,,,
2005051017,"芝浦",,5,30,35,45,,,,21,,,,,,
2005051018,"芝浦",,5,36,41,40,,,,24,,,,,,
2005051019,"芝浦",,2,27,29,49,,,,29,,,,,,
2005051020,"芝浦",,2,26,28,47,,,,36,,,,,,
2005051021,"芝浦",,4,32,36,33,,,,26,,,,,,
2005051022,"芝浦",,11,37,48,17,,,,18,,,,,,
2005051023,"芝浦",,10,47,57,7,,,,14,,,,,,
2005051024,"芝浦",,5,41,46,16,,,,24,,,,,,
2005051101,"芝浦",,17,37,54,17,,,,14,,,,,,
2005051102,"芝浦",,11,28,39,23,,,,12,,,,,,
2005051103,"芝浦",,12,26,38,23,,,,14,,,,,,
2005051104,"芝浦",,9,23,32,24,,,,14,,,,,,
2005051105,"芝浦",,20,26,46,21,,,,16,,,,,,
2005051106,"芝浦",,23,28,51,20,,,,20,,,,,,
2005051107,"芝浦",,26,29,55,18,,,,20,,,,,,
2005051108,"芝浦",,19,29,48,18,,,,11,,,,,,
2005051109,"芝浦",,46,37,83,14,,,,17,,,,,,
2005051110,"芝浦",,47,38,85,14,,,,16,,,,,,
2005051111,"芝浦",,54,37,91,14,,,,18,,,,,,
2005051112,"芝浦",,55,39,94,14,,,,18,,,,,,
2005051113,"芝浦",,33,33,66,20,,,,18,,,,,,
2005051114,"芝浦",,30,34,64,21,,,,20,,,,,,
2005051115,"芝浦",,21,29,50,25,,,,19,,,,,,
2005051116,"芝浦",,38,37,75,18,,,,11,,,,,,
2005051117,"芝浦",,24,33,57,20,,,,12,,,,,,
2005051118,"芝浦",,32,36,68,19,,,,21,,,,,,
2005051119,"芝浦",,14,33,47,20,,,,23,,,,,,
2005051120,"芝浦",,10,29,39,21,,,,12,,,,,,
2005051121,"芝浦",,8,31,39,18,,,,18,,,,,,
2005051122,"芝浦",,10,31,41,18,,,,23,,,,,,
2005051123,"芝浦",,6,34,40,16,,,,16,,,,,,
2005051124,"芝浦",,13,39,52,10,,,,11,,,,,,
2005051201,"芝浦",,8,31,39,17,,,,13,,,,,,
2005051202,"芝浦",,14,30,44,18,,,,12,,,,,,
2005051203,"芝浦",,13,32,45,15,,,,15,,,,,,
2005051204,"芝浦",,11,34,45,11,,,,26,,,,,,
2005051205,"芝浦",,24,28,52,16,,,,16,,,,,,
2005051206,"芝浦",,37,31,68,15,,,,24,,,,,,
2005051207,"芝浦",,26,31,57,16,,,,23,,,,,,
2005051208,"芝浦",,13,27,40,23,,,,17,,,,,,
2005051209,"芝浦",,70,42,112,13,,,,20,,,,,,
2005051210,"芝浦",,27,32,59,22,,,,18,,,,,,
2005051211,"芝浦",,46,39,85,20,,,,12,,,,,,
2005051212,"芝浦",,29,40,69,21,,,,29,,,,,,
2005051213,"芝浦",,36,43,79,21,,,,45,,,,,,
2005051214,"芝浦",,42,50,92,18,,,,32,,,,,,
2005051215,"芝浦",,9998,9998,9998,9998,,,,28,,,,,,
2005051216,"芝浦",,42,44,86,16,,,,29,,,,,,
2005051217,"芝浦",,44,40,84,16,,,,24,,,,,,
2005051218,"芝浦",,50,46,96,8,,,,26,,,,,,
2005051219,"芝浦",,54,46,100,7,,,,25,,,,,,
2005051220,"芝浦",,32,37,69,12,,,,24,,,,,,
2005051221,"芝浦",,27,35,62,10,,,,32,,,,,,
2005051222,"芝浦",,49,40,89,6,,,,33,,,,,,
2005051223,"芝浦",,62,44,106,3,,,,35,,,,,,
2005051224,"芝浦",,58,44,102,2,,,,38,,,,,,
2005051301,"芝浦",,106,48,154,2,,,,39,,,,,,
2005051302,"芝浦",,27,36,63,3,,,,52,,,,,,
2005051303,"芝浦",,10,29,39,5,,,,49,,,,,,
2005051304,"芝浦",,8,24,32,10,,,,18,,,,,,
2005051305,"芝浦",,7,23,30,17,,,,14,,,,,,
2005051306,"芝浦",,15,31,46,10,,,,10,,,,,,
2005051307,"芝浦",,14,31,45,10,,,,15,,,,,,
2005051308,"芝浦",,38,34,72,11,,,,14,,,,,,
2005051309,"芝浦",,35,32,67,15,,,,10,,,,,,
2005051310,"芝浦",,72,41,113,10,,,,16,,,,,,
2005051311,"芝浦",,65,41,106,9,,,,16,,,,,,
2005051312,"芝浦",,52,36,88,13,,,,21,,,,,,
2005051313,"芝浦",,60,39,99,12,,,,16,,,,,,
2005051314,"芝浦",,55,36,91,14,,,,10,,,,,,
2005051315,"芝浦",,64,38,102,14,,,,10,,,,,,
2005051316,"芝浦",,41,32,73,18,,,,17,,,,,,
2005051317,"芝浦",,52,36,88,15,,,,19,,,,,,
2005051318,"芝浦",,36,32,68,18,,,,15,,,,,,
2005051319,"芝浦",,47,38,85,13,,,,21,,,,,,
2005051320,"芝浦",,23,29,52,18,,,,13,,,,,,
2005051321,"芝浦",,14,23,37,23,,,,18,,,,,,
2005051322,"芝浦",,26,29,55,16,,,,14,,,,,,
2005051323,"芝浦",,19,26,45,18,,,,20,,,,,,
2005051324,"芝浦",,16,23,39,20,,,,22,,,,,,
2005051401,"芝浦",,8,16,24,27,,,,20,,,,,,
2005051402,"芝浦",,12,18,30,25,,,,21,,,,,,
2005051403,"芝浦",,22,24,46,20,,,,25,,,,,,
2005051404,"芝浦",,19,25,44,17,,,,27,,,,,,
2005051405,"芝浦",,32,30,62,12,,,,30,,,,,,
2005051406,"芝浦",,18,21,39,19,,,,33,,,,,,
2005051407,"芝浦",,22,26,48,14,,,,24,,,,,,
2005051408,"芝浦",,40,31,71,11,,,,29,,,,,,
2005051409,"芝浦",,30,27,57,15,,,,29,,,,,,
2005051410,"芝浦",,55,35,90,12,,,,27,,,,,,
2005051411,"芝浦",,61,38,99,13,,,,24,,,,,,
2005051412,"芝浦",,36,33,69,20,,,,19,,,,,,
2005051413,"芝浦",,27,34,61,27,,,,33,,,,,,
2005051414,"芝浦",,19,36,55,34,,,,27,,,,,,
2005051415,"芝浦",,28,44,72,29,,,,47,,,,,,
2005051416,"芝浦",,16,34,50,37,,,,38,,,,,,
2005051417,"芝浦",,16,34,50,28,,,,32,,,,,,
2005051418,"芝浦",,15,33,48,26,,,,32,,,,,,
2005051419,"芝浦",,14,31,45,23,,,,26,,,,,,
2005051420,"芝浦",,12,27,39,21,,,,20,,,,,,
2005051421,"芝浦",,9,25,34,22,,,,22,,,,,,
2005051422,"芝浦",,19,30,49,14,,,,21,,,,,,
2005051423,"芝浦",,22,34,56,9,,,,30,,,,,,
2005051424,"芝浦",,18,34,52,8,,,,36,,,,,,
2005051501,"芝浦",,26,35,61,6,,,,44,,,,,,
2005051502,"芝浦",,28,33,61,6,,,,43,,,,,,
2005051503,"芝浦",,22,31,53,6,,,,32,,,,,,
2005051504,"芝浦",,24,30,54,5,,,,32,,,,,,
2005051505,"芝浦",,23,28,51,5,,,,44,,,,,,
2005051506,"芝浦",,18,26,44,6,,,,37,,,,,,
2005051507,"芝浦",,8,21,29,9,,,,37,,,,,,
2005051508,"芝浦",,9,21,30,9,,,,44,,,,,,
2005051509,"芝浦",,7,19,26,13,,,,54,,,,,,
2005051510,"芝浦",,16,24,40,13,,,,59,,,,,,
2005051511,"芝浦",,12,23,35,15,,,,55,,,,,,
2005051512,"芝浦",,45,40,85,10,,,,61,,,,,,
2005051513,"芝浦",,44,42,86,11,,,,70,,,,,,
2005051514,"芝浦",,29,44,73,19,,,,53,,,,,,
2005051515,"芝浦",,24,50,74,15,,,,67,,,,,,
2005051516,"芝浦",,24,56,80,12,,,,70,,,,,,
2005051517,"芝浦",,7,30,37,40,,,,35,,,,,,
2005051518,"芝浦",,7,45,52,20,,,,22,,,,,,
2005051519,"芝浦",,5,47,52,17,,,,32,,,,,,
2005051520,"芝浦",,3,21,24,36,,,,12,,,,,,
2005051521,"芝浦",,3,18,21,35,,,,19,,,,,,
2005051522,"芝浦",,5,16,21,35,,,,15,,,,,,
2005051523,"芝浦",,5,15,20,34,,,,10,,,,,,
2005051524,"芝浦",,4,10,14,38,,,,12,,,,,,
2005051601,"芝浦",,9999,9999,9999,9995,,,,17,,,,,,
2005051602,"芝浦",,3,10,13,34,,,,14,,,,,,
2005051603,"芝浦",,3,12,15,31,,,,10,,,,,,
2005051604,"芝浦",,2,8,10,35,,,,8,,,,,,
2005051605,"芝浦",,2,9,11,33,,,,2,,,,,,
2005051606,"芝浦",,6,14,20,29,,,,4,,,,,,
2005051607,"芝浦",,8,14,22,29,,,,11,,,,,,
2005051608,"芝浦",,9,14,23,30,,,,6,,,,,,
2005051609,"芝浦",,8,12,20,33,,,,3,,,,,,
2005051610,"芝浦",,13,18,31,30,,,,2,,,,,,
2005051611,"芝浦",,11,19,30,9998,,,,3,,,,,,
2005051612,"芝浦",,9998,9998,9998,9998,,,,3,,,,,,
2005051613,"芝浦",,9997,9997,9997,9998,,,,14,,,,,,
2005051614,"芝浦",,9998,9998,9998,9998,,,,9998,,,,,,
2005051615,"芝浦",,9998,9998,9998,9998,,,,4,,,,,,
2005051616,"芝浦",,9998,9998,9998,26,,,,8,,,,,,
2005051617,"芝浦",,9998,9998,9998,22,,,,21,,,,,,
2005051618,"芝浦",,74,61,135,16,,,,13,,,,,,
2005051619,"芝浦",,49,49,98,12,,,,23,,,,,,
2005051620,"芝浦",,42,42,84,14,,,,17,,,,,,
2005051621,"芝浦",,34,37,71,11,,,,17,,,,,,
2005051622,"芝浦",,26,32,58,12,,,,20,,,,,,
2005051623,"芝浦",,21,29,50,14,,,,21,,,,,,
2005051624,"芝浦",,21,29,50,9,,,,14,,,,,,
2005051701,"芝浦",,26,28,54,9,,,,20,,,,,,
2005051702,"芝浦",,12,28,40,17,,,,18,,,,,,
2005051703,"芝浦",,3,25,28,20,,,,14,,,,,,
2005051704,"芝浦",,2,21,23,16,,,,16,,,,,,
2005051705,"芝浦",,2,21,23,18,,,,16,,,,,,
2005051706,"芝浦",,2,23,25,17,,,,20,,,,,,
2005051707,"芝浦",,4,27,31,15,,,,12,,,,,,
2005051708,"芝浦",,9,31,40,14,,,,12,,,,,,
2005051709,"芝浦",,12,32,44,17,,,,9,,,,,,
2005051710,"芝浦",,17,34,51,14,,,,12,,,,,,
2005051711,"芝浦",,24,34,58,14,,,,13,,,,,,
2005051712,"芝浦",,38,35,73,7,,,,21,,,,,,
2005051713,"芝浦",,49,38,87,13,,,,27,,,,,,
2005051714,"芝浦",,43,38,81,17,,,,21,,,,,,
2005051715,"芝浦",,34,42,76,9998,,,,31,,,,,,
2005051716,"芝浦",,9998,9998,9998,9998,,,,35,,,,,,
2005051717,"芝浦",,9998,9998,9998,9998,,,,34,,,,,,
2005051718,"芝浦",,17,30,47,9998,,,,22,,,,,,
2005051719,"芝浦",,32,36,68,12,,,,24,,,,,,
2005051720,"芝浦",,23,33,56,11,,,,28,,,,,,
2005051721,"芝浦",,32,36,68,6,,,,32,,,,,,
2005051722,"芝浦",,35,37,72,5,,,,47,,,,,,
2005051723,"芝浦",,35,37,72,5,,,,33,,,,,,
2005051724,"芝浦",,43,37,80,4,,,,40,,,,,,
2005051801,"芝浦",,55,39,94,2,,,,39,,,,,,
2005051802,"芝浦",,22,35,57,4,,,,30,,,,,,
2005051803,"芝浦",,40,37,77,3,,,,41,,,,,,
2005051804,"芝浦",,27,34,61,3,,,,39,,,,,,
2005051805,"芝浦",,26,34,60,3,,,,42,,,,,,
2005051806,"芝浦",,26,32,58,5,,,,37,,,,,,
2005051807,"芝浦",,37,33,70,8,,,,32,,,,,,
2005051808,"芝浦",,33,32,65,11,,,,20,,,,,,
2005051809,"芝浦",,30,28,58,17,,,,23,,,,,,
2005051810,"芝浦",,48,39,87,13,,,,20,,,,,,
2005051811,"芝浦",,38,35,73,14,,,,24,,,,,,
2005051812,"芝浦",,39,35,74,14,,,,27,,,,,,
2005051813,"芝浦",,45,41,86,10,,,,33,,,,,,
2005051814,"芝浦",,14,22,36,27,,,,28,,,,,,
2005051815,"芝浦",,14,26,40,22,,,,18,,,,,,
2005051816,"芝浦",,12,23,35,23,,,,22,,,,,,
2005051817,"芝浦",,19,34,53,12,,,,43,,,,,,
2005051818,"芝浦",,13,32,45,18,,,,38,,,,,,
2005051819,"芝浦",,6,20,26,29,,,,26,,,,,,
2005051820,"芝浦",,4,12,16,37,,,,19,,,,,,
2005051821,"芝浦",,3,9,12,44,,,,15,,,,,,
2005051822,"芝浦",,2,7,9,47,,,,12,,,,,,
2005051823,"芝浦",,2,10,12,42,,,,14,,,,,,
2005051824,"芝浦",,2,9,11,41,,,,18,,,,,,
2005051901,"芝浦",,4,10,14,36,,,,19,,,,,,
2005051902,"芝浦",,2,6,8,39,,,,17,,,,,,
2005051903,"芝浦",,3,9,12,36,,,,24,,,,,,
2005051904,"芝浦",,3,11,14,33,,,,19,,,,,,
2005051905,"芝浦",,2,9,11,36,,,,15,,,,,,
2005051906,"芝浦",,4,11,15,34,,,,16,,,,,,
2005051907,"芝浦",,9,18,27,30,,,,20,,,,,,
2005051908,"芝浦",,10,18,28,32,,,,13,,,,,,
2005051909,"芝浦",,11,18,29,34,,,,3,,,,,,
2005051910,"芝浦",,13,24,37,34,,,,11,,,,,,
2005051911,"芝浦",,42,42,84,25,,,,38,,,,,,
2005051912,"芝浦",,52,75,127,16,,,,35,,,,,,
2005051913,"芝浦",,60,67,127,13,,,,34,,,,,,
2005051914,"芝浦",,59,73,132,14,,,,39,,,,,,
2005051915,"芝浦",,52,85,137,12,,,,42,,,,,,
2005051916,"芝浦",,83,92,175,6,,,,48,,,,,,
2005051917,"芝浦",,102,110,212,6,,,,48,,,,,,
2005051918,"芝浦",,70,94,164,4,,,,52,,,,,,
2005051919,"芝浦",,47,66,113,11,,,,52,,,,,,
2005051920,"芝浦",,20,41,61,20,,,,37,,,,,,
2005051921,"芝浦",,15,37,52,22,,,,28,,,,,,
2005051922,"芝浦",,26,41,67,19,,,,27,,,,,,
2005051923,"芝浦",,28,41,69,19,,,,16,,,,,,
2005051924,"芝浦",,12,26,38,30,,,,12,,,,,,
2005052001,"芝浦",,18,26,44,28,,,,11,,,,,,
2005052002,"芝浦",,10,21,31,31,,,,22,,,,,,
2005052003,"芝浦",,9,21,30,30,,,,12,,,,,,
2005052004,"芝浦",,25,30,55,22,,,,14,,,,,,
2005052005,"芝浦",,26,32,58,20,,,,13,,,,,,
2005052006,"芝浦",,17,29,46,21,,,,11,,,,,,
2005052007,"芝浦",,27,38,65,12,,,,14,,,,,,
2005052008,"芝浦",,37,41,78,11,,,,6,,,,,,
2005052009,"芝浦",,70,50,120,9,,,,18,,,,,,
2005052010,"芝浦",,101,61,162,6,,,,18,,,,,,
2005052011,"芝浦",,82,59,141,8,,,,18,,,,,,
2005052012,"芝浦",,79,62,141,10,,,,24,,,,,,
2005052013,"芝浦",,92,70,162,8,,,,21,,,,,,
2005052014,"芝浦",,42,56,98,16,,,,24,,,,,,
2005052015,"芝浦",,32,48,80,19,,,,20,,,,,,
2005052016,"芝浦",,34,47,81,20,,,,24,,,,,,
2005052017,"芝浦",,43,56,99,12,,,,21,,,,,,
2005052018,"芝浦",,45,60,105,9,,,,24,,,,,,
2005052019,"芝浦",,33,51,84,10,,,,16,,,,,,
2005052020,"芝浦",,35,49,84,9,,,,25,,,,,,
2005052021,"芝浦",,31,51,82,5,,,,23,,,,,,
2005052022,"芝浦",,34,54,88,3,,,,21,,,,,,
2005052023,"芝浦",,52,55,107,1,,,,24,,,,,,
2005052024,"芝浦",,59,58,117,0,,,,21,,,,,,
2005052101,"芝浦",,35,52,87,3,,,,21,,,,,,
2005052102,"芝浦",,7,46,53,4,,,,18,,,,,,
2005052103,"芝浦",,4,40,44,11,,,,18,,,,,,
2005052104,"芝浦",,12,50,62,0,,,,14,,,,,,
2005052105,"芝浦",,7,40,47,7,,,,15,,,,,,
2005052106,"芝浦",,14,39,53,6,,,,23,,,,,,
2005052107,"芝浦",,17,39,56,9,,,,25,,,,,,
2005052108,"芝浦",,89,57,146,4,,,,40,,,,,,
2005052109,"芝浦",,124,67,191,4,,,,51,,,,,,
2005052110,"芝浦",,91,68,159,6,,,,42,,,,,,
2005052111,"芝浦",,79,76,155,9,,,,53,,,,,,
2005052112,"芝浦",,50,75,125,18,,,,45,,,,,,
2005052113,"芝浦",,22,80,102,50,,,,45,,,,,,
2005052114,"芝浦",,14,73,87,50,,,,50,,,,,,
2005052115,"芝浦",,17,75,92,45,,,,40,,,,,,
2005052116,"芝浦",,16,68,84,44,,,,39,,,,,,
2005052117,"芝浦",,14,56,70,33,,,,36,,,,,,
2005052118,"芝浦",,6,36,42,42,,,,35,,,,,,
2005052119,"芝浦",,1,21,22,55,,,,22,,,,,,
2005052120,"芝浦",,3,33,36,36,,,,19,,,,,,
2005052121,"芝浦",,1,19,20,51,,,,21,,,,,,
2005052122,"芝浦",,4,33,37,36,,,,31,,,,,,
2005052123,"芝浦",,13,49,62,16,,,,40,,,,,,
2005052124,"芝浦",,6,36,42,27,,,,37,,,,,,
2005052201,"芝浦",,2,22,24,42,,,,28,,,,,,
2005052202,"芝浦",,2,21,23,42,,,,29,,,,,,
2005052203,"芝浦",,3,23,26,40,,,,39,,,,,,
2005052204,"芝浦",,2,21,23,42,,,,41,,,,,,
2005052205,"芝浦",,1,12,13,51,,,,25,,,,,,
2005052206,"芝浦",,1,10,11,53,,,,28,,,,,,
2005052207,"芝浦",,2,12,14,49,,,,43,,,,,,
2005052208,"芝浦",,2,14,16,47,,,,31,,,,,,
2005052209,"芝浦",,3,15,18,55,,,,37,,,,,,
2005052210,"芝浦",,2,16,18,60,,,,30,,,,,,
2005052211,"芝浦",,4,19,23,61,,,,19,,,,,,
2005052212,"芝浦",,6,25,31,53,,,,40,,,,,,
2005052213,"芝浦",,5,18,23,54,,,,35,,,,,,
2005052214,"芝浦",,6,21,27,47,,,,43,,,,,,
2005052215,"芝浦",,4,17,21,52,,,,28,,,,,,
2005052216,"芝浦",,3,13,16,57,,,,41,,,,,,
2005052217,"芝浦",,2,10,12,61,,,,38,,,,,,
2005052218,"芝浦",,2,10,12,60,,,,38,,,,,,
2005052219,"芝浦",,1,11,12,58,,,,32,,,,,,
2005052220,"芝浦",,1,12,13,55,,,,39,,,,,,
2005052221,"芝浦",,2,16,18,43,,,,43,,,,,,
2005052222,"芝浦",,2,12,14,50,,,,36,,,,,,
2005052223,"芝浦",,1,7,8,58,,,,28,,,,,,
2005052224,"芝浦",,1,6,7,55,,,,27,,,,,,
2005052301,"芝浦",,9999,9999,9999,9995,,,,21,,,,,,
2005052302,"芝浦",,1,9,10,57,,,,16,,,,,,
2005052303,"芝浦",,1,9,10,56,,,,13,,,,,,
2005052304,"芝浦",,1,9,10,56,,,,33,,,,,,
2005052305,"芝浦",,1,10,11,54,,,,24,,,,,,
2005052306,"芝浦",,1,14,15,48,,,,26,,,,,,
2005052307,"芝浦",,21,32,53,9999,,,,31,,,,,,
2005052308,"芝浦",,73,59,132,9999,,,,34,,,,,,
2005052309,"芝浦",,18,40,58,26,,,,33,,,,,,
2005052310,"芝浦",,62,55,117,24,,,,40,,,,,,
2005052311,"芝浦",,54,62,116,26,,,,47,,,,,,
2005052312,"芝浦",,33,63,96,35,,,,49,,,,,,
2005052313,"芝浦",,20,55,75,51,,,,34,,,,,,
2005052314,"芝浦",,14,62,76,68,,,,51,,,,,,
2005052315,"芝浦",,8,51,59,64,,,,44,,,,,,
2005052316,"芝浦",,16,53,69,43,,,,38,,,,,,
2005052317,"芝浦",,14,51,65,38,,,,25,,,,,,
2005052318,"芝浦",,14,50,64,32,,,,31,,,,,,
2005052319,"芝浦",,18,56,74,24,,,,32,,,,,,
2005052320,"芝浦",,5,32,37,45,,,,40,,,,,,
2005052321,"芝浦",,8,33,41,33,,,,39,,,,,,
2005052322,"芝浦",,6,26,32,35,,,,31,,,,,,
2005052323,"芝浦",,7,26,33,38,,,,26,,,,,,
2005052324,"芝浦",,15,32,47,32,,,,29,,,,,,
2005052401,"芝浦",,27,46,73,19,,,,33,,,,,,
2005052402,"芝浦",,14,52,66,11,,,,22,,,,,,
2005052403,"芝浦",,1,30,31,25,,,,35,,,,,,
2005052404,"芝浦",,7,34,41,16,,,,46,,,,,,
2005052405,"芝浦",,4,28,32,19,,,,39,,,,,,
2005052406,"芝浦",,6,32,38,18,,,,53,,,,,,
2005052407,"芝浦",,10,37,47,15,,,,45,,,,,,
2005052408,"芝浦",,17,44,61,13,,,,40,,,,,,
2005052409,"芝浦",,26,46,72,9999,,,,29,,,,,,
2005052410,"芝浦",,81,66,147,13,,,,34,,,,,,
2005052411,"芝浦",,50,68,118,15,,,,28,,,,,,
2005052412,"芝浦",,35,64,99,25,,,,36,,,,,,
2005052413,"芝浦",,33,56,89,26,,,,23,,,,,,
2005052414,"芝浦",,21,47,68,33,,,,28,,,,,,
2005052415,"芝浦",,22,55,77,37,,,,30,,,,,,
2005052416,"芝浦",,16,49,65,43,,,,31,,,,,,
2005052417,"芝浦",,14,48,62,34,,,,33,,,,,,
2005052418,"芝浦",,10,46,56,33,,,,30,,,,,,
2005052419,"芝浦",,4,34,38,44,,,,25,,,,,,
2005052420,"芝浦",,7,38,45,39,,,,30,,,,,,
2005052421,"芝浦",,3,28,31,41,,,,24,,,,,,
2005052422,"芝浦",,3,25,28,34,,,,20,,,,,,
2005052423,"芝浦",,2,23,25,35,,,,24,,,,,,
2005052424,"芝浦",,2,23,25,31,,,,17,,,,,,
2005052501,"芝浦",,2,28,30,25,,,,32,,,,,,
2005052502,"芝浦",,7,31,38,22,,,,27,,,,,,
2005052503,"芝浦",,10,30,40,25,,,,30,,,,,,
2005052504,"芝浦",,7,29,36,25,,,,38,,,,,,
2005052505,"芝浦",,8,27,35,24,,,,32,,,,,,
2005052506,"芝浦",,23,38,61,12,,,,38,,,,,,
2005052507,"芝浦",,67,47,114,8,,,,43,,,,,,
2005052508,"芝浦",,23,37,60,14,,,,25,,,,,,
2005052509,"芝浦",,64,46,110,9,,,,41,,,,,,
2005052510,"芝浦",,94,56,150,9999,,,,36,,,,,,
2005052511,"芝浦",,84,59,143,9,,,,26,,,,,,
2005052512,"芝浦",,43,49,92,20,,,,21,,,,,,
2005052513,"芝浦",,22,43,65,32,,,,20,,,,,,
2005052514,"芝浦",,32,54,86,27,,,,26,,,,,,
2005052515,"芝浦",,23,48,71,35,,,,31,,,,,,
2005052516,"芝浦",,18,39,57,37,,,,23,,,,,,
2005052517,"芝浦",,19,35,54,33,,,,19,,,,,,
2005052518,"芝浦",,14,33,47,32,,,,20,,,,,,
2005052519,"芝浦",,13,32,45,26,,,,12,,,,,,
2005052520,"芝浦",,15,33,48,18,,,,14,,,,,,
2005052521,"芝浦",,12,30,42,9999,,,,7,,,,,,
2005052522,"芝浦",,28,35,63,14,,,,19,,,,,,
2005052523,"芝浦",,18,39,57,10,,,,17,,,,,,
2005052524,"芝浦",,24,43,67,8,,,,16,,,,,,
2005052601,"芝浦",,12,43,55,6,,,,28,,,,,,
2005052602,"芝浦",,14,41,55,8,,,,18,,,,,,
2005052603,"芝浦",,17,44,61,2,,,,20,,,,,,
2005052604,"芝浦",,15,42,57,1,,,,21,,,,,,
2005052605,"芝浦",,26,43,69,2,,,,30,,,,,,
2005052606,"芝浦",,91,50,141,4,,,,22,,,,,,
2005052607,"芝浦",,103,54,157,5,,,,22,,,,,,
2005052608,"芝浦",,60,50,110,6,,,,31,,,,,,
2005052609,"芝浦",,59,53,112,8,,,,27,,,,,,
2005052610,"芝浦",,96,63,159,8,,,,28,,,,,,
2005052611,"芝浦",,80,61,141,11,,,,27,,,,,,
2005052612,"芝浦",,67,63,130,15,,,,33,,,,,,
2005052613,"芝浦",,53,61,114,18,,,,28,,,,,,
2005052614,"芝浦",,53,61,114,21,,,,31,,,,,,
2005052615,"芝浦",,9998,9998,9998,9998,,,,9998,,,,,,
2005052616,"芝浦",,33,71,104,30,,,,27,,,,,,
2005052617,"芝浦",,16,44,60,36,,,,25,,,,,,
2005052618,"芝浦",,17,56,73,36,,,,24,,,,,,
2005052619,"芝浦",,12,52,64,31,,,,29,,,,,,
2005052620,"芝浦",,9,32,41,30,,,,19,,,,,,
2005052621,"芝浦",,17,38,55,14,,,,20,,,,,,
2005052622,"芝浦",,23,38,61,11,,,,23,,,,,,
2005052623,"芝浦",,20,32,52,14,,,,23,,,,,,
2005052624,"芝浦",,30,34,64,5,,,,25,,,,,,
2005052701,"芝浦",,24,30,54,0,,,,35,,,,,,
2005052702,"芝浦",,27,31,58,1,,,,43,,,,,,
2005052703,"芝浦",,66,37,103,0,,,,43,,,,,,
2005052704,"芝浦",,70,37,107,0,,,,43,,,,,,
2005052705,"芝浦",,82,31,113,0,,,,52,,,,,,
2005052706,"芝浦",,118,37,155,0,,,,53,,,,,,
2005052707,"芝浦",,82,37,119,0,,,,62,,,,,,
2005052708,"芝浦",,60,41,101,0,,,,59,,,,,,
2005052709,"芝浦",,147,62,209,0,,,,64,,,,,,
2005052710,"芝浦",,114,70,184,7,,,,48,,,,,,
2005052711,"芝浦",,57,67,124,15,,,,28,,,,,,
2005052712,"芝浦",,44,60,104,19,,,,30,,,,,,
2005052713,"芝浦",,31,52,83,29,,,,27,,,,,,
2005052714,"芝浦",,35,53,88,26,,,,36,,,,,,
2005052715,"芝浦",,37,54,91,23,,,,46,,,,,,
2005052716,"芝浦",,41,53,94,16,,,,50,,,,,,
2005052717,"芝浦",,33,53,86,19,,,,29,,,,,,
2005052718,"芝浦",,28,51,79,14,,,,38,,,,,,
2005052719,"芝浦",,24,43,67,13,,,,23,,,,,,
2005052720,"芝浦",,20,41,61,13,,,,29,,,,,,
2005052721,"芝浦",,15,39,54,14,,,,20,,,,,,
2005052722,"芝浦",,12,36,48,16,,,,23,,,,,,
2005052723,"芝浦",,7,26,33,25,,,,19,,,,,,
2005052724,"芝浦",,3,19,22,32,,,,26,,,,,,
2005052801,"芝浦",,7,20,27,30,,,,22,,,,,,
2005052802,"芝浦",,2,13,15,36,,,,20,,,,,,
2005052803,"芝浦",,2,11,13,36,,,,29,,,,,,
2005052804,"芝浦",,30,37,67,2,,,,49,,,,,,
2005052805,"芝浦",,28,33,61,2,,,,40,,,,,,
2005052806,"芝浦",,26,30,56,3,,,,31,,,,,,
2005052807,"芝浦",,25,27,52,8,,,,22,,,,,,
2005052808,"芝浦",,38,33,71,9,,,,23,,,,,,
2005052809,"芝浦",,48,39,87,11,,,,33,,,,,,
2005052810,"芝浦",,58,48,106,16,,,,33,,,,,,
2005052811,"芝浦",,54,49,103,20,,,,45,,,,,,
2005052812,"芝浦",,26,44,70,30,,,,41,,,,,,
2005052813,"芝浦",,32,51,83,31,,,,49,,,,,,
2005052814,"芝浦",,27,57,84,29,,,,44,,,,,,
2005052815,"芝浦",,18,51,69,38,,,,47,,,,,,
2005052816,"芝浦",,25,55,80,28,,,,58,,,,,,
2005052817,"芝浦",,21,44,65,31,,,,38,,,,,,
2005052818,"芝浦",,14,32,46,27,,,,31,,,,,,
2005052819,"芝浦",,15,28,43,23,,,,25,,,,,,
2005052820,"芝浦",,11,25,36,22,,,,20,,,,,,
2005052821,"芝浦",,10,26,36,20,,,,20,,,,,,
2005052822,"芝浦",,19,33,52,13,,,,19,,,,,,
2005052823,"芝浦",,14,30,44,15,,,,17,,,,,,
2005052824,"芝浦",,9,24,33,22,,,,27,,,,,,
2005052901,"芝浦",,4,17,21,27,,,,22,,,,,,
2005052902,"芝浦",,3,16,19,26,,,,20,,,,,,
2005052903,"芝浦",,1,7,8,35,,,,26,,,,,,
2005052904,"芝浦",,2,5,7,38,,,,18,,,,,,
2005052905,"芝浦",,2,3,5,38,,,,26,,,,,,
2005052906,"芝浦",,5,7,12,35,,,,25,,,,,,
2005052907,"芝浦",,4,6,10,38,,,,24,,,,,,
2005052908,"芝浦",,4,7,11,38,,,,22,,,,,,
2005052909,"芝浦",,6,9,15,35,,,,14,,,,,,
2005052910,"芝浦",,9,11,20,35,,,,26,,,,,,
2005052911,"芝浦",,8,9,17,41,,,,16,,,,,,
2005052912,"芝浦",,12,12,24,41,,,,12,,,,,,
2005052913,"芝浦",,10,12,22,44,,,,24,,,,,,
2005052914,"芝浦",,7,8,15,44,,,,15,,,,,,
2005052915,"芝浦",,18,21,39,33,,,,17,,,,,,
2005052916,"芝浦",,8,14,22,44,,,,30,,,,,,
2005052917,"芝浦",,6,13,19,45,,,,35,,,,,,
2005052918,"芝浦",,9,14,23,34,,,,26,,,,,,
2005052919,"芝浦",,9,16,25,30,,,,21,,,,,,
2005052920,"芝浦",,5,15,20,31,,,,17,,,,,,
2005052921,"芝浦",,6,18,24,26,,,,29,,,,,,
2005052922,"芝浦",,4,14,18,27,,,,22,,,,,,
2005052923,"芝浦",,5,16,21,24,,,,25,,,,,,
2005052924,"芝浦",,9,14,23,22,,,,30,,,,,,
2005053001,"芝浦",,9999,9999,9999,9995,,,,29,,,,,,
2005053002,"芝浦",,3,15,18,20,,,,19,,,,,,
2005053003,"芝浦",,2,13,15,21,,,,15,,,,,,
2005053004,"芝浦",,2,16,18,21,,,,22,,,,,,
2005053005,"芝浦",,4,19,23,16,,,,29,,,,,,
2005053006,"芝浦",,6,20,26,14,,,,39,,,,,,
2005053007,"芝浦",,6,20,26,17,,,,29,,,,,,
2005053008,"芝浦",,8,21,29,18,,,,22,,,,,,
2005053009,"芝浦",,13,25,38,15,,,,21,,,,,,
2005053010,"芝浦",,18,31,49,12,,,,24,,,,,,
2005053011,"芝浦",,28,36,64,8,,,,32,,,,,,
2005053012,"芝浦",,39,41,80,5,,,,55,,,,,,
2005053013,"芝浦",,38,36,74,9,,,,28,,,,,,
2005053014,"芝浦",,42,37,79,10,,,,18,,,,,,
2005053015,"芝浦",,29,35,64,12,,,,18,,,,,,
2005053016,"芝浦",,36,35,71,12,,,,27,,,,,,
2005053017,"芝浦",,31,30,61,15,,,,45,,,,,,
2005053018,"芝浦",,17,27,44,18,,,,23,,,,,,
2005053019,"芝浦",,13,27,40,14,,,,20,,,,,,
2005053020,"芝浦",,12,24,36,16,,,,21,,,,,,
2005053021,"芝浦",,10,24,34,19,,,,20,,,,,,
2005053022,"芝浦",,8,21,29,22,,,,23,,,,,,
2005053023,"芝浦",,5,18,23,23,,,,24,,,,,,
2005053024,"芝浦",,8,18,26,18,,,,19,,,,,,
2005053101,"芝浦",,6,18,24,16,,,,26,,,,,,
2005053102,"芝浦",,3,11,14,26,,,,22,,,,,,
2005053103,"芝浦",,3,12,15,29,,,,18,,,,,,
2005053104,"芝浦",,2,11,13,32,,,,13,,,,,,
2005053105,"芝浦",,2,11,13,37,,,,18,,,,,,
2005053106,"芝浦",,2,14,16,35,,,,17,,,,,,
2005053107,"芝浦",,3,18,21,30,,,,10,,,,,,
2005053108,"芝浦",,7,19,26,28,,,,18,,,,,,
2005053109,"芝浦",,9,22,31,26,,,,10,,,,,,
2005053110,"芝浦",,14,28,42,21,,,,7,,,,,,
2005053111,"芝浦",,28,39,67,12,,,,17,,,,,,
2005053112,"芝浦",,12,27,39,27,,,,11,,,,,,
2005053113,"芝浦",,11,26,37,36,,,,16,,,,,,
2005053114,"芝浦",,9,23,32,41,,,,11,,,,,,
2005053115,"芝浦",,9,24,33,44,,,,12,,,,,,
2005053116,"芝浦",,7,20,27,47,,,,9,,,,,,
2005053117,"芝浦",,32,38,70,30,,,,16,,,,,,
2005053118,"芝浦",,103,63,166,11,,,,22,,,,,,
2005053119,"芝浦",,5,25,30,40,,,,20,,,,,,
2005053120,"芝浦",,2,24,26,50,,,,37,,,,,,
2005053121,"芝浦",,2,24,26,50,,,,44,,,,,,
2005053122,"芝浦",,2,25,27,45,,,,39,,,,,,
2005053123,"芝浦",,2,32,34,34,,,,49,,,,,,
2005053124,"芝浦",,2,28,30,42,,,,49,,,,,,
2005040101,"芝浦",,6,39,45,16,,,,26,,,,,,
2005040102,"芝浦",,6,37,43,20,,,,23,,,,,,
2005040103,"芝浦",,5,36,41,20,,,,21,,,,,,
2005040104,"芝浦",,7,33,40,20,,,,20,,,,,,
2005040105,"芝浦",,6,28,34,24,,,,22,,,,,,
2005040106,"芝浦",,7,34,41,16,,,,22,,,,,,
2005040107,"芝浦",,8,31,39,19,,,,13,,,,,,
2005040108,"芝浦",,26,39,65,15,,,,20,,,,,,
2005040109,"芝浦",,24,33,57,23,,,,15,,,,,,
2005040110,"芝浦",,18,26,44,29,,,,17,,,,,,
2005040111,"芝浦",,11,21,32,35,,,,17,,,,,,
2005040112,"芝浦",,16,22,38,37,,,,12,,,,,,
2005040113,"芝浦",,16,24,40,39,,,,24,,,,,,
2005040114,"芝浦",,68,50,118,21,,,,31,,,,,,
2005040115,"芝浦",,102,72,174,7,,,,58,,,,,,
2005040116,"芝浦",,58,65,123,14,,,,46,,,,,,
2005040117,"芝浦",,108,74,182,4,,,,50,,,,,,
2005040118,"芝浦",,51,64,115,10,,,,42,,,,,,
2005040119,"芝浦",,17,45,62,23,,,,40,,,,,,
2005040120,"芝浦",,11,40,51,26,,,,24,,,,,,
2005040121,"芝浦",,22,50,72,17,,,,30,,,,,,
2005040122,"芝浦",,29,54,83,13,,,,29,,,,,,
2005040123,"芝浦",,22,54,76,10,,,,34,,,,,,
2005040124,"芝浦",,8,40,48,13,,,,26,,,,,,
2005040201,"芝浦",,4,27,31,26,,,,23,,,,,,
2005040202,"芝浦",,4,25,29,28,,,,23,,,,,,
2005040203,"芝浦",,4,23,27,29,,,,25,,,,,,
2005040204,"芝浦",,7,32,39,18,,,,27,,,,,,
2005040205,"芝浦",,7,34,41,14,,,,32,,,,,,
2005040206,"芝浦",,8,32,40,17,,,,23,,,,,,
2005040207,"芝浦",,8,31,39,18,,,,23,,,,,,
2005040208,"芝浦",,12,33,45,20,,,,22,,,,,,
2005040209,"芝浦",,16,36,52,20,,,,21,,,,,,
2005040210,"芝浦",,25,40,65,15,,,,30,,,,,,
2005040211,"芝浦",,28,40,68,16,,,,25,,,,,,
2005040212,"芝浦",,33,41,74,18,,,,37,,,,,,
2005040213,"芝浦",,57,50,107,13,,,,40,,,,,,
2005040214,"芝浦",,62,57,119,12,,,,47,,,,,,
2005040215,"芝浦",,57,57,114,11,,,,33,,,,,,
2005040216,"芝浦",,71,63,134,8,,,,47,,,,,,
2005040217,"芝浦",,54,61,115,9,,,,42,,,,,,
2005040218,"芝浦",,37,65,102,7,,,,50,,,,,,
2005040219,"芝浦",,48,67,115,3,,,,58,,,,,,
2005040220,"芝浦",,24,60,84,7,,,,41,,,,,,
2005040221,"芝浦",,15,56,71,8,,,,52,,,,,,
2005040222,"芝浦",,6,52,58,9,,,,55,,,,,,
2005040223,"芝浦",,5,36,41,23,,,,56,,,,,,
2005040224,"芝浦",,3,24,27,34,,,,47,,,,,,
2005040301,"芝浦",,4,23,27,36,,,,50,,,,,,
2005040302,"芝浦",,3,26,29,32,,,,45,,,,,,
2005040303,"芝浦",,4,39,43,20,,,,53,,,,,,
2005040304,"芝浦",,10,50,60,10,,,,51,,,,,,
2005040305,"芝浦",,14,38,52,24,,,,50,,,,,,
2005040306,"芝浦",,63,52,115,3,,,,57,,,,,,
2005040307,"芝浦",,67,50,117,3,,,,61,,,,,,
2005040308,"芝浦",,63,54,117,5,,,,56,,,,,,
2005040309,"芝浦",,79,61,140,7,,,,67,,,,,,
2005040310,"芝浦",,70,67,137,9,,,,58,,,,,,
2005040311,"芝浦",,32,59,91,25,,,,59,,,,,,
2005040312,"芝浦",,19,43,62,38,,,,33,,,,,,
2005040313,"芝浦",,8,34,42,54,,,,35,,,,,,
2005040314,"芝浦",,10,41,51,47,,,,37,,,,,,
2005040315,"芝浦",,10,45,55,49,,,,38,,,,,,
2005040316,"芝浦",,10,49,59,47,,,,49,,,,,,
2005040317,"芝浦",,13,50,63,39,,,,46,,,,,,
2005040318,"芝浦",,7,34,41,48,,,,38,,,,,,
2005040319,"芝浦",,2,17,19,59,,,,32,,,,,,
2005040320,"芝浦",,2,16,18,55,,,,35,,,,,,
2005040321,"芝浦",,6,34,40,28,,,,61,,,,,,
2005040322,"芝浦",,3,22,25,53,,,,54,,,,,,
2005040323,"芝浦",,8,26,34,43,,,,42,,,,,,
2005040324,"芝浦",,7,21,28,36,,,,33,,,,,,
2005040401,"芝浦",,9999,9999,9999,9995,,,,35,,,,,,
2005040402,"芝浦",,11,20,31,33,,,,25,,,,,,
2005040403,"芝浦",,7,15,22,37,,,,23,,,,,,
2005040404,"芝浦",,9,19,28,34,,,,23,,,,,,
2005040405,"芝浦",,13,21,34,32,,,,21,,,,,,
2005040406,"芝浦",,14,21,35,32,,,,12,,,,,,
2005040407,"芝浦",,19,26,45,27,,,,13,,,,,,
2005040408,"芝浦",,20,34,54,20,,,,15,,,,,,
2005040409,"芝浦",,30,39,69,19,,,,14,,,,,,
2005040410,"芝浦",,20,32,52,26,,,,14,,,,,,
2005040411,"芝浦",,32,37,69,23,,,,9,,,,,,
2005040412,"芝浦",,32,36,68,25,,,,25,,,,,,
2005040413,"芝浦",,42,38,80,25,,,,21,,,,,,
2005040414,"芝浦",,25,31,56,29,,,,12,,,,,,
2005040415,"芝浦",,17,26,43,33,,,,12,,,,,,
2005040416,"芝浦",,22,30,52,31,,,,20,,,,,,
2005040417,"芝浦",,27,34,61,30,,,,13,,,,,,
2005040418,"芝浦",,11,25,36,35,,,,15,,,,,,
2005040419,"芝浦",,51,43,94,17,,,,27,,,,,,
2005040420,"芝浦",,67,54,121,4,,,,38,,,,,,
2005040421,"芝浦",,54,53,107,3,,,,27,,,,,,
2005040422,"芝浦",,15,38,53,16,,,,21,,,,,,
2005040423,"芝浦",,14,42,56,14,,,,20,,,,,,
2005040424,"芝浦",,32,45,77,11,,,,21,,,,,,
2005040501,"芝浦",,99,60,159,2,,,,25,,,,,,
2005040502,"芝浦",,96,57,153,3,,,,36,,,,,,
2005040503,"芝浦",,88,51,139,2,,,,40,,,,,,
2005040504,"芝浦",,64,46,110,4,,,,40,,,,,,
2005040505,"芝浦",,70,47,117,4,,,,42,,,,,,
2005040506,"芝浦",,84,51,135,3,,,,42,,,,,,
2005040507,"芝浦",,77,53,130,3,,,,37,,,,,,
2005040508,"芝浦",,107,58,165,4,,,,40,,,,,,
2005040509,"芝浦",,98,62,160,5,,,,46,,,,,,
2005040510,"芝浦",,109,64,173,6,,,,40,,,,,,
2005040511,"芝浦",,141,74,215,6,,,,48,,,,,,
2005040512,"芝浦",,114,78,192,8,,,,44,,,,,,
2005040513,"芝浦",,74,65,139,11,,,,39,,,,,,
2005040514,"芝浦",,63,59,122,13,,,,39,,,,,,
2005040515,"芝浦",,64,61,125,11,,,,41,,,,,,
2005040516,"芝浦",,34,46,80,24,,,,40,,,,,,
2005040517,"芝浦",,7,30,37,39,,,,26,,,,,,
2005040518,"芝浦",,9,41,50,30,,,,39,,,,,,
2005040519,"芝浦",,14,52,66,18,,,,36,,,,,,
2005040520,"芝浦",,74,69,143,4,,,,38,,,,,,
2005040521,"芝浦",,25,61,86,5,,,,34,,,,,,
2005040522,"芝浦",,23,57,80,6,,,,34,,,,,,
2005040523,"芝浦",,25,60,85,2,,,,38,,,,,,
2005040524,"芝浦",,65,63,128,2,,,,41,,,,,,
2005040601,"芝浦",,120,67,187,2,,,,45,,,,,,
2005040602,"芝浦",,91,61,152,2,,,,55,,,,,,
2005040603,"芝浦",,53,55,108,2,,,,55,,,,,,
2005040604,"芝浦",,50,52,102,2,,,,50,,,,,,
2005040605,"芝浦",,51,52,103,2,,,,51,,,,,,
2005040606,"芝浦",,200,63,263,2,,,,67,,,,,,
2005040607,"芝浦",,238,66,304,2,,,,73,,,,,,
2005040608,"芝浦",,277,77,354,2,,,,72,,,,,,
2005040609,"芝浦",,312,85,397,2,,,,84,,,,,,
2005040610,"芝浦",,225,94,319,3,,,,95,,,,,,
2005040611,"芝浦",,228,110,338,3,,,,105,,,,,,
2005040612,"芝浦",,170,105,275,4,,,,85,,,,,,
2005040613,"芝浦",,75,97,172,12,,,,84,,,,,,
2005040614,"芝浦",,74,93,167,10,,,,67,,,,,,
2005040615,"芝浦",,79,90,169,8,,,,55,,,,,,
2005040616,"芝浦",,83,95,178,6,,,,60,,,,,,
2005040617,"芝浦",,128,98,226,3,,,,63,,,,,,
2005040618,"芝浦",,193,92,285,8,,,,65,,,,,,
2005040619,"芝浦",,128,89,217,2,,,,60,,,,,,
2005040620,"芝浦",,13,55,68,20,,,,29,,,,,,
2005040621,"芝浦",,4,40,44,32,,,,38,,,,,,
2005040622,"芝浦",,4,37,41,32,,,,33,,,,,,
2005040623,"芝浦",,4,36,40,31,,,,32,,,,,,
2005040624,"芝浦",,33,50,83,18,,,,30,,,,,,
2005040701,"芝浦",,19,43,62,19,,,,33,,,,,,
2005040702,"芝浦",,16,45,61,14,,,,33,,,,,,
2005040703,"芝浦",,11,37,48,20,,,,26,,,,,,
2005040704,"芝浦",,12,29,41,26,,,,31,,,,,,
2005040705,"芝浦",,2,21,23,31,,,,27,,,,,,
2005040706,"芝浦",,6,24,30,29,,,,26,,,,,,
2005040707,"芝浦",,8,30,38,24,,,,27,,,,,,
2005040708,"芝浦",,9,26,35,27,,,,29,,,,,,
2005040709,"芝浦",,13,30,43,25,,,,21,,,,,,
2005040710,"芝浦",,17,33,50,24,,,,25,,,,,,
2005040711,"芝浦",,12,28,40,31,,,,14,,,,,,
2005040712,"芝浦",,12,24,36,36,,,,18,,,,,,
2005040713,"芝浦",,6,14,20,48,,,,20,,,,,,
2005040714,"芝浦",,9,19,28,43,,,,32,,,,,,
2005040715,"芝浦",,9,20,29,41,,,,21,,,,,,
2005040716,"芝浦",,11,21,32,39,,,,18,,,,,,
2005040717,"芝浦",,7,20,27,38,,,,28,,,,,,
2005040718,"芝浦",,7,23,30,33,,,,24,,,,,,
2005040719,"芝浦",,5,21,26,33,,,,32,,,,,,
2005040720,"芝浦",,3,19,22,32,,,,29,,,,,,
2005040721,"芝浦",,2,16,18,33,,,,26,,,,,,
2005040722,"芝浦",,2,16,18,32,,,,25,,,,,,
2005040723,"芝浦",,2,14,16,32,,,,26,,,,,,
2005040724,"芝浦",,2,12,14,32,,,,21,,,,,,
2005040801,"芝浦",,2,11,13,34,,,,21,,,,,,
2005040802,"芝浦",,2,10,12,36,,,,23,,,,,,
2005040803,"芝浦",,1,9,10,36,,,,34,,,,,,
2005040804,"芝浦",,1,9,10,36,,,,31,,,,,,
2005040805,"芝浦",,2,14,16,32,,,,37,,,,,,
2005040806,"芝浦",,3,22,25,22,,,,35,,,,,,
2005040807,"芝浦",,8,30,38,18,,,,41,,,,,,
2005040808,"芝浦",,31,43,74,10,,,,35,,,,,,
2005040809,"芝浦",,73,44,117,8,,,,36,,,,,,
2005040810,"芝浦",,93,52,145,8,,,,33,,,,,,
2005040811,"芝浦",,9998,9998,9998,9998,,,,48,,,,,,
2005040812,"芝浦",,28,42,70,30,,,,48,,,,,,
2005040813,"芝浦",,18,31,49,39,,,,51,,,,,,
2005040814,"芝浦",,14,28,42,39,,,,48,,,,,,
2005040815,"芝浦",,23,30,53,35,,,,50,,,,,,
2005040816,"芝浦",,19,31,50,34,,,,54,,,,,,
2005040817,"芝浦",,17,31,48,31,,,,48,,,,,,
2005040818,"芝浦",,16,30,46,31,,,,39,,,,,,
2005040819,"芝浦",,9,34,43,25,,,,42,,,,,,
2005040820,"芝浦",,11,31,42,26,,,,41,,,,,,
2005040821,"芝浦",,11,29,40,27,,,,45,,,,,,
2005040822,"芝浦",,7,23,30,31,,,,39,,,,,,
2005040823,"芝浦",,11,26,37,28,,,,42,,,,,,
2005040824,"芝浦",,3,16,19,34,,,,34,,,,,,
2005040901,"芝浦",,3,16,19,32,,,,38,,,,,,
2005040902,"芝浦",,2,14,16,32,,,,40,,,,,,
2005040903,"芝浦",,2,16,18,32,,,,37,,,,,,
2005040904,"芝浦",,5,20,25,28,,,,35,,,,,,
2005040905,"芝浦",,4,21,25,26,,,,32,,,,,,
2005040906,"芝浦",,3,25,28,23,,,,33,,,,,,
2005040907,"芝浦",,42,39,81,13,,,,32,,,,,,
2005040908,"芝浦",,71,47,118,8,,,,25,,,,,,
2005040909,"芝浦",,75,49,124,9,,,,32,,,,,,
2005040910,"芝浦",,98,54,152,8,,,,30,,,,,,
2005040911,"芝浦",,74,52,126,10,,,,36,,,,,,
2005040912,"芝浦",,46,52,98,18,,,,44,,,,,,
2005040913,"芝浦",,37,53,90,21,,,,55,,,,,,
2005040914,"芝浦",,27,49,76,28,,,,48,,,,,,
2005040915,"芝浦",,23,47,70,28,,,,44,,,,,,
2005040916,"芝浦",,24,47,71,24,,,,45,,,,,,
2005040917,"芝浦",,24,47,71,19,,,,56,,,,,,
2005040918,"芝浦",,23,49,72,14,,,,47,,,,,,
2005040919,"芝浦",,11,38,49,22,,,,47,,,,,,
2005040920,"芝浦",,11,39,50,18,,,,34,,,,,,
2005040921,"芝浦",,15,43,58,14,,,,44,,,,,,
2005040922,"芝浦",,16,37,53,16,,,,42,,,,,,
2005040923,"芝浦",,16,40,56,12,,,,46,,,,,,
2005040924,"芝浦",,12,36,48,15,,,,38,,,,,,
2005041001,"芝浦",,10,33,43,17,,,,54,,,,,,
2005041002,"芝浦",,16,38,54,11,,,,47,,,,,,
2005041003,"芝浦",,30,48,78,3,,,,60,,,,,,
2005041004,"芝浦",,29,37,66,12,,,,49,,,,,,
2005041005,"芝浦",,9,26,35,12,,,,46,,,,,,
2005041006,"芝浦",,11,27,38,9,,,,43,,,,,,
2005041007,"芝浦",,4,23,27,12,,,,33,,,,,,
2005041008,"芝浦",,9,25,34,12,,,,35,,,,,,
2005041009,"芝浦",,52,35,87,9,,,,49,,,,,,
2005041010,"芝浦",,42,39,81,12,,,,43,,,,,,
2005041011,"芝浦",,21,40,61,25,,,,53,,,,,,
2005041012,"芝浦",,10,28,38,42,,,,49,,,,,,
2005041013,"芝浦",,8,25,33,50,,,,69,,,,,,
2005041014,"芝浦",,8,25,33,46,,,,56,,,,,,
2005041015,"芝浦",,4,13,17,56,,,,49,,,,,,
2005041016,"芝浦",,3,8,11,56,,,,48,,,,,,
2005041017,"芝浦",,3,8,11,55,,,,45,,,,,,
2005041018,"芝浦",,2,9,11,51,,,,51,,,,,,
2005041019,"芝浦",,4,15,19,38,,,,55,,,,,,
2005041020,"芝浦",,3,11,14,34,,,,40,,,,,,
2005041021,"芝浦",,3,8,11,32,,,,35,,,,,,
2005041022,"芝浦",,3,6,9,29,,,,40,,,,,,
2005041023,"芝浦",,2,7,9,26,,,,34,,,,,,
2005041024,"芝浦",,3,9,12,25,,,,22,,,,,,
2005041101,"芝浦",,9999,9999,9999,9995,,,,27,,,,,,
2005041102,"芝浦",,3,8,11,27,,,,21,,,,,,
2005041103,"芝浦",,2,8,10,27,,,,29,,,,,,
2005041104,"芝浦",,3,11,14,24,,,,20,,,,,,
2005041105,"芝浦",,3,10,13,24,,,,22,,,,,,
2005041106,"芝浦",,3,12,15,22,,,,29,,,,,,
2005041107,"芝浦",,7,21,28,14,,,,31,,,,,,
2005041108,"芝浦",,31,36,67,5,,,,64,,,,,,
2005041109,"芝浦",,29,34,63,6,,,,75,,,,,,
2005041110,"芝浦",,56,42,98,4,,,,79,,,,,,
2005041111,"芝浦",,58,41,99,8,,,,33,,,,,,
2005041112,"芝浦",,52,43,95,9,,,,37,,,,,,
2005041113,"芝浦",,25,33,58,19,,,,23,,,,,,
2005041114,"芝浦",,44,39,83,16,,,,23,,,,,,
2005041115,"芝浦",,38,36,74,21,,,,13,,,,,,
2005041116,"芝浦",,33,33,66,23,,,,15,,,,,,
2005041117,"芝浦",,22,28,50,27,,,,23,,,,,,
2005041118,"芝浦",,17,26,43,28,,,,17,,,,,,
2005041119,"芝浦",,11,24,35,28,,,,21,,,,,,
2005041120,"芝浦",,12,26,38,27,,,,24,,,,,,
2005041121,"芝浦",,6,24,30,28,,,,18,,,,,,
2005041122,"芝浦",,8,25,33,24,,,,16,,,,,,
2005041123,"芝浦",,7,23,30,25,,,,14,,,,,,
2005041124,"芝浦",,5,21,26,28,,,,13,,,,,,
2005041201,"芝浦",,4,19,23,30,,,,15,,,,,,
2005041202,"芝浦",,5,22,27,26,,,,16,,,,,,
2005041203,"芝浦",,8,20,28,27,,,,27,,,,,,
2005041204,"芝浦",,4,19,23,29,,,,12,,,,,,
2005041205,"芝浦",,14,24,38,26,,,,13,,,,,,
2005041206,"芝浦",,25,30,55,20,,,,11,,,,,,
2005041207,"芝浦",,8,26,34,23,,,,12,,,,,,
2005041208,"芝浦",,17,28,45,22,,,,17,,,,,,
2005041209,"芝浦",,28,30,58,23,,,,17,,,,,,
2005041210,"芝浦",,26,32,58,21,,,,19,,,,,,
2005041211,"芝浦",,27,36,63,16,,,,13,,,,,,
2005041212,"芝浦",,25,34,59,17,,,,15,,,,,,
2005041213,"芝浦",,34,35,69,17,,,,20,,,,,,
2005041214,"芝浦",,39,34,73,20,,,,25,,,,,,
2005041215,"芝浦",,13,30,43,21,,,,39,,,,,,
2005041216,"芝浦",,41,40,81,13,,,,30,,,,,,
2005041217,"芝浦",,36,41,77,11,,,,26,,,,,,
2005041218,"芝浦",,48,41,89,12,,,,31,,,,,,
2005041219,"芝浦",,24,34,58,17,,,,26,,,,,,
2005041220,"芝浦",,16,33,49,16,,,,35,,,,,,
2005041221,"芝浦",,16,35,51,13,,,,32,,,,,,
2005041222,"芝浦",,13,36,49,10,,,,31,,,,,,
2005041223,"芝浦",,11,31,42,13,,,,27,,,,,,
2005041224,"芝浦",,7,30,37,13,,,,24,,,,,,
2005041301,"芝浦",,7,32,39,10,,,,39,,,,,,
2005041302,"芝浦",,9,34,43,8,,,,31,,,,,,
2005041303,"芝浦",,9,30,39,9,,,,34,,,,,,
2005041304,"芝浦",,10,28,38,7,,,,43,,,,,,
2005041305,"芝浦",,13,29,42,6,,,,44,,,,,,
2005041306,"芝浦",,12,28,40,7,,,,47,,,,,,
2005041307,"芝浦",,11,30,41,10,,,,25,,,,,,
2005041308,"芝浦",,31,37,68,6,,,,32,,,,,,
2005041309,"芝浦",,36,39,75,7,,,,25,,,,,,
2005041310,"芝浦",,35,40,75,10,,,,32,,,,,,
2005041311,"芝浦",,33,42,75,9,,,,37,,,,,,
2005041312,"芝浦",,35,40,75,9,,,,32,,,,,,
2005041313,"芝浦",,28,38,66,8,,,,30,,,,,,
2005041314,"芝浦",,50,43,93,6,,,,33,,,,,,
2005041315,"芝浦",,139,53,192,4,,,,53,,,,,,
2005041316,"芝浦",,142,56,198,3,,,,62,,,,,,
2005041317,"芝浦",,75,49,124,3,,,,39,,,,,,
2005041318,"芝浦",,136,53,189,3,,,,62,,,,,,
2005041319,"芝浦",,119,52,171,3,,,,51,,,,,,
2005041320,"芝浦",,109,55,164,3,,,,64,,,,,,
2005041321,"芝浦",,54,48,102,3,,,,43,,,,,,
2005041322,"芝浦",,41,45,86,3,,,,39,,,,,,
2005041323,"芝浦",,11,35,46,18,,,,14,,,,,,
2005041324,"芝浦",,12,33,45,21,,,,16,,,,,,
2005041401,"芝浦",,4,21,25,31,,,,7,,,,,,
2005041402,"芝浦",,5,25,30,25,,,,16,,,,,,
2005041403,"芝浦",,5,24,29,26,,,,21,,,,,,
2005041404,"芝浦",,7,27,34,23,,,,13,,,,,,
2005041405,"芝浦",,11,31,42,18,,,,16,,,,,,
2005041406,"芝浦",,19,41,60,10,,,,12,,,,,,
2005041407,"芝浦",,67,45,112,7,,,,26,,,,,,
2005041408,"芝浦",,108,51,159,7,,,,25,,,,,,
2005041409,"芝浦",,48,40,88,14,,,,13,,,,,,
2005041410,"芝浦",,192,64,256,4,,,,27,,,,,,
2005041411,"芝浦",,147,72,219,6,,,,33,,,,,,
2005041412,"芝浦",,100,69,169,9,,,,38,,,,,,
2005041413,"芝浦",,76,66,142,11,,,,38,,,,,,
2005041414,"芝浦",,40,60,100,21,,,,30,,,,,,
2005041415,"芝浦",,9998,9998,9998,9998,,,,9998,,,,,,
2005041416,"芝浦",,29,53,82,27,,,,41,,,,,,
2005041417,"芝浦",,67,66,133,11,,,,36,,,,,,
2005041418,"芝浦",,51,62,113,9,,,,35,,,,,,
2005041419,"芝浦",,34,62,96,12,,,,39,,,,,,
2005041420,"芝浦",,17,55,72,21,,,,44,,,,,,
2005041421,"芝浦",,11,44,55,30,,,,43,,,,,,
2005041422,"芝浦",,6,25,31,42,,,,45,,,,,,
2005041423,"芝浦",,4,22,26,44,,,,36,,,,,,
2005041424,"芝浦",,3,16,19,48,,,,38,,,,,,
2005041501,"芝浦",,3,19,22,42,,,,48,,,,,,
2005041502,"芝浦",,5,37,42,20,,,,43,,,,,,
2005041503,"芝浦",,17,50,67,4,,,,58,,,,,,
2005041504,"芝浦",,33,45,78,3,,,,59,,,,,,
2005041505,"芝浦",,24,39,63,3,,,,59,,,,,,
2005041506,"芝浦",,56,38,94,3,,,,61,,,,,,
2005041507,"芝浦",,76,40,116,4,,,,60,,,,,,
2005041508,"芝浦",,68,46,114,5,,,,63,,,,,,
2005041509,"芝浦",,209,71,280,4,,,,80,,,,,,
2005041510,"芝浦",,145,72,217,7,,,,61,,,,,,
2005041511,"芝浦",,93,77,170,11,,,,48,,,,,,
2005041512,"芝浦",,86,84,170,12,,,,47,,,,,,
2005041513,"芝浦",,66,72,138,18,,,,61,,,,,,
2005041514,"芝浦",,51,70,121,21,,,,41,,,,,,
2005041515,"芝浦",,37,65,102,24,,,,43,,,,,,
2005041516,"芝浦",,30,58,88,29,,,,48,,,,,,
2005041517,"芝浦",,24,61,85,28,,,,55,,,,,,
2005041518,"芝浦",,25,68,93,21,,,,57,,,,,,
2005041519,"芝浦",,31,73,104,14,,,,62,,,,,,
2005041520,"芝浦",,23,60,83,23,,,,55,,,,,,
2005041521,"芝浦",,4,37,41,41,,,,49,,,,,,
2005041522,"芝浦",,8,41,49,39,,,,45,,,,,,
2005041523,"芝浦",,3,27,30,49,,,,42,,,,,,
2005041524,"芝浦",,6,46,52,24,,,,58,,,,,,
2005041601,"芝浦",,16,54,70,4,,,,72,,,,,,
2005041602,"芝浦",,6,36,42,14,,,,68,,,,,,
2005041603,"芝浦",,6,36,42,15,,,,65,,,,,,
2005041604,"芝浦",,5,36,41,17,,,,55,,,,,,
2005041605,"芝浦",,8,36,44,19,,,,67,,,,,,
2005041606,"芝浦",,19,39,58,23,,,,54,,,,,,
2005041607,"芝浦",,27,40,67,25,,,,58,,,,,,
2005041608,"芝浦",,30,39,69,28,,,,54,,,,,,
2005041609,"芝浦",,45,44,89,28,,,,51,,,,,,
2005041610,"芝浦",,26,32,58,40,,,,49,,,,,,
2005041611,"芝浦",,24,36,60,40,,,,55,,,,,,
2005041612,"芝浦",,32,43,75,35,,,,49,,,,,,
2005041613,"芝浦",,25,38,63,41,,,,49,,,,,,
2005041614,"芝浦",,29,43,72,37,,,,54,,,,,,
2005041615,"芝浦",,21,35,56,42,,,,51,,,,,,
2005041616,"芝浦",,21,38,59,39,,,,49,,,,,,
2005041617,"芝浦",,17,34,51,39,,,,58,,,,,,
2005041618,"芝浦",,18,33,51,38,,,,56,,,,,,
2005041619,"芝浦",,13,25,38,44,,,,52,,,,,,
2005041620,"芝浦",,6,23,29,43,,,,49,,,,,,
2005041621,"芝浦",,4,31,35,35,,,,52,,,,,,
2005041622,"芝浦",,17,42,59,23,,,,60,,,,,,
2005041623,"芝浦",,4,36,40,26,,,,58,,,,,,
2005041624,"芝浦",,3,34,37,26,,,,57,,,,,,
2005041701,"芝浦",,3,28,31,29,,,,63,,,,,,
2005041702,"芝浦",,4,36,40,21,,,,65,,,,,,
2005041703,"芝浦",,3,38,41,19,,,,74,,,,,,
2005041704,"芝浦",,4,42,46,12,,,,64,,,,,,
2005041705,"芝浦",,3,32,35,19,,,,74,,,,,,
2005041706,"芝浦",,27,46,73,6,,,,80,,,,,,
2005041707,"芝浦",,100,56,156,4,,,,84,,,,,,
2005041708,"芝浦",,58,57,115,7,,,,86,,,,,,
2005041709,"芝浦",,40,48,88,12,,,,70,,,,,,
2005041710,"芝浦",,13,32,45,34,,,,52,,,,,,
2005041711,"芝浦",,21,43,64,29,,,,61,,,,,,
2005041712,"芝浦",,11,32,43,43,,,,63,,,,,,
2005041713,"芝浦",,9,31,40,50,,,,64,,,,,,
2005041714,"芝浦",,10,38,48,45,,,,62,,,,,,
2005041715,"芝浦",,20,50,70,36,,,,57,,,,,,
2005041716,"芝浦",,35,63,98,20,,,,55,,,,,,
2005041717,"芝浦",,24,66,90,20,,,,64,,,,,,
2005041718,"芝浦",,18,66,84,18,,,,50,,,,,,
2005041719,"芝浦",,6,51,57,30,,,,45,,,,,,
2005041720,"芝浦",,3,17,20,57,,,,54,,,,,,
2005041721,"芝浦",,4,22,26,52,,,,54,,,,,,
2005041722,"芝浦",,22,45,67,26,,,,44,,,,,,
2005041723,"芝浦",,14,39,53,32,,,,43,,,,,,
2005041724,"芝浦",,13,42,55,28,,,,49,,,,,,
2005041801,"芝浦",,9999,9999,9999,9995,,,,65,,,,,,
2005041802,"芝浦",,11,34,45,29,,,,58,,,,,,
2005041803,"芝浦",,9,30,39,28,,,,57,,,,,,
2005041804,"芝浦",,10,31,41,26,,,,39,,,,,,
2005041805,"芝浦",,18,32,50,24,,,,30,,,,,,
2005041806,"芝浦",,33,40,73,19,,,,28,,,,,,
2005041807,"芝浦",,46,42,88,16,,,,27,,,,,,
2005041808,"芝浦",,48,46,94,13,,,,25,,,,,,
2005041809,"芝浦",,49,46,95,15,,,,22,,,,,,
2005041810,"芝浦",,53,46,99,17,,,,32,,,,,,
2005041811,"芝浦",,28,39,67,23,,,,24,,,,,,
2005041812,"芝浦",,29,41,70,25,,,,35,,,,,,
2005041813,"芝浦",,25,41,66,28,,,,30,,,,,,
2005041814,"芝浦",,35,47,82,28,,,,20,,,,,,
2005041815,"芝浦",,31,47,78,28,,,,27,,,,,,
2005041816,"芝浦",,25,46,71,27,,,,31,,,,,,
2005041817,"芝浦",,21,42,63,28,,,,34,,,,,,
2005041818,"芝浦",,31,48,79,19,,,,34,,,,,,
2005041819,"芝浦",,25,41,66,20,,,,25,,,,,,
2005041820,"芝浦",,18,40,58,19,,,,27,,,,,,
2005041821,"芝浦",,14,33,47,23,,,,27,,,,,,
2005041822,"芝浦",,20,39,59,17,,,,22,,,,,,
2005041823,"芝浦",,14,39,53,17,,,,22,,,,,,
2005041824,"芝浦",,41,51,92,8,,,,31,,,,,,
2005041901,"芝浦",,31,48,79,7,,,,30,,,,,,
2005041902,"芝浦",,20,44,64,11,,,,37,,,,,,
2005041903,"芝浦",,8,35,43,16,,,,29,,,,,,
2005041904,"芝浦",,14,40,54,3,,,,37,,,,,,
2005041905,"芝浦",,11,36,47,6,,,,34,,,,,,
2005041906,"芝浦",,24,39,63,4,,,,37,,,,,,
2005041907,"芝浦",,31,38,69,6,,,,40,,,,,,
2005041908,"芝浦",,37,41,78,9,,,,42,,,,,,
2005041909,"芝浦",,54,49,103,9,,,,45,,,,,,
2005041910,"芝浦",,213,79,292,4,,,,73,,,,,,
2005041911,"芝浦",,138,78,216,5,,,,60,,,,,,
2005041912,"芝浦",,132,88,220,6,,,,76,,,,,,
2005041913,"芝浦",,56,122,178,36,,,,80,,,,,,
2005041914,"芝浦",,53,112,165,25,,,,74,,,,,,
2005041915,"芝浦",,58,89,147,16,,,,56,,,,,,
2005041916,"芝浦",,51,83,134,14,,,,54,,,,,,
2005041917,"芝浦",,40,73,113,18,,,,54,,,,,,
2005041918,"芝浦",,10,40,50,37,,,,55,,,,,,
2005041919,"芝浦",,13,42,55,33,,,,41,,,,,,
2005041920,"芝浦",,10,36,46,31,,,,52,,,,,,
2005041921,"芝浦",,10,32,42,26,,,,42,,,,,,
2005041922,"芝浦",,14,36,50,17,,,,37,,,,,,
2005041923,"芝浦",,9,28,37,22,,,,32,,,,,,
2005041924,"芝浦",,3,19,22,30,,,,27,,,,,,
2005042001,"芝浦",,9,22,31,27,,,,27,,,,,,
2005042002,"芝浦",,6,24,30,25,,,,24,,,,,,
2005042003,"芝浦",,7,20,27,28,,,,27,,,,,,
2005042004,"芝浦",,5,19,24,29,,,,26,,,,,,
2005042005,"芝浦",,27,32,59,16,,,,29,,,,,,
2005042006,"芝浦",,34,35,69,13,,,,29,,,,,,
2005042007,"芝浦",,27,34,61,15,,,,35,,,,,,
2005042008,"芝浦",,55,45,100,7,,,,45,,,,,,
2005042009,"芝浦",,46,40,86,11,,,,54,,,,,,
2005042010,"芝浦",,127,56,183,3,,,,60,,,,,,
2005042011,"芝浦",,140,56,196,4,,,,60,,,,,,
2005042012,"芝浦",,124,55,179,4,,,,80,,,,,,
2005042013,"芝浦",,82,55,137,4,,,,74,,,,,,
2005042014,"芝浦",,76,58,134,4,,,,90,,,,,,
2005042015,"芝浦",,218,73,291,3,,,,98,,,,,,
2005042016,"芝浦",,184,73,257,3,,,,94,,,,,,
2005042017,"芝浦",,98,65,163,4,,,,67,,,,,,
2005042018,"芝浦",,84,63,147,3,,,,81,,,,,,
2005042019,"芝浦",,28,51,79,9,,,,50,,,,,,
2005042020,"芝浦",,59,60,119,4,,,,65,,,,,,
2005042021,"芝浦",,35,56,91,6,,,,66,,,,,,
2005042022,"芝浦",,31,50,81,9,,,,48,,,,,,
2005042023,"芝浦",,17,41,58,16,,,,43,,,,,,
2005042024,"芝浦",,11,39,50,16,,,,47,,,,,,
2005042101,"芝浦",,37,41,78,10,,,,40,,,,,,
2005042102,"芝浦",,38,39,77,2,,,,36,,,,,,
2005042103,"芝浦",,15,34,49,3,,,,34,,,,,,
2005042104,"芝浦",,8,26,34,6,,,,29,,,,,,
2005042105,"芝浦",,9,25,34,7,,,,32,,,,,,
2005042106,"芝浦",,15,28,43,7,,,,34,,,,,,
2005042107,"芝浦",,21,29,50,9,,,,16,,,,,,
2005042108,"芝浦",,21,30,51,12,,,,11,,,,,,
2005042109,"芝浦",,27,35,62,11,,,,23,,,,,,
2005042110,"芝浦",,64,38,102,21,,,,14,,,,,,
2005042111,"芝浦",,48,42,90,23,,,,11,,,,,,
2005042112,"芝浦",,98,71,169,7,,,,40,,,,,,
2005042113,"芝浦",,50,63,113,14,,,,35,,,,,,
2005042114,"芝浦",,38,55,93,19,,,,40,,,,,,
2005042115,"芝浦",,43,58,101,18,,,,38,,,,,,
2005042116,"芝浦",,31,48,79,28,,,,37,,,,,,
2005042117,"芝浦",,9,33,42,42,,,,48,,,,,,
2005042118,"芝浦",,18,43,61,29,,,,36,,,,,,
2005042119,"芝浦",,19,44,63,25,,,,38,,,,,,
2005042120,"芝浦",,19,36,55,28,,,,39,,,,,,
2005042121,"芝浦",,12,33,45,25,,,,26,,,,,,
2005042122,"芝浦",,12,36,48,25,,,,25,,,,,,
2005042123,"芝浦",,12,38,50,20,,,,34,,,,,,
2005042124,"芝浦",,28,45,73,14,,,,38,,,,,,
2005042201,"芝浦",,25,48,73,12,,,,31,,,,,,
2005042202,"芝浦",,20,44,64,17,,,,38,,,,,,
2005042203,"芝浦",,9,38,47,17,,,,33,,,,,,
2005042204,"芝浦",,10,41,51,9,,,,41,,,,,,
2005042205,"芝浦",,6,31,37,14,,,,50,,,,,,
2005042206,"芝浦",,12,38,50,10,,,,45,,,,,,
2005042207,"芝浦",,20,40,60,11,,,,43,,,,,,
2005042208,"芝浦",,28,40,68,13,,,,38,,,,,,
2005042209,"芝浦",,22,35,57,21,,,,31,,,,,,
2005042210,"芝浦",,19,32,51,30,,,,23,,,,,,
2005042211,"芝浦",,30,38,68,30,,,,13,,,,,,
2005042212,"芝浦",,12,24,36,41,,,,7,,,,,,
2005042213,"芝浦",,11,22,33,46,,,,25,,,,,,
2005042214,"芝浦",,11,23,34,46,,,,9998,,,,,,
2005042215,"芝浦",,9998,9998,9998,9998,,,,9998,,,,,,
2005042216,"芝浦",,15,32,47,33,,,,40,,,,,,
2005042217,"芝浦",,17,29,46,35,,,,46,,,,,,
2005042218,"芝浦",,9,27,36,34,,,,37,,,,,,
2005042219,"芝浦",,23,58,81,13,,,,43,,,,,,
2005042220,"芝浦",,10,26,36,31,,,,52,,,,,,
2005042221,"芝浦",,9,25,34,31,,,,49,,,,,,
2005042222,"芝浦",,9,25,34,30,,,,37,,,,,,
2005042223,"芝浦",,8,23,31,33,,,,32,,,,,,
2005042224,"芝浦",,2,24,26,30,,,,18,,,,,,
2005042301,"芝浦",,2,23,25,29,,,,25,,,,,,
2005042302,"芝浦",,2,26,28,25,,,,21,,,,,,
2005042303,"芝浦",,4,33,37,17,,,,14,,,,,,
2005042304,"芝浦",,4,36,40,14,,,,19,,,,,,
2005042305,"芝浦",,10,40,50,12,,,,21,,,,,,
2005042306,"芝浦",,82,52,134,3,,,,31,,,,,,
2005042307,"芝浦",,148,59,207,3,,,,35,,,,,,
2005042308,"芝浦",,173,63,236,4,,,,29,,,,,,
2005042309,"芝浦",,121,60,181,6,,,,17,,,,,,
2005042310,"芝浦",,116,61,177,7,,,,29,,,,,,
2005042311,"芝浦",,84,56,140,9,,,,22,,,,,,
2005042312,"芝浦",,62,55,117,13,,,,22,,,,,,
2005042313,"芝浦",,33,49,82,19,,,,23,,,,,,
2005042314,"芝浦",,30,50,80,23,,,,29,,,,,,
2005042315,"芝浦",,30,50,80,23,,,,23,,,,,,
2005042316,"芝浦",,20,48,68,25,,,,22,,,,,,
2005042317,"芝浦",,24,55,79,22,,,,28,,,,,,
2005042318,"芝浦",,21,54,75,19,,,,22,,,,,,
2005042319,"芝浦",,7,40,47,28,,,,25,,,,,,
2005042320,"芝浦",,7,31,38,25,,,,17,,,,,,
2005042321,"芝浦",,4,29,33,30,,,,36,,,,,,
2005042322,"芝浦",,6,28,34,32,,,,25,,,,,,
2005042323,"芝浦",,5,27,32,28,,,,13,,,,,,
2005042324,"芝浦",,2,20,22,30,,,,16,,,,,,
2005042401,"芝浦",,3,23,26,26,,,,20,,,,,,
2005042402,"芝浦",,3,23,26,27,,,,13,,,,,,
2005042403,"芝浦",,5,17,22,34,,,,14,,,,,,
2005042404,"芝浦",,3,11,14,36,,,,17,,,,,,
2005042405,"芝浦",,2,9,11,37,,,,11,,,,,,
2005042406,"芝浦",,4,12,16,33,,,,19,,,,,,
2005042407,"芝浦",,16,22,38,24,,,,15,,,,,,
2005042408,"芝浦",,15,20,35,25,,,,17,,,,,,
2005042409,"芝浦",,28,28,56,20,,,,5,,,,,,
2005042410,"芝浦",,21,27,48,26,,,,12,,,,,,
2005042411,"芝浦",,13,24,37,31,,,,14,,,,,,
2005042412,"芝浦",,10,22,32,41,,,,15,,,,,,
2005042413,"芝浦",,8,21,29,47,,,,18,,,,,,
2005042414,"芝浦",,6,15,21,53,,,,25,,,,,,
2005042415,"芝浦",,7,16,23,50,,,,24,,,,,,
2005042416,"芝浦",,7,18,25,45,,,,20,,,,,,
2005042417,"芝浦",,7,17,24,43,,,,16,,,,,,
2005042418,"芝浦",,7,16,23,40,,,,18,,,,,,
2005042419,"芝浦",,7,17,24,36,,,,21,,,,,,
2005042420,"芝浦",,7,18,25,33,,,,13,,,,,,
2005042421,"芝浦",,6,18,24,30,,,,26,,,,,,
2005042422,"芝浦",,16,31,47,17,,,,32,,,,,,
2005042423,"芝浦",,22,40,62,8,,,,20,,,,,,
2005042424,"芝浦",,15,37,52,10,,,,30,,,,,,
2005042501,"芝浦",,9999,9999,9999,9995,,,,24,,,,,,
2005042502,"芝浦",,10,38,48,5,,,,22,,,,,,
2005042503,"芝浦",,5,30,35,9,,,,17,,,,,,
2005042504,"芝浦",,5,27,32,10,,,,17,,,,,,
2005042505,"芝浦",,4,25,29,15,,,,16,,,,,,
2005042506,"芝浦",,6,29,35,12,,,,11,,,,,,
2005042507,"芝浦",,12,34,46,8,,,,24,,,,,,
2005042508,"芝浦",,27,40,67,5,,,,23,,,,,,
2005042509,"芝浦",,35,42,77,5,,,,21,,,,,,
2005042510,"芝浦",,53,44,97,6,,,,31,,,,,,
2005042511,"芝浦",,155,57,212,3,,,,42,,,,,,
2005042512,"芝浦",,100,56,156,3,,,,48,,,,,,
2005042513,"芝浦",,119,60,179,3,,,,71,,,,,,
2005042514,"芝浦",,125,62,187,3,,,,73,,,,,,
2005042515,"芝浦",,92,61,153,7,,,,59,,,,,,
2005042516,"芝浦",,94,75,169,8,,,,78,,,,,,
2005042517,"芝浦",,71,79,150,6,,,,67,,,,,,
2005042518,"芝浦",,94,72,166,3,,,,59,,,,,,
2005042519,"芝浦",,40,60,100,9,,,,43,,,,,,
2005042520,"芝浦",,8,37,45,27,,,,38,,,,,,
2005042521,"芝浦",,38,55,93,9,,,,55,,,,,,
2005042522,"芝浦",,12,41,53,20,,,,46,,,,,,
2005042523,"芝浦",,15,43,58,17,,,,46,,,,,,
2005042524,"芝浦",,6,30,36,30,,,,40,,,,,,
2005042601,"芝浦",,4,22,26,37,,,,41,,,,,,
2005042602,"芝浦",,5,26,31,33,,,,45,,,,,,
2005042603,"芝浦",,17,42,59,17,,,,42,,,,,,
2005042604,"芝浦",,61,56,117,4,,,,63,,,,,,
2005042605,"芝浦",,36,52,88,6,,,,64,,,,,,
2005042606,"芝浦",,30,36,66,17,,,,50,,,,,,
2005042607,"芝浦",,29,48,77,10,,,,42,,,,,,
2005042608,"芝浦",,9,32,41,26,,,,41,,,,,,
2005042609,"芝浦",,35,39,74,21,,,,34,,,,,,
2005042610,"芝浦",,125,62,187,3,,,,49,,,,,,
2005042611,"芝浦",,144,69,213,4,,,,44,,,,,,
2005042612,"芝浦",,89,69,158,7,,,,39,,,,,,
2005042613,"芝浦",,92,65,157,7,,,,47,,,,,,
2005042614,"芝浦",,55,59,114,15,,,,33,,,,,,
2005042615,"芝浦",,47,57,104,20,,,,30,,,,,,
2005042616,"芝浦",,12,38,50,31,,,,39,,,,,,
2005042617,"芝浦",,16,45,61,20,,,,33,,,,,,
2005042618,"芝浦",,14,39,53,25,,,,28,,,,,,
2005042619,"芝浦",,75,57,132,11,,,,31,,,,,,
2005042620,"芝浦",,51,55,106,7,,,,35,,,,,,
2005042621,"芝浦",,55,56,111,5,,,,27,,,,,,
2005042622,"芝浦",,54,58,112,3,,,,24,,,,,,
2005042623,"芝浦",,78,59,137,2,,,,40,,,,,,
2005042624,"芝浦",,73,57,130,2,,,,37,,,,,,
2005042701,"芝浦",,27,50,77,2,,,,39,,,,,,
2005042702,"芝浦",,44,49,93,2,,,,31,,,,,,
2005042703,"芝浦",,51,44,95,2,,,,50,,,,,,
2005042704,"芝浦",,53,41,94,2,,,,48,,,,,,
2005042705,"芝浦",,47,38,85,2,,,,43,,,,,,
2005042706,"芝浦",,42,34,76,3,,,,34,,,,,,
2005042707,"芝浦",,58,36,94,5,,,,39,,,,,,
2005042708,"芝浦",,33,36,69,11,,,,35,,,,,,
2005042709,"芝浦",,101,53,154,9,,,,43,,,,,,
2005042710,"芝浦",,120,63,183,6,,,,49,,,,,,
2005042711,"芝浦",,69,63,132,13,,,,28,,,,,,
2005042712,"芝浦",,45,56,101,20,,,,29,,,,,,
2005042713,"芝浦",,32,49,81,27,,,,34,,,,,,
2005042714,"芝浦",,31,49,80,27,,,,35,,,,,,
2005042715,"芝浦",,9998,9998,9998,9998,,,,35,,,,,,
2005042716,"芝浦",,26,46,72,27,,,,31,,,,,,
2005042717,"芝浦",,28,52,80,21,,,,32,,,,,,
2005042718,"芝浦",,35,66,101,14,,,,35,,,,,,
2005042719,"芝浦",,24,60,84,20,,,,41,,,,,,
2005042720,"芝浦",,37,79,116,7,,,,54,,,,,,
2005042721,"芝浦",,18,61,79,19,,,,43,,,,,,
2005042722,"芝浦",,7,44,51,34,,,,44,,,,,,
2005042723,"芝浦",,4,25,29,49,,,,25,,,,,,
2005042724,"芝浦",,3,18,21,54,,,,28,,,,,,
2005042801,"芝浦",,3,20,23,50,,,,28,,,,,,
2005042802,"芝浦",,4,23,27,45,,,,27,,,,,,
2005042803,"芝浦",,4,22,26,42,,,,32,,,,,,
2005042804,"芝浦",,3,22,25,41,,,,33,,,,,,
2005042805,"芝浦",,6,29,35,33,,,,32,,,,,,
2005042806,"芝浦",,3,26,29,35,,,,29,,,,,,
2005042807,"芝浦",,10,37,47,26,,,,32,,,,,,
2005042808,"芝浦",,10,29,39,40,,,,27,,,,,,
2005042809,"芝浦",,14,30,44,41,,,,20,,,,,,
2005042810,"芝浦",,36,49,85,27,,,,33,,,,,,
2005042811,"芝浦",,37,52,89,27,,,,38,,,,,,
2005042812,"芝浦",,38,52,90,29,,,,37,,,,,,
2005042813,"芝浦",,25,43,68,38,,,,35,,,,,,
2005042814,"芝浦",,13,30,43,51,,,,33,,,,,,
2005042815,"芝浦",,9,26,35,61,,,,40,,,,,,
2005042816,"芝浦",,7,23,30,63,,,,28,,,,,,
2005042817,"芝浦",,6,21,27,61,,,,36,,,,,,
2005042818,"芝浦",,6,23,29,57,,,,48,,,,,,
2005042819,"芝浦",,5,20,25,53,,,,41,,,,,,
2005042820,"芝浦",,3,16,19,50,,,,46,,,,,,
2005042821,"芝浦",,3,14,17,49,,,,43,,,,,,
2005042822,"芝浦",,2,10,12,51,,,,36,,,,,,
2005042823,"芝浦",,2,9,11,51,,,,37,,,,,,
2005042824,"芝浦",,2,8,10,49,,,,30,,,,,,
2005042901,"芝浦",,2,8,10,48,,,,36,,,,,,
2005042902,"芝浦",,3,8,11,47,,,,41,,,,,,
2005042903,"芝浦",,2,6,8,47,,,,39,,,,,,
2005042904,"芝浦",,3,8,11,45,,,,47,,,,,,
2005042905,"芝浦",,3,7,10,46,,,,37,,,,,,
2005042906,"芝浦",,3,9,12,43,,,,39,,,,,,
2005042907,"芝浦",,5,13,18,39,,,,42,,,,,,
2005042908,"芝浦",,10,19,29,36,,,,32,,,,,,
2005042909,"芝浦",,7,17,24,42,,,,33,,,,,,
2005042910,"芝浦",,7,18,25,46,,,,39,,,,,,
2005042911,"芝浦",,7,19,26,49,,,,50,,,,,,
2005042912,"芝浦",,34,47,81,33,,,,57,,,,,,
2005042913,"芝浦",,58,76,134,17,,,,66,,,,,,
2005042914,"芝浦",,37,69,106,23,,,,69,,,,,,
2005042915,"芝浦",,36,71,107,25,,,,80,,,,,,
2005042916,"芝浦",,20,68,88,30,,,,71,,,,,,
2005042917,"芝浦",,32,75,107,13,,,,68,,,,,,
2005042918,"芝浦",,20,77,97,13,,,,77,,,,,,
2005042919,"芝浦",,66,86,152,8,,,,79,,,,,,
2005042920,"芝浦",,27,69,96,17,,,,79,,,,,,
2005042921,"芝浦",,9,38,47,41,,,,60,,,,,,
2005042922,"芝浦",,31,50,81,17,,,,41,,,,,,
2005042923,"芝浦",,2,26,28,33,,,,38,,,,,,
2005042924,"芝浦",,67,47,114,16,,,,43,,,,,,
2005043001,"芝浦",,99,58,157,8,,,,52,,,,,,
2005043002,"芝浦",,29,29,58,33,,,,45,,,,,,
2005043003,"芝浦",,4,21,25,33,,,,50,,,,,,
2005043004,"芝浦",,20,35,55,13,,,,60,,,,,,
2005043005,"芝浦",,13,30,43,21,,,,50,,,,,,
2005043006,"芝浦",,18,34,52,18,,,,36,,,,,,
2005043007,"芝浦",,19,31,50,22,,,,32,,,,,,
2005043008,"芝浦",,24,35,59,20,,,,32,,,,,,
2005043009,"芝浦",,69,53,122,9,,,,36,,,,,,
2005043010,"芝浦",,76,60,136,10,,,,38,,,,,,
2005043011,"芝浦",,41,52,93,22,,,,36,,,,,,
2005043012,"芝浦",,28,40,68,27,,,,38,,,,,,
2005043013,"芝浦",,22,40,62,31,,,,43,,,,,,
2005043014,"芝浦",,17,36,53,35,,,,32,,,,,,
2005043015,"芝浦",,12,30,42,40,,,,29,,,,,,
2005043016,"芝浦",,16,31,47,34,,,,30,,,,,,
2005043017,"芝浦",,16,32,48,30,,,,23,,,,,,
2005043018,"芝浦",,15,43,58,23,,,,40,,,,,,
2005043019,"芝浦",,38,55,93,8,,,,34,,,,,,
2005043020,"芝浦",,25,49,74,10,,,,33,,,,,,
2005043021,"芝浦",,14,44,58,15,,,,28,,,,,,
2005043022,"芝浦",,18,49,67,9,,,,28,,,,,,
2005043023,"芝浦",,32,54,86,4,,,,29,,,,,,
2005043024,"芝浦",,24,49,73,6,,,,28,,,,,,
2005030101,"芝浦",,11,26,37,21,,,,16,,,,,,
2005030102,"芝浦",,14,26,40,19,,,,13,,,,,,
2005030103,"芝浦",,10,23,33,24,,,,12,,,,,,
2005030104,"芝浦",,13,26,39,21,,,,15,,,,,,
2005030105,"芝浦",,11,27,38,20,,,,16,,,,,,
2005030106,"芝浦",,19,32,51,16,,,,8,,,,,,
2005030107,"芝浦",,21,36,57,13,,,,12,,,,,,
2005030108,"芝浦",,45,44,89,10,,,,21,,,,,,
2005030109,"芝浦",,54,45,99,9,,,,23,,,,,,
2005030110,"芝浦",,45,41,86,13,,,,21,,,,,,
2005030111,"芝浦",,32,35,67,19,,,,20,,,,,,
2005030112,"芝浦",,55,42,97,15,,,,22,,,,,,
2005030113,"芝浦",,31,33,64,24,,,,15,,,,,,
2005030114,"芝浦",,32,31,63,27,,,,16,,,,,,
2005030115,"芝浦",,44,36,80,22,,,,13,,,,,,
2005030116,"芝浦",,26,30,56,26,,,,14,,,,,,
2005030117,"芝浦",,17,30,47,25,,,,12,,,,,,
2005030118,"芝浦",,23,32,55,22,,,,25,,,,,,
2005030119,"芝浦",,21,32,53,20,,,,17,,,,,,
2005030120,"芝浦",,16,27,43,24,,,,11,,,,,,
2005030121,"芝浦",,8,27,35,20,,,,13,,,,,,
2005030122,"芝浦",,14,33,47,15,,,,9,,,,,,
2005030123,"芝浦",,16,36,52,13,,,,9,,,,,,
2005030124,"芝浦",,5,26,31,20,,,,14,,,,,,
2005030201,"芝浦",,8,24,32,24,,,,8,,,,,,
2005030202,"芝浦",,7,21,28,27,,,,16,,,,,,
2005030203,"芝浦",,10,25,35,23,,,,18,,,,,,
2005030204,"芝浦",,6,26,32,19,,,,14,,,,,,
2005030205,"芝浦",,3,25,28,18,,,,17,,,,,,
2005030206,"芝浦",,7,36,43,7,,,,13,,,,,,
2005030207,"芝浦",,19,41,60,4,,,,16,,,,,,
2005030208,"芝浦",,38,41,79,7,,,,17,,,,,,
2005030209,"芝浦",,32,37,69,12,,,,18,,,,,,
2005030210,"芝浦",,25,36,61,16,,,,14,,,,,,
2005030211,"芝浦",,127,56,183,6,,,,27,,,,,,
2005030212,"芝浦",,137,62,199,6,,,,38,,,,,,
2005030213,"芝浦",,73,51,124,10,,,,41,,,,,,
2005030214,"芝浦",,74,51,125,10,,,,36,,,,,,
2005030215,"芝浦",,78,53,131,8,,,,23,,,,,,
2005030216,"芝浦",,61,54,115,8,,,,37,,,,,,
2005030217,"芝浦",,41,47,88,11,,,,30,,,,,,
2005030218,"芝浦",,32,49,81,7,,,,27,,,,,,
2005030219,"芝浦",,79,56,135,3,,,,32,,,,,,
2005030220,"芝浦",,37,47,84,8,,,,36,,,,,,
2005030221,"芝浦",,37,48,85,7,,,,38,,,,,,
2005030222,"芝浦",,26,44,70,6,,,,44,,,,,,
2005030223,"芝浦",,18,31,49,17,,,,24,,,,,,
2005030224,"芝浦",,12,28,40,22,,,,18,,,,,,
2005030301,"芝浦",,16,27,43,21,,,,17,,,,,,
2005030302,"芝浦",,19,29,48,19,,,,24,,,,,,
2005030303,"芝浦",,8,25,33,19,,,,27,,,,,,
2005030304,"芝浦",,13,25,38,19,,,,29,,,,,,
2005030305,"芝浦",,28,31,59,15,,,,26,,,,,,
2005030306,"芝浦",,26,31,57,14,,,,25,,,,,,
2005030307,"芝浦",,87,46,133,6,,,,31,,,,,,
2005030308,"芝浦",,89,46,135,4,,,,36,,,,,,
2005030309,"芝浦",,164,54,218,4,,,,49,,,,,,
2005030310,"芝浦",,174,58,232,4,,,,44,,,,,,
2005030311,"芝浦",,196,61,257,4,,,,56,,,,,,
2005030312,"芝浦",,156,62,218,4,,,,51,,,,,,
2005030313,"芝浦",,75,52,127,11,,,,39,,,,,,
2005030314,"芝浦",,106,59,165,10,,,,25,,,,,,
2005030315,"芝浦",,72,56,128,12,,,,38,,,,,,
2005030316,"芝浦",,67,55,122,11,,,,46,,,,,,
2005030317,"芝浦",,44,48,92,13,,,,36,,,,,,
2005030318,"芝浦",,24,39,63,20,,,,27,,,,,,
2005030319,"芝浦",,40,46,86,13,,,,26,,,,,,
2005030320,"芝浦",,31,42,73,14,,,,25,,,,,,
2005030321,"芝浦",,33,43,76,12,,,,31,,,,,,
2005030322,"芝浦",,30,39,69,13,,,,29,,,,,,
2005030323,"芝浦",,20,33,53,17,,,,22,,,,,,
2005030324,"芝浦",,14,30,44,21,,,,22,,,,,,
2005030401,"芝浦",,10,27,37,23,,,,20,,,,,,
2005030402,"芝浦",,6,30,36,17,,,,20,,,,,,
2005030403,"芝浦",,6,25,31,20,,,,19,,,,,,
2005030404,"芝浦",,6,24,30,18,,,,24,,,,,,
2005030405,"芝浦",,6,24,30,19,,,,25,,,,,,
2005030406,"芝浦",,11,27,38,13,,,,23,,,,,,
2005030407,"芝浦",,14,27,41,14,,,,14,,,,,,
2005030408,"芝浦",,21,33,54,13,,,,18,,,,,,
2005030409,"芝浦",,25,35,60,13,,,,14,,,,,,
2005030410,"芝浦",,28,36,64,14,,,,13,,,,,,
2005030411,"芝浦",,32,36,68,14,,,,13,,,,,,
2005030412,"芝浦",,24,34,58,17,,,,15,,,,,,
2005030413,"芝浦",,23,31,54,23,,,,9,,,,,,
2005030414,"芝浦",,26,30,56,25,,,,20,,,,,,
2005030415,"芝浦",,9998,9998,9998,9998,,,,9998,,,,,,
2005030416,"芝浦",,9998,9998,9998,21,,,,2,,,,,,
2005030417,"芝浦",,23,32,55,20,,,,12,,,,,,
2005030418,"芝浦",,22,36,58,16,,,,14,,,,,,
2005030419,"芝浦",,16,36,52,14,,,,10,,,,,,
2005030420,"芝浦",,19,40,59,9,,,,8,,,,,,
2005030421,"芝浦",,14,38,52,9,,,,22,,,,,,
2005030422,"芝浦",,19,42,61,6,,,,21,,,,,,
2005030423,"芝浦",,15,39,54,7,,,,14,,,,,,
2005030424,"芝浦",,8,38,46,5,,,,29,,,,,,
2005030501,"芝浦",,5,26,31,15,,,,14,,,,,,
2005030502,"芝浦",,12,36,48,5,,,,16,,,,,,
2005030503,"芝浦",,17,38,55,3,,,,19,,,,,,
2005030504,"芝浦",,18,39,57,2,,,,17,,,,,,
2005030505,"芝浦",,13,34,47,5,,,,17,,,,,,
2005030506,"芝浦",,9,30,39,9,,,,23,,,,,,
2005030507,"芝浦",,13,32,45,9,,,,16,,,,,,
2005030508,"芝浦",,23,36,59,8,,,,19,,,,,,
2005030509,"芝浦",,37,36,73,9,,,,13,,,,,,
2005030510,"芝浦",,74,40,114,10,,,,24,,,,,,
2005030511,"芝浦",,119,46,165,6,,,,30,,,,,,
2005030512,"芝浦",,69,40,109,14,,,,18,,,,,,
2005030513,"芝浦",,17,28,45,28,,,,29,,,,,,
2005030514,"芝浦",,34,33,67,28,,,,14,,,,,,
2005030515,"芝浦",,59,47,106,14,,,,24,,,,,,
2005030516,"芝浦",,37,40,77,18,,,,23,,,,,,
2005030517,"芝浦",,40,40,80,17,,,,17,,,,,,
2005030518,"芝浦",,46,42,88,15,,,,25,,,,,,
2005030519,"芝浦",,54,47,101,7,,,,20,,,,,,
2005030520,"芝浦",,23,38,61,12,,,,30,,,,,,
2005030521,"芝浦",,17,34,51,12,,,,23,,,,,,
2005030522,"芝浦",,25,37,62,9,,,,26,,,,,,
2005030523,"芝浦",,14,32,46,11,,,,23,,,,,,
2005030524,"芝浦",,12,27,39,18,,,,20,,,,,,
2005030601,"芝浦",,8,21,29,24,,,,22,,,,,,
2005030602,"芝浦",,3,23,26,18,,,,27,,,,,,
2005030603,"芝浦",,2,17,19,24,,,,18,,,,,,
2005030604,"芝浦",,2,12,14,31,,,,14,,,,,,
2005030605,"芝浦",,2,12,14,31,,,,19,,,,,,
2005030606,"芝浦",,3,17,20,27,,,,23,,,,,,
2005030607,"芝浦",,7,23,30,20,,,,26,,,,,,
2005030608,"芝浦",,15,24,39,20,,,,29,,,,,,
2005030609,"芝浦",,9,22,31,22,,,,17,,,,,,
2005030610,"芝浦",,9,23,32,20,,,,17,,,,,,
2005030611,"芝浦",,11,22,33,23,,,,14,,,,,,
2005030612,"芝浦",,7,16,23,29,,,,23,,,,,,
2005030613,"芝浦",,10,17,27,31,,,,15,,,,,,
2005030614,"芝浦",,8,15,23,35,,,,15,,,,,,
2005030615,"芝浦",,12,20,32,31,,,,19,,,,,,
2005030616,"芝浦",,13,23,36,28,,,,25,,,,,,
2005030617,"芝浦",,9,21,30,30,,,,19,,,,,,
2005030618,"芝浦",,20,30,50,22,,,,19,,,,,,
2005030619,"芝浦",,24,34,58,17,,,,21,,,,,,
2005030620,"芝浦",,24,35,59,16,,,,19,,,,,,
2005030621,"芝浦",,11,28,39,23,,,,25,,,,,,
2005030622,"芝浦",,10,33,43,17,,,,23,,,,,,
2005030623,"芝浦",,25,41,66,12,,,,21,,,,,,
2005030624,"芝浦",,21,41,62,11,,,,22,,,,,,
2005030701,"芝浦",,9999,9999,9999,9995,,,,25,,,,,,
2005030702,"芝浦",,52,52,104,3,,,,26,,,,,,
2005030703,"芝浦",,31,50,81,4,,,,31,,,,,,
2005030704,"芝浦",,8,28,36,21,,,,17,,,,,,
2005030705,"芝浦",,8,30,38,19,,,,18,,,,,,
2005030706,"芝浦",,3,26,29,23,,,,15,,,,,,
2005030707,"芝浦",,75,51,126,5,,,,20,,,,,,
2005030708,"芝浦",,39,45,84,7,,,,26,,,,,,
2005030709,"芝浦",,97,52,149,5,,,,30,,,,,,
2005030710,"芝浦",,206,67,273,4,,,,40,,,,,,
2005030711,"芝浦",,237,76,313,4,,,,57,,,,,,
2005030712,"芝浦",,197,74,271,4,,,,52,,,,,,
2005030713,"芝浦",,102,66,168,8,,,,56,,,,,,
2005030714,"芝浦",,72,63,135,12,,,,45,,,,,,
2005030715,"芝浦",,59,60,119,13,,,,34,,,,,,
2005030716,"芝浦",,9998,9998,9998,9998,,,,38,,,,,,
2005030717,"芝浦",,49,58,107,9,,,,40,,,,,,
2005030718,"芝浦",,56,59,115,6,,,,30,,,,,,
2005030719,"芝浦",,55,57,112,5,,,,33,,,,,,
2005030720,"芝浦",,66,59,125,3,,,,34,,,,,,
2005030721,"芝浦",,49,57,106,4,,,,38,,,,,,
2005030722,"芝浦",,71,61,132,2,,,,50,,,,,,
2005030723,"芝浦",,50,58,108,2,,,,37,,,,,,
2005030724,"芝浦",,111,63,174,2,,,,45,,,,,,
2005030801,"芝浦",,68,57,125,2,,,,49,,,,,,
2005030802,"芝浦",,111,57,168,2,,,,53,,,,,,
2005030803,"芝浦",,104,55,159,2,,,,48,,,,,,
2005030804,"芝浦",,73,49,122,2,,,,58,,,,,,
2005030805,"芝浦",,171,57,228,2,,,,63,,,,,,
2005030806,"芝浦",,188,57,245,2,,,,62,,,,,,
2005030807,"芝浦",,270,66,336,2,,,,69,,,,,,
2005030808,"芝浦",,282,70,352,2,,,,72,,,,,,
2005030809,"芝浦",,368,86,454,2,,,,89,,,,,,
2005030810,"芝浦",,152,84,236,3,,,,92,,,,,,
2005030811,"芝浦",,170,90,260,5,,,,81,,,,,,
2005030812,"芝浦",,231,111,342,3,,,,109,,,,,,
2005030813,"芝浦",,171,108,279,4,,,,110,,,,,,
2005030814,"芝浦",,104,86,190,7,,,,60,,,,,,
2005030815,"芝浦",,48,66,114,18,,,,33,,,,,,
2005030816,"芝浦",,57,70,127,10,,,,57,,,,,,
2005030817,"芝浦",,65,76,141,7,,,,58,,,,,,
2005030818,"芝浦",,54,75,129,6,,,,51,,,,,,
2005030819,"芝浦",,93,82,175,2,,,,59,,,,,,
2005030820,"芝浦",,130,86,216,2,,,,74,,,,,,
2005030821,"芝浦",,43,73,116,5,,,,68,,,,,,
2005030822,"芝浦",,15,65,80,5,,,,64,,,,,,
2005030823,"芝浦",,33,63,96,2,,,,65,,,,,,
2005030824,"芝浦",,33,62,95,2,,,,60,,,,,,
2005030901,"芝浦",,14,55,69,4,,,,49,,,,,,
2005030902,"芝浦",,11,52,63,6,,,,50,,,,,,
2005030903,"芝浦",,6,45,51,11,,,,49,,,,,,
2005030904,"芝浦",,6,47,53,9,,,,42,,,,,,
2005030905,"芝浦",,8,50,58,9,,,,59,,,,,,
2005030906,"芝浦",,4,42,46,17,,,,55,,,,,,
2005030907,"芝浦",,11,45,56,17,,,,56,,,,,,
2005030908,"芝浦",,38,59,97,6,,,,68,,,,,,
2005030909,"芝浦",,50,61,111,7,,,,60,,,,,,
2005030910,"芝浦",,96,73,169,9,,,,58,,,,,,
2005030911,"芝浦",,143,83,226,8,,,,50,,,,,,
2005030912,"芝浦",,80,75,155,15,,,,55,,,,,,
2005030913,"芝浦",,112,81,193,12,,,,65,,,,,,
2005030914,"芝浦",,106,90,196,10,,,,85,,,,,,
2005030915,"芝浦",,27,50,77,24,,,,55,,,,,,
2005030916,"芝浦",,29,47,76,22,,,,49,,,,,,
2005030917,"芝浦",,22,40,62,24,,,,41,,,,,,
2005030918,"芝浦",,18,34,52,27,,,,34,,,,,,
2005030919,"芝浦",,30,41,71,19,,,,38,,,,,,
2005030920,"芝浦",,39,48,87,14,,,,31,,,,,,
2005030921,"芝浦",,31,45,76,14,,,,34,,,,,,
2005030922,"芝浦",,24,42,66,16,,,,34,,,,,,
2005030923,"芝浦",,29,42,71,15,,,,33,,,,,,
2005030924,"芝浦",,23,35,58,20,,,,26,,,,,,
2005031001,"芝浦",,16,34,50,20,,,,24,,,,,,
2005031002,"芝浦",,30,35,65,19,,,,29,,,,,,
2005031003,"芝浦",,13,28,41,24,,,,30,,,,,,
2005031004,"芝浦",,5,30,35,21,,,,18,,,,,,
2005031005,"芝浦",,6,32,38,19,,,,15,,,,,,
2005031006,"芝浦",,19,43,62,7,,,,32,,,,,,
2005031007,"芝浦",,16,42,58,7,,,,25,,,,,,
2005031008,"芝浦",,60,50,110,4,,,,29,,,,,,
2005031009,"芝浦",,92,53,145,4,,,,32,,,,,,
2005031010,"芝浦",,153,61,214,3,,,,35,,,,,,
2005031011,"芝浦",,135,58,193,3,,,,50,,,,,,
2005031012,"芝浦",,118,57,175,5,,,,46,,,,,,
2005031013,"芝浦",,111,60,171,5,,,,49,,,,,,
2005031014,"芝浦",,80,59,139,7,,,,55,,,,,,
2005031015,"芝浦",,146,70,216,5,,,,61,,,,,,
2005031016,"芝浦",,106,80,186,5,,,,86,,,,,,
2005031017,"芝浦",,123,80,203,3,,,,90,,,,,,
2005031018,"芝浦",,136,78,214,2,,,,79,,,,,,
2005031019,"芝浦",,143,73,216,2,,,,80,,,,,,
2005031020,"芝浦",,55,55,110,2,,,,54,,,,,,
2005031021,"芝浦",,74,54,128,2,,,,57,,,,,,
2005031022,"芝浦",,33,44,77,2,,,,40,,,,,,
2005031023,"芝浦",,27,45,72,3,,,,38,,,,,,
2005031024,"芝浦",,29,46,75,2,,,,41,,,,,,
2005031101,"芝浦",,23,44,67,3,,,,40,,,,,,
2005031102,"芝浦",,94,51,145,2,,,,38,,,,,,
2005031103,"芝浦",,123,51,174,2,,,,44,,,,,,
2005031104,"芝浦",,77,46,123,2,,,,38,,,,,,
2005031105,"芝浦",,129,51,180,2,,,,42,,,,,,
2005031106,"芝浦",,120,51,171,2,,,,41,,,,,,
2005031107,"芝浦",,189,59,248,2,,,,55,,,,,,
2005031108,"芝浦",,144,53,197,2,,,,46,,,,,,
2005031109,"芝浦",,185,56,241,2,,,,50,,,,,,
2005031110,"芝浦",,335,74,409,2,,,,75,,,,,,
2005031111,"芝浦",,416,88,504,2,,,,93,,,,,,
2005031112,"芝浦",,413,95,508,2,,,,110,,,,,,
2005031113,"芝浦",,323,88,411,2,,,,128,,,,,,
2005031114,"芝浦",,356,92,448,2,,,,114,,,,,,
2005031115,"芝浦",,344,100,444,2,,,,146,,,,,,
2005031116,"芝浦",,237,87,324,2,,,,194,,,,,,
2005031117,"芝浦",,166,73,239,2,,,,155,,,,,,
2005031118,"芝浦",,157,69,226,2,,,,131,,,,,,
2005031119,"芝浦",,214,69,283,2,,,,121,,,,,,
2005031120,"芝浦",,125,62,187,2,,,,118,,,,,,
2005031121,"芝浦",,70,57,127,2,,,,97,,,,,,
2005031122,"芝浦",,73,56,129,2,,,,101,,,,,,
2005031123,"芝浦",,59,53,112,2,,,,92,,,,,,
2005031124,"芝浦",,65,52,117,2,,,,94,,,,,,
2005031201,"芝浦",,64,50,114,2,,,,74,,,,,,
2005031202,"芝浦",,66,48,114,2,,,,58,,,,,,
2005031203,"芝浦",,72,46,118,2,,,,65,,,,,,
2005031204,"芝浦",,75,44,119,2,,,,62,,,,,,
2005031205,"芝浦",,72,42,114,3,,,,42,,,,,,
2005031206,"芝浦",,85,46,131,3,,,,19,,,,,,
2005031207,"芝浦",,99,48,147,3,,,,29,,,,,,
2005031208,"芝浦",,29,41,70,6,,,,21,,,,,,
2005031209,"芝浦",,34,42,76,8,,,,17,,,,,,
2005031210,"芝浦",,80,56,136,6,,,,41,,,,,,
2005031211,"芝浦",,116,65,181,4,,,,64,,,,,,
2005031212,"芝浦",,135,65,200,3,,,,79,,,,,,
2005031213,"芝浦",,67,58,125,7,,,,65,,,,,,
2005031214,"芝浦",,37,49,86,13,,,,52,,,,,,
2005031215,"芝浦",,20,37,57,21,,,,29,,,,,,
2005031216,"芝浦",,13,23,36,32,,,,17,,,,,,
2005031217,"芝浦",,11,22,33,31,,,,3,,,,,,
2005031218,"芝浦",,8,21,29,30,,,,4,,,,,,
2005031219,"芝浦",,7,15,22,34,,,,10,,,,,,
2005031220,"芝浦",,6,13,19,36,,,,7,,,,,,
2005031221,"芝浦",,6,16,22,33,,,,14,,,,,,
2005031222,"芝浦",,4,15,19,33,,,,14,,,,,,
2005031223,"芝浦",,4,12,16,35,,,,8,,,,,,
2005031224,"芝浦",,2,9,11,37,,,,15,,,,,,
2005031301,"芝浦",,3,9,12,36,,,,9,,,,,,
2005031302,"芝浦",,3,10,13,35,,,,6,,,,,,
2005031303,"芝浦",,3,10,13,35,,,,16,,,,,,
2005031304,"芝浦",,2,8,10,37,,,,15,,,,,,
2005031305,"芝浦",,2,6,8,39,,,,14,,,,,,
2005031306,"芝浦",,2,8,10,37,,,,9,,,,,,
2005031307,"芝浦",,3,13,16,32,,,,13,,,,,,
2005031308,"芝浦",,4,11,15,34,,,,11,,,,,,
2005031309,"芝浦",,5,11,16,34,,,,9,,,,,,
2005031310,"芝浦",,4,8,12,38,,,,16,,,,,,
2005031311,"芝浦",,10,14,24,34,,,,11,,,,,,
2005031312,"芝浦",,14,18,32,33,,,,14,,,,,,
2005031313,"芝浦",,16,28,44,28,,,,28,,,,,,
2005031314,"芝浦",,16,28,44,25,,,,34,,,,,,
2005031315,"芝浦",,34,40,74,16,,,,25,,,,,,
2005031316,"芝浦",,29,41,70,16,,,,25,,,,,,
2005031317,"芝浦",,4,18,22,36,,,,23,,,,,,
2005031318,"芝浦",,2,19,21,34,,,,13,,,,,,
2005031319,"芝浦",,2,23,25,27,,,,24,,,,,,
2005031320,"芝浦",,3,28,31,22,,,,15,,,,,,
2005031321,"芝浦",,2,28,30,21,,,,13,,,,,,
2005031322,"芝浦",,5,39,44,10,,,,25,,,,,,
2005031323,"芝浦",,6,29,35,20,,,,27,,,,,,
2005031324,"芝浦",,3,19,22,27,,,,12,,,,,,
2005031401,"芝浦",,9999,9999,9999,9995,,,,10,,,,,,
2005031402,"芝浦",,3,19,22,27,,,,15,,,,,,
2005031403,"芝浦",,3,21,24,25,,,,19,,,,,,
2005031404,"芝浦",,3,22,25,23,,,,15,,,,,,
2005031405,"芝浦",,3,25,28,20,,,,17,,,,,,
2005031406,"芝浦",,7,33,40,13,,,,12,,,,,,
2005031407,"芝浦",,10,30,40,15,,,,6,,,,,,
2005031408,"芝浦",,24,37,61,10,,,,13,,,,,,
2005031409,"芝浦",,39,36,75,14,,,,10,,,,,,
2005031410,"芝浦",,26,30,56,22,,,,15,,,,,,
2005031411,"芝浦",,103,51,154,9,,,,18,,,,,,
2005031412,"芝浦",,88,52,140,10,,,,17,,,,,,
2005031413,"芝浦",,90,56,146,8,,,,32,,,,,,
2005031414,"芝浦",,56,53,109,9,,,,27,,,,,,
2005031415,"芝浦",,56,45,101,15,,,,20,,,,,,
2005031416,"芝浦",,65,50,115,12,,,,13,,,,,,
2005031417,"芝浦",,90,55,145,9,,,,23,,,,,,
2005031418,"芝浦",,59,55,114,7,,,,32,,,,,,
2005031419,"芝浦",,54,55,109,6,,,,21,,,,,,
2005031420,"芝浦",,64,58,122,4,,,,31,,,,,,
2005031421,"芝浦",,42,52,94,6,,,,28,,,,,,
2005031422,"芝浦",,36,54,90,2,,,,20,,,,,,
2005031423,"芝浦",,31,51,82,3,,,,16,,,,,,
2005031424,"芝浦",,58,53,111,2,,,,29,,,,,,
2005031501,"芝浦",,55,51,106,2,,,,35,,,,,,
2005031502,"芝浦",,51,50,101,2,,,,31,,,,,,
2005031503,"芝浦",,34,47,81,2,,,,29,,,,,,
2005031504,"芝浦",,17,42,59,3,,,,19,,,,,,
2005031505,"芝浦",,36,45,81,2,,,,30,,,,,,
2005031506,"芝浦",,37,45,82,2,,,,22,,,,,,
2005031507,"芝浦",,68,45,113,3,,,,30,,,,,,
2005031508,"芝浦",,57,44,101,4,,,,23,,,,,,
2005031509,"芝浦",,37,39,76,10,,,,14,,,,,,
2005031510,"芝浦",,40,44,84,10,,,,21,,,,,,
2005031511,"芝浦",,130,61,191,5,,,,33,,,,,,
2005031512,"芝浦",,188,72,260,3,,,,45,,,,,,
2005031513,"芝浦",,123,67,190,4,,,,42,,,,,,
2005031514,"芝浦",,119,66,185,5,,,,38,,,,,,
2005031515,"芝浦",,91,68,159,6,,,,36,,,,,,
2005031516,"芝浦",,73,60,133,6,,,,35,,,,,,
2005031517,"芝浦",,50,52,102,12,,,,31,,,,,,
2005031518,"芝浦",,11,32,43,26,,,,20,,,,,,
2005031519,"芝浦",,8,32,40,25,,,,21,,,,,,
2005031520,"芝浦",,4,30,34,27,,,,23,,,,,,
2005031521,"芝浦",,3,23,26,33,,,,25,,,,,,
2005031522,"芝浦",,3,23,26,32,,,,16,,,,,,
2005031523,"芝浦",,2,26,28,28,,,,20,,,,,,
2005031524,"芝浦",,3,27,30,27,,,,28,,,,,,
2005031601,"芝浦",,18,49,67,6,,,,35,,,,,,
2005031602,"芝浦",,32,53,85,3,,,,25,,,,,,
2005031603,"芝浦",,92,58,150,2,,,,49,,,,,,
2005031604,"芝浦",,105,56,161,2,,,,64,,,,,,
2005031605,"芝浦",,46,50,96,2,,,,45,,,,,,
2005031606,"芝浦",,60,48,108,2,,,,47,,,,,,
2005031607,"芝浦",,71,46,117,3,,,,43,,,,,,
2005031608,"芝浦",,76,47,123,4,,,,45,,,,,,
2005031609,"芝浦",,54,48,102,8,,,,38,,,,,,
2005031610,"芝浦",,94,61,155,5,,,,43,,,,,,
2005031611,"芝浦",,239,82,321,3,,,,71,,,,,,
2005031612,"芝浦",,255,90,345,3,,,,73,,,,,,
2005031613,"芝浦",,178,87,265,4,,,,78,,,,,,
2005031614,"芝浦",,182,94,276,4,,,,76,,,,,,
2005031615,"芝浦",,134,91,225,5,,,,67,,,,,,
2005031616,"芝浦",,181,96,277,3,,,,70,,,,,,
2005031617,"芝浦",,120,80,200,8,,,,53,,,,,,
2005031618,"芝浦",,80,80,160,4,,,,47,,,,,,
2005031619,"芝浦",,79,82,161,2,,,,49,,,,,,
2005031620,"芝浦",,109,79,188,2,,,,56,,,,,,
2005031621,"芝浦",,35,59,94,5,,,,53,,,,,,
2005031622,"芝浦",,44,59,103,5,,,,77,,,,,,
2005031623,"芝浦",,97,69,166,2,,,,80,,,,,,
2005031624,"芝浦",,30,63,93,3,,,,74,,,,,,
2005031701,"芝浦",,30,58,88,2,,,,55,,,,,,
2005031702,"芝浦",,19,52,71,3,,,,59,,,,,,
2005031703,"芝浦",,8,42,50,10,,,,43,,,,,,
2005031704,"芝浦",,9,45,54,10,,,,51,,,,,,
2005031705,"芝浦",,15,50,65,4,,,,42,,,,,,
2005031706,"芝浦",,13,47,60,6,,,,45,,,,,,
2005031707,"芝浦",,27,50,77,5,,,,51,,,,,,
2005031708,"芝浦",,20,47,67,11,,,,38,,,,,,
2005031709,"芝浦",,36,53,89,8,,,,49,,,,,,
2005031710,"芝浦",,73,59,132,8,,,,65,,,,,,
2005031711,"芝浦",,73,63,136,8,,,,74,,,,,,
2005031712,"芝浦",,100,65,165,8,,,,84,,,,,,
2005031713,"芝浦",,178,81,259,2,,,,112,,,,,,
2005031714,"芝浦",,200,122,322,3,,,,132,,,,,,
2005031715,"芝浦",,209,84,293,2,,,,91,,,,,,
2005031716,"芝浦",,159,69,228,2,,,,66,,,,,,
2005031717,"芝浦",,32,39,71,14,,,,26,,,,,,
2005031718,"芝浦",,13,27,40,21,,,,11,,,,,,
2005031719,"芝浦",,22,33,55,15,,,,22,,,,,,
2005031720,"芝浦",,7,18,25,27,,,,21,,,,,,
2005031721,"芝浦",,5,16,21,29,,,,37,,,,,,
2005031722,"芝浦",,4,13,17,34,,,,21,,,,,,
2005031723,"芝浦",,3,11,14,33,,,,21,,,,,,
2005031724,"芝浦",,39,51,90,4,,,,72,,,,,,
2005031801,"芝浦",,72,57,129,2,,,,99,,,,,,
2005031802,"芝浦",,56,55,111,2,,,,89,,,,,,
2005031803,"芝浦",,37,52,89,2,,,,91,,,,,,
2005031804,"芝浦",,46,49,95,2,,,,82,,,,,,
2005031805,"芝浦",,29,43,72,2,,,,66,,,,,,
2005031806,"芝浦",,34,43,77,2,,,,64,,,,,,
2005031807,"芝浦",,37,42,79,5,,,,52,,,,,,
2005031808,"芝浦",,63,47,110,7,,,,44,,,,,,
2005031809,"芝浦",,30,43,73,18,,,,22,,,,,,
2005031810,"芝浦",,21,36,57,28,,,,7,,,,,,
2005031811,"芝浦",,47,51,98,21,,,,4,,,,,,
2005031812,"芝浦",,98,69,167,10,,,,27,,,,,,
2005031813,"芝浦",,77,71,148,12,,,,42,,,,,,
2005031814,"芝浦",,74,73,147,12,,,,41,,,,,,
2005031815,"芝浦",,9998,9998,9998,9998,,,,49,,,,,,
2005031816,"芝浦",,22,43,65,23,,,,48,,,,,,
2005031817,"芝浦",,26,42,68,23,,,,37,,,,,,
2005031818,"芝浦",,13,28,41,30,,,,34,,,,,,
2005031819,"芝浦",,13,28,41,27,,,,30,,,,,,
2005031820,"芝浦",,11,23,34,30,,,,23,,,,,,
2005031821,"芝浦",,7,17,24,35,,,,30,,,,,,
2005031822,"芝浦",,7,18,25,35,,,,25,,,,,,
2005031823,"芝浦",,7,17,24,34,,,,19,,,,,,
2005031824,"芝浦",,2,13,15,35,,,,20,,,,,,
2005031901,"芝浦",,2,11,13,36,,,,9,,,,,,
2005031902,"芝浦",,2,12,14,36,,,,9,,,,,,
2005031903,"芝浦",,3,12,15,35,,,,13,,,,,,
2005031904,"芝浦",,3,13,16,33,,,,8,,,,,,
2005031905,"芝浦",,2,13,15,32,,,,13,,,,,,
2005031906,"芝浦",,4,22,26,22,,,,13,,,,,,
2005031907,"芝浦",,9,27,36,18,,,,14,,,,,,
2005031908,"芝浦",,14,26,40,22,,,,8,,,,,,
2005031909,"芝浦",,14,23,37,27,,,,11,,,,,,
2005031910,"芝浦",,14,19,33,32,,,,16,,,,,,
2005031911,"芝浦",,8,14,22,36,,,,11,,,,,,
2005031912,"芝浦",,21,21,42,34,,,,10,,,,,,
2005031913,"芝浦",,13,15,28,39,,,,11,,,,,,
2005031914,"芝浦",,27,27,54,30,,,,20,,,,,,
2005031915,"芝浦",,37,46,83,18,,,,25,,,,,,
2005031916,"芝浦",,41,53,94,14,,,,34,,,,,,
2005031917,"芝浦",,31,42,73,21,,,,26,,,,,,
2005031918,"芝浦",,9,24,33,31,,,,14,,,,,,
2005031919,"芝浦",,8,27,35,28,,,,15,,,,,,
2005031920,"芝浦",,5,24,29,29,,,,11,,,,,,
2005031921,"芝浦",,3,27,30,26,,,,21,,,,,,
2005031922,"芝浦",,4,23,27,30,,,,11,,,,,,
2005031923,"芝浦",,5,31,36,21,,,,15,,,,,,
2005031924,"芝浦",,3,30,33,19,,,,17,,,,,,
2005032001,"芝浦",,3,35,38,14,,,,19,,,,,,
2005032002,"芝浦",,3,27,30,20,,,,18,,,,,,
2005032003,"芝浦",,3,30,33,17,,,,22,,,,,,
2005032004,"芝浦",,3,25,28,18,,,,21,,,,,,
2005032005,"芝浦",,3,26,29,16,,,,20,,,,,,
2005032006,"芝浦",,3,28,31,13,,,,18,,,,,,
2005032007,"芝浦",,6,27,33,15,,,,22,,,,,,
2005032008,"芝浦",,7,24,31,19,,,,19,,,,,,
2005032009,"芝浦",,8,26,34,19,,,,13,,,,,,
2005032010,"芝浦",,8,26,34,22,,,,16,,,,,,
2005032011,"芝浦",,22,33,55,17,,,,23,,,,,,
2005032012,"芝浦",,52,47,99,8,,,,41,,,,,,
2005032013,"芝浦",,52,50,102,7,,,,41,,,,,,
2005032014,"芝浦",,51,51,102,8,,,,42,,,,,,
2005032015,"芝浦",,50,55,105,6,,,,47,,,,,,
2005032016,"芝浦",,41,56,97,6,,,,37,,,,,,
2005032017,"芝浦",,73,63,136,5,,,,41,,,,,,
2005032018,"芝浦",,22,61,83,6,,,,43,,,,,,
2005032019,"芝浦",,14,58,72,3,,,,47,,,,,,
2005032020,"芝浦",,8,54,62,4,,,,45,,,,,,
2005032021,"芝浦",,8,51,59,5,,,,45,,,,,,
2005032022,"芝浦",,5,44,49,9,,,,40,,,,,,
2005032023,"芝浦",,6,43,49,11,,,,39,,,,,,
2005032024,"芝浦",,5,42,47,11,,,,40,,,,,,
2005032101,"芝浦",,9999,9999,9999,9995,,,,38,,,,,,
2005032102,"芝浦",,3,24,27,25,,,,36,,,,,,
2005032103,"芝浦",,2,16,18,33,,,,21,,,,,,
2005032104,"芝浦",,2,13,15,40,,,,13,,,,,,
2005032105,"芝浦",,1,10,11,44,,,,18,,,,,,
2005032106,"芝浦",,2,9,11,54,,,,33,,,,,,
2005032107,"芝浦",,5,13,18,47,,,,29,,,,,,
2005032108,"芝浦",,3,11,14,45,,,,18,,,,,,
2005032109,"芝浦",,3,8,11,45,,,,24,,,,,,
2005032110,"芝浦",,3,9,12,45,,,,18,,,,,,
2005032111,"芝浦",,3,9,12,46,,,,20,,,,,,
2005032112,"芝浦",,8,13,21,44,,,,15,,,,,,
2005032113,"芝浦",,4,10,14,48,,,,18,,,,,,
2005032114,"芝浦",,9,13,22,46,,,,10,,,,,,
2005032115,"芝浦",,4,12,16,51,,,,20,,,,,,
2005032116,"芝浦",,18,39,57,29,,,,27,,,,,,
2005032117,"芝浦",,20,45,65,25,,,,24,,,,,,
2005032118,"芝浦",,3,28,31,41,,,,24,,,,,,
2005032119,"芝浦",,2,22,24,47,,,,33,,,,,,
2005032120,"芝浦",,8,32,40,37,,,,31,,,,,,
2005032121,"芝浦",,17,53,70,15,,,,36,,,,,,
2005032122,"芝浦",,12,47,59,25,,,,44,,,,,,
2005032123,"芝浦",,4,26,30,43,,,,36,,,,,,
2005032124,"芝浦",,4,27,31,42,,,,40,,,,,,
2005032201,"芝浦",,5,20,25,50,,,,41,,,,,,
2005032202,"芝浦",,2,15,17,53,,,,29,,,,,,
2005032203,"芝浦",,4,26,30,37,,,,38,,,,,,
2005032204,"芝浦",,5,41,46,14,,,,37,,,,,,
2005032205,"芝浦",,5,37,42,21,,,,31,,,,,,
2005032206,"芝浦",,7,27,34,38,,,,33,,,,,,
2005032207,"芝浦",,6,25,31,40,,,,29,,,,,,
2005032208,"芝浦",,8,30,38,35,,,,34,,,,,,
2005032209,"芝浦",,18,39,57,26,,,,28,,,,,,
2005032210,"芝浦",,21,44,65,21,,,,31,,,,,,
2005032211,"芝浦",,23,42,65,21,,,,25,,,,,,
2005032212,"芝浦",,70,62,132,6,,,,43,,,,,,
2005032213,"芝浦",,79,60,139,7,,,,42,,,,,,
2005032214,"芝浦",,67,60,127,7,,,,50,,,,,,
2005032215,"芝浦",,39,53,92,12,,,,40,,,,,,
2005032216,"芝浦",,16,42,58,20,,,,40,,,,,,
2005032217,"芝浦",,16,42,58,19,,,,45,,,,,,
2005032218,"芝浦",,11,34,45,28,,,,34,,,,,,
2005032219,"芝浦",,11,33,44,29,,,,39,,,,,,
2005032220,"芝浦",,6,29,35,32,,,,39,,,,,,
2005032221,"芝浦",,5,25,30,35,,,,31,,,,,,
2005032222,"芝浦",,7,29,36,29,,,,30,,,,,,
2005032223,"芝浦",,8,26,34,31,,,,26,,,,,,
2005032224,"芝浦",,12,28,40,28,,,,24,,,,,,
2005032301,"芝浦",,31,37,68,19,,,,40,,,,,,
2005032302,"芝浦",,20,45,65,8,,,,37,,,,,,
2005032303,"芝浦",,28,42,70,7,,,,34,,,,,,
2005032304,"芝浦",,13,37,50,6,,,,62,,,,,,
2005032305,"芝浦",,10,33,43,7,,,,69,,,,,,
2005032306,"芝浦",,12,34,46,7,,,,64,,,,,,
2005032307,"芝浦",,22,36,58,6,,,,65,,,,,,
2005032308,"芝浦",,37,41,78,5,,,,59,,,,,,
2005032309,"芝浦",,53,42,95,4,,,,65,,,,,,
2005032310,"芝浦",,113,52,165,4,,,,64,,,,,,
2005032311,"芝浦",,128,57,185,2,,,,71,,,,,,
2005032312,"芝浦",,91,46,137,3,,,,71,,,,,,
2005032313,"芝浦",,60,44,104,9,,,,34,,,,,,
2005032314,"芝浦",,57,47,104,10,,,,30,,,,,,
2005032315,"芝浦",,39,45,84,10,,,,23,,,,,,
2005032316,"芝浦",,43,43,86,14,,,,27,,,,,,
2005032317,"芝浦",,24,38,62,20,,,,25,,,,,,
2005032318,"芝浦",,37,44,81,18,,,,20,,,,,,
2005032319,"芝浦",,12,36,48,23,,,,19,,,,,,
2005032320,"芝浦",,19,41,60,18,,,,17,,,,,,
2005032321,"芝浦",,14,39,53,15,,,,24,,,,,,
2005032322,"芝浦",,11,32,43,21,,,,14,,,,,,
2005032323,"芝浦",,11,34,45,21,,,,8,,,,,,
2005032324,"芝浦",,11,35,46,20,,,,5,,,,,,
2005032401,"芝浦",,21,44,65,12,,,,14,,,,,,
2005032402,"芝浦",,38,47,85,9,,,,13,,,,,,
2005032403,"芝浦",,13,41,54,12,,,,15,,,,,,
2005032404,"芝浦",,13,32,45,19,,,,18,,,,,,
2005032405,"芝浦",,6,27,33,22,,,,5,,,,,,
2005032406,"芝浦",,7,30,37,19,,,,2,,,,,,
2005032407,"芝浦",,10,35,45,16,,,,13,,,,,,
2005032408,"芝浦",,27,40,67,14,,,,13,,,,,,
2005032409,"芝浦",,47,44,91,11,,,,9,,,,,,
2005032410,"芝浦",,158,63,221,4,,,,32,,,,,,
2005032411,"芝浦",,175,65,240,5,,,,33,,,,,,
2005032412,"芝浦",,145,64,209,5,,,,28,,,,,,
2005032413,"芝浦",,9998,9998,9998,9998,,,,20,,,,,,
2005032414,"芝浦",,85,61,146,10,,,,39,,,,,,
2005032415,"芝浦",,68,59,127,12,,,,34,,,,,,
2005032416,"芝浦",,62,63,125,9,,,,38,,,,,,
2005032417,"芝浦",,23,42,65,28,,,,23,,,,,,
2005032418,"芝浦",,14,42,56,26,,,,35,,,,,,
2005032419,"芝浦",,14,36,50,30,,,,39,,,,,,
2005032420,"芝浦",,8,39,47,28,,,,39,,,,,,
2005032421,"芝浦",,6,21,27,45,,,,33,,,,,,
2005032422,"芝浦",,18,44,62,22,,,,35,,,,,,
2005032423,"芝浦",,14,43,57,21,,,,30,,,,,,
2005032424,"芝浦",,6,23,29,38,,,,16,,,,,,
2005032501,"芝浦",,3,17,20,37,,,,21,,,,,,
2005032502,"芝浦",,2,17,19,36,,,,20,,,,,,
2005032503,"芝浦",,2,19,21,35,,,,12,,,,,,
2005032504,"芝浦",,4,27,31,24,,,,6,,,,,,
2005032505,"芝浦",,4,18,22,34,,,,11,,,,,,
2005032506,"芝浦",,4,12,16,39,,,,5,,,,,,
2005032507,"芝浦",,5,12,17,37,,,,10,,,,,,
2005032508,"芝浦",,9,16,25,34,,,,10,,,,,,
2005032509,"芝浦",,11,17,28,35,,,,2,,,,,,
2005032510,"芝浦",,13,18,31,34,,,,9,,,,,,
2005032511,"芝浦",,14,15,29,37,,,,8,,,,,,
2005032512,"芝浦",,12,16,28,36,,,,8,,,,,,
2005032513,"芝浦",,11,17,28,35,,,,4,,,,,,
2005032514,"芝浦",,13,19,32,34,,,,9,,,,,,
2005032515,"芝浦",,11,18,29,35,,,,13,,,,,,
2005032516,"芝浦",,12,20,32,34,,,,10,,,,,,
2005032517,"芝浦",,17,30,47,25,,,,10,,,,,,
2005032518,"芝浦",,21,35,56,19,,,,15,,,,,,
2005032519,"芝浦",,15,33,48,20,,,,16,,,,,,
2005032520,"芝浦",,12,30,42,21,,,,19,,,,,,
2005032521,"芝浦",,17,34,51,16,,,,13,,,,,,
2005032522,"芝浦",,14,36,50,14,,,,20,,,,,,
2005032523,"芝浦",,26,42,68,9,,,,15,,,,,,
2005032524,"芝浦",,70,50,120,4,,,,21,,,,,,
2005032601,"芝浦",,66,51,117,3,,,,25,,,,,,
2005032602,"芝浦",,58,50,108,2,,,,27,,,,,,
2005032603,"芝浦",,5,35,40,11,,,,15,,,,,,
2005032604,"芝浦",,4,35,39,10,,,,17,,,,,,
2005032605,"芝浦",,4,34,38,10,,,,23,,,,,,
2005032606,"芝浦",,8,37,45,8,,,,16,,,,,,
2005032607,"芝浦",,32,42,74,6,,,,23,,,,,,
2005032608,"芝浦",,51,45,96,7,,,,21,,,,,,
2005032609,"芝浦",,29,39,68,16,,,,11,,,,,,
2005032610,"芝浦",,22,29,51,26,,,,21,,,,,,
2005032611,"芝浦",,74,49,123,14,,,,23,,,,,,
2005032612,"芝浦",,66,49,115,14,,,,21,,,,,,
2005032613,"芝浦",,79,57,136,11,,,,33,,,,,,
2005032614,"芝浦",,76,61,137,13,,,,35,,,,,,
2005032615,"芝浦",,67,60,127,14,,,,39,,,,,,
2005032616,"芝浦",,56,59,115,15,,,,39,,,,,,
2005032617,"芝浦",,44,51,95,19,,,,33,,,,,,
2005032618,"芝浦",,22,40,62,25,,,,33,,,,,,
2005032619,"芝浦",,12,31,43,31,,,,21,,,,,,
2005032620,"芝浦",,8,28,36,33,,,,21,,,,,,
2005032621,"芝浦",,5,20,25,37,,,,24,,,,,,
2005032622,"芝浦",,6,20,26,36,,,,22,,,,,,
2005032623,"芝浦",,5,23,28,32,,,,20,,,,,,
2005032624,"芝浦",,2,25,27,28,,,,28,,,,,,
2005032701,"芝浦",,3,30,33,23,,,,28,,,,,,
2005032702,"芝浦",,2,22,24,30,,,,19,,,,,,
2005032703,"芝浦",,2,26,28,24,,,,27,,,,,,
2005032704,"芝浦",,2,28,30,21,,,,21,,,,,,
2005032705,"芝浦",,3,27,30,22,,,,17,,,,,,
2005032706,"芝浦",,5,27,32,22,,,,22,,,,,,
2005032707,"芝浦",,6,28,34,20,,,,28,,,,,,
2005032708,"芝浦",,14,33,47,19,,,,17,,,,,,
2005032709,"芝浦",,45,60,105,14,,,,36,,,,,,
2005032710,"芝浦",,21,37,58,25,,,,35,,,,,,
2005032711,"芝浦",,11,26,37,36,,,,27,,,,,,
2005032712,"芝浦",,14,34,48,34,,,,30,,,,,,
2005032713,"芝浦",,11,30,41,41,,,,40,,,,,,
2005032714,"芝浦",,11,31,42,40,,,,30,,,,,,
2005032715,"芝浦",,11,36,47,41,,,,42,,,,,,
2005032716,"芝浦",,10,36,46,41,,,,40,,,,,,
2005032717,"芝浦",,3,17,20,62,,,,43,,,,,,
2005032718,"芝浦",,2,16,18,59,,,,36,,,,,,
2005032719,"芝浦",,3,19,22,50,,,,40,,,,,,
2005032720,"芝浦",,2,22,24,45,,,,38,,,,,,
2005032721,"芝浦",,3,26,29,39,,,,41,,,,,,
2005032722,"芝浦",,3,25,28,38,,,,40,,,,,,
2005032723,"芝浦",,3,25,28,36,,,,42,,,,,,
2005032724,"芝浦",,2,22,24,37,,,,36,,,,,,
2005032801,"芝浦",,9999,9999,9999,9995,,,,45,,,,,,
2005032802,"芝浦",,4,41,45,13,,,,53,,,,,,
2005032803,"芝浦",,13,50,63,4,,,,54,,,,,,
2005032804,"芝浦",,10,49,59,5,,,,54,,,,,,
2005032805,"芝浦",,9,46,55,5,,,,48,,,,,,
2005032806,"芝浦",,26,51,77,2,,,,49,,,,,,
2005032807,"芝浦",,29,51,80,4,,,,41,,,,,,
2005032808,"芝浦",,34,51,85,6,,,,36,,,,,,
2005032809,"芝浦",,127,62,189,3,,,,76,,,,,,
2005032810,"芝浦",,234,78,312,2,,,,94,,,,,,
2005032811,"芝浦",,204,77,281,2,,,,96,,,,,,
2005032812,"芝浦",,161,75,236,2,,,,111,,,,,,
2005032813,"芝浦",,173,75,248,2,,,,112,,,,,,
2005032814,"芝浦",,159,70,229,2,,,,100,,,,,,
2005032815,"芝浦",,163,68,231,2,,,,86,,,,,,
2005032816,"芝浦",,123,58,181,2,,,,68,,,,,,
2005032817,"芝浦",,49,54,103,2,,,,27,,,,,,
2005032818,"芝浦",,39,54,93,2,,,,36,,,,,,
2005032819,"芝浦",,31,51,82,2,,,,32,,,,,,
2005032820,"芝浦",,23,45,68,4,,,,36,,,,,,
2005032821,"芝浦",,25,45,70,3,,,,34,,,,,,
2005032822,"芝浦",,24,41,65,4,,,,32,,,,,,
2005032823,"芝浦",,16,40,56,5,,,,45,,,,,,
2005032824,"芝浦",,8,36,44,7,,,,56,,,,,,
2005032901,"芝浦",,9,36,45,6,,,,56,,,,,,
2005032902,"芝浦",,12,38,50,5,,,,35,,,,,,
2005032903,"芝浦",,41,40,81,2,,,,47,,,,,,
2005032904,"芝浦",,46,39,85,2,,,,50,,,,,,
2005032905,"芝浦",,48,37,85,2,,,,55,,,,,,
2005032906,"芝浦",,207,49,256,3,,,,67,,,,,,
2005032907,"芝浦",,99,41,140,3,,,,46,,,,,,
2005032908,"芝浦",,31,42,73,13,,,,17,,,,,,
2005032909,"芝浦",,23,39,62,22,,,,11,,,,,,
2005032910,"芝浦",,25,35,60,26,,,,12,,,,,,
2005032911,"芝浦",,34,45,79,17,,,,10,,,,,,
2005032912,"芝浦",,29,46,75,18,,,,16,,,,,,
2005032913,"芝浦",,29,45,74,19,,,,25,,,,,,
2005032914,"芝浦",,22,45,67,20,,,,22,,,,,,
2005032915,"芝浦",,18,42,60,21,,,,25,,,,,,
2005032916,"芝浦",,25,43,68,21,,,,27,,,,,,
2005032917,"芝浦",,18,44,62,20,,,,31,,,,,,
2005032918,"芝浦",,25,51,76,14,,,,32,,,,,,
2005032919,"芝浦",,19,45,64,17,,,,23,,,,,,
2005032920,"芝浦",,12,40,52,18,,,,22,,,,,,
2005032921,"芝浦",,10,35,45,21,,,,22,,,,,,
2005032922,"芝浦",,15,38,53,16,,,,23,,,,,,
2005032923,"芝浦",,12,39,51,14,,,,23,,,,,,
2005032924,"芝浦",,6,36,42,16,,,,20,,,,,,
2005033001,"芝浦",,5,26,31,25,,,,13,,,,,,
2005033002,"芝浦",,5,21,26,29,,,,13,,,,,,
2005033003,"芝浦",,4,20,24,30,,,,18,,,,,,
2005033004,"芝浦",,6,22,28,26,,,,19,,,,,,
2005033005,"芝浦",,4,22,26,27,,,,23,,,,,,
2005033006,"芝浦",,4,23,27,26,,,,14,,,,,,
2005033007,"芝浦",,5,21,26,28,,,,12,,,,,,
2005033008,"芝浦",,11,22,33,31,,,,10,,,,,,
2005033009,"芝浦",,14,22,36,31,,,,11,,,,,,
2005033010,"芝浦",,17,23,40,32,,,,16,,,,,,
2005033011,"芝浦",,19,24,43,33,,,,23,,,,,,
2005033012,"芝浦",,12,18,30,40,,,,10,,,,,,
2005033013,"芝浦",,11,17,28,42,,,,6,,,,,,
2005033014,"芝浦",,16,21,37,40,,,,16,,,,,,
2005033015,"芝浦",,42,40,82,25,,,,19,,,,,,
2005033016,"芝浦",,83,72,155,8,,,,35,,,,,,
2005033017,"芝浦",,62,66,128,9,,,,24,,,,,,
2005033018,"芝浦",,46,57,103,13,,,,28,,,,,,
2005033019,"芝浦",,5,34,39,28,,,,25,,,,,,
2005033020,"芝浦",,7,38,45,21,,,,22,,,,,,
2005033021,"芝浦",,9,41,50,15,,,,18,,,,,,
2005033022,"芝浦",,10,35,45,19,,,,30,,,,,,
2005033023,"芝浦",,9,36,45,19,,,,18,,,,,,
2005033024,"芝浦",,4,26,30,26,,,,19,,,,,,
2005033101,"芝浦",,3,27,30,24,,,,18,,,,,,
2005033102,"芝浦",,2,24,26,28,,,,10,,,,,,
2005033103,"芝浦",,4,29,33,23,,,,8,,,,,,
2005033104,"芝浦",,4,31,35,21,,,,9,,,,,,
2005033105,"芝浦",,2,32,34,19,,,,10,,,,,,
2005033106,"芝浦",,8,43,51,9,,,,15,,,,,,
2005033107,"芝浦",,31,47,78,6,,,,17,,,,,,
2005033108,"芝浦",,14,36,50,18,,,,15,,,,,,
2005033109,"芝浦",,147,63,210,7,,,,39,,,,,,
2005033110,"芝浦",,174,69,243,5,,,,34,,,,,,
2005033111,"芝浦",,126,68,194,7,,,,35,,,,,,
2005033112,"芝浦",,120,71,191,9,,,,43,,,,,,
2005033113,"芝浦",,79,66,145,13,,,,37,,,,,,
2005033114,"芝浦",,76,62,138,14,,,,37,,,,,,
2005033115,"芝浦",,9998,9998,9998,9998,,,,43,,,,,,
2005033116,"芝浦",,74,71,145,9,,,,48,,,,,,
2005033117,"芝浦",,57,71,128,9,,,,53,,,,,,
2005033118,"芝浦",,87,78,165,6,,,,51,,,,,,
2005033119,"芝浦",,28,61,89,13,,,,46,,,,,,
2005033120,"芝浦",,12,39,51,21,,,,37,,,,,,
2005033121,"芝浦",,14,38,52,22,,,,23,,,,,,
2005033122,"芝浦",,27,44,71,15,,,,24,,,,,,
2005033123,"芝浦",,29,49,78,10,,,,30,,,,,,
2005033124,"芝浦",,16,48,64,9,,,,33,,,,,,
2005020101,"芝浦",,9,36,45,6,,,,14,,,,,,
2005020102,"芝浦",,12,37,49,4,,,,16,,,,,,
2005020103,"芝浦",,8,28,36,12,,,,8,,,,,,
2005020104,"芝浦",,5,32,37,7,,,,15,,,,,,
2005020105,"芝浦",,17,38,55,2,,,,9,,,,,,
2005020106,"芝浦",,12,35,47,4,,,,12,,,,,,
2005020107,"芝浦",,14,36,50,4,,,,14,,,,,,
2005020108,"芝浦",,16,31,47,12,,,,18,,,,,,
2005020109,"芝浦",,17,27,44,18,,,,21,,,,,,
2005020110,"芝浦",,23,28,51,17,,,,13,,,,,,
2005020111,"芝浦",,14,19,33,25,,,,11,,,,,,
2005020112,"芝浦",,11,15,26,29,,,,15,,,,,,
2005020113,"芝浦",,16,19,35,28,,,,15,,,,,,
2005020114,"芝浦",,11,18,29,29,,,,14,,,,,,
2005020115,"芝浦",,13,25,38,22,,,,13,,,,,,
2005020116,"芝浦",,23,32,55,15,,,,12,,,,,,
2005020117,"芝浦",,19,29,48,18,,,,13,,,,,,
2005020118,"芝浦",,15,29,44,17,,,,13,,,,,,
2005020119,"芝浦",,11,29,40,15,,,,19,,,,,,
2005020120,"芝浦",,14,36,50,8,,,,9,,,,,,
2005020121,"芝浦",,11,30,41,12,,,,10,,,,,,
2005020122,"芝浦",,13,30,43,11,,,,13,,,,,,
2005020123,"芝浦",,10,28,38,14,,,,12,,,,,,
2005020124,"芝浦",,5,25,30,14,,,,12,,,,,,
2005020201,"芝浦",,6,29,35,10,,,,15,,,,,,
2005020202,"芝浦",,9,36,45,4,,,,13,,,,,,
2005020203,"芝浦",,6,30,36,9,,,,13,,,,,,
2005020204,"芝浦",,3,24,27,14,,,,9,,,,,,
2005020205,"芝浦",,5,28,33,9,,,,4,,,,,,
2005020206,"芝浦",,12,35,47,4,,,,17,,,,,,
2005020207,"芝浦",,22,37,59,3,,,,9,,,,,,
2005020208,"芝浦",,26,34,60,6,,,,5,,,,,,
2005020209,"芝浦",,25,29,54,13,,,,14,,,,,,
2005020210,"芝浦",,19,22,41,20,,,,4,,,,,,
2005020211,"芝浦",,13,17,30,26,,,,4,,,,,,
2005020212,"芝浦",,14,17,31,26,,,,11,,,,,,
2005020213,"芝浦",,17,20,37,25,,,,20,,,,,,
2005020214,"芝浦",,21,21,42,23,,,,13,,,,,,
2005020215,"芝浦",,13,19,32,25,,,,7,,,,,,
2005020216,"芝浦",,15,21,36,24,,,,7,,,,,,
2005020217,"芝浦",,10,24,34,21,,,,11,,,,,,
2005020218,"芝浦",,12,30,42,16,,,,13,,,,,,
2005020219,"芝浦",,11,29,40,16,,,,25,,,,,,
2005020220,"芝浦",,11,23,34,22,,,,10,,,,,,
2005020221,"芝浦",,14,29,43,17,,,,14,,,,,,
2005020222,"芝浦",,12,28,40,17,,,,18,,,,,,
2005020223,"芝浦",,13,34,47,12,,,,4,,,,,,
2005020224,"芝浦",,6,31,37,12,,,,13,,,,,,
2005020301,"芝浦",,10,37,47,6,,,,16,,,,,,
2005020302,"芝浦",,11,39,50,4,,,,15,,,,,,
2005020303,"芝浦",,14,39,53,3,,,,15,,,,,,
2005020304,"芝浦",,29,41,70,2,,,,20,,,,,,
2005020305,"芝浦",,20,39,59,3,,,,12,,,,,,
2005020306,"芝浦",,37,41,78,2,,,,19,,,,,,
2005020307,"芝浦",,87,45,132,2,,,,24,,,,,,
2005020308,"芝浦",,100,47,147,2,,,,23,,,,,,
2005020309,"芝浦",,121,52,173,3,,,,27,,,,,,
2005020310,"芝浦",,61,46,107,7,,,,15,,,,,,
2005020311,"芝浦",,29,33,62,18,,,,13,,,,,,
2005020312,"芝浦",,28,31,59,20,,,,20,,,,,,
2005020313,"芝浦",,15,20,35,29,,,,22,,,,,,
2005020314,"芝浦",,18,23,41,28,,,,21,,,,,,
2005020315,"芝浦",,17,22,39,30,,,,16,,,,,,
2005020316,"芝浦",,21,26,47,26,,,,9,,,,,,
2005020317,"芝浦",,21,29,50,22,,,,16,,,,,,
2005020318,"芝浦",,21,33,54,17,,,,25,,,,,,
2005020319,"芝浦",,17,32,49,17,,,,20,,,,,,
2005020320,"芝浦",,13,30,43,18,,,,11,,,,,,
2005020321,"芝浦",,12,28,40,18,,,,7,,,,,,
2005020322,"芝浦",,14,34,48,14,,,,16,,,,,,
2005020323,"芝浦",,11,33,44,16,,,,10,,,,,,
2005020324,"芝浦",,5,30,35,16,,,,6,,,,,,
2005020401,"芝浦",,7,31,38,15,,,,15,,,,,,
2005020402,"芝浦",,5,29,34,16,,,,11,,,,,,
2005020403,"芝浦",,5,21,26,24,,,,10,,,,,,
2005020404,"芝浦",,7,24,31,21,,,,8,,,,,,
2005020405,"芝浦",,5,20,25,25,,,,8,,,,,,
2005020406,"芝浦",,4,24,28,20,,,,11,,,,,,
2005020407,"芝浦",,6,28,34,17,,,,14,,,,,,
2005020408,"芝浦",,17,30,47,17,,,,8,,,,,,
2005020409,"芝浦",,20,33,53,15,,,,5,,,,,,
2005020410,"芝浦",,26,33,59,16,,,,14,,,,,,
2005020411,"芝浦",,17,27,44,22,,,,10,,,,,,
2005020412,"芝浦",,22,30,52,21,,,,10,,,,,,
2005020413,"芝浦",,32,32,64,22,,,,25,,,,,,
2005020414,"芝浦",,9998,9998,9998,7,,,,9998,,,,,,
2005020415,"芝浦",,9998,9998,9998,9998,,,,36,,,,,,
2005020416,"芝浦",,84,58,142,4,,,,29,,,,,,
2005020417,"芝浦",,132,61,193,2,,,,42,,,,,,
2005020418,"芝浦",,39,42,81,9,,,,23,,,,,,
2005020419,"芝浦",,18,30,48,15,,,,14,,,,,,
2005020420,"芝浦",,15,31,46,13,,,,17,,,,,,
2005020421,"芝浦",,13,30,43,14,,,,15,,,,,,
2005020422,"芝浦",,15,34,49,10,,,,11,,,,,,
2005020423,"芝浦",,14,35,49,10,,,,8,,,,,,
2005020424,"芝浦",,5,27,32,14,,,,16,,,,,,
2005020501,"芝浦",,20,40,60,2,,,,15,,,,,,
2005020502,"芝浦",,33,43,76,2,,,,12,,,,,,
2005020503,"芝浦",,35,42,77,2,,,,19,,,,,,
2005020504,"芝浦",,10,36,46,6,,,,11,,,,,,
2005020505,"芝浦",,25,41,66,3,,,,19,,,,,,
2005020506,"芝浦",,18,40,58,3,,,,22,,,,,,
2005020507,"芝浦",,12,36,48,5,,,,20,,,,,,
2005020508,"芝浦",,24,37,61,9,,,,14,,,,,,
2005020509,"芝浦",,30,33,63,14,,,,10,,,,,,
2005020510,"芝浦",,16,22,38,25,,,,10,,,,,,
2005020511,"芝浦",,13,20,33,28,,,,11,,,,,,
2005020512,"芝浦",,15,23,38,26,,,,20,,,,,,
2005020513,"芝浦",,12,20,32,30,,,,26,,,,,,
2005020514,"芝浦",,12,17,29,34,,,,24,,,,,,
2005020515,"芝浦",,11,19,30,32,,,,23,,,,,,
2005020516,"芝浦",,10,21,31,29,,,,23,,,,,,
2005020517,"芝浦",,17,28,45,23,,,,24,,,,,,
2005020518,"芝浦",,15,28,43,22,,,,20,,,,,,
2005020519,"芝浦",,12,26,38,22,,,,16,,,,,,
2005020520,"芝浦",,9,21,30,24,,,,10,,,,,,
2005020521,"芝浦",,8,22,30,24,,,,13,,,,,,
2005020522,"芝浦",,4,17,21,28,,,,12,,,,,,
2005020523,"芝浦",,5,15,20,30,,,,12,,,,,,
2005020524,"芝浦",,3,9,12,35,,,,9,,,,,,
2005020601,"芝浦",,3,9,12,36,,,,13,,,,,,
2005020602,"芝浦",,2,9,11,35,,,,16,,,,,,
2005020603,"芝浦",,2,11,13,32,,,,15,,,,,,
2005020604,"芝浦",,2,10,12,34,,,,16,,,,,,
2005020605,"芝浦",,2,10,12,33,,,,17,,,,,,
2005020606,"芝浦",,3,10,13,33,,,,23,,,,,,
2005020607,"芝浦",,2,13,15,30,,,,17,,,,,,
2005020608,"芝浦",,4,13,17,31,,,,10,,,,,,
2005020609,"芝浦",,5,11,16,34,,,,6,,,,,,
2005020610,"芝浦",,4,9,13,36,,,,2,,,,,,
2005020611,"芝浦",,4,9,13,37,,,,4,,,,,,
2005020612,"芝浦",,4,8,12,39,,,,12,,,,,,
2005020613,"芝浦",,5,8,13,39,,,,17,,,,,,
2005020614,"芝浦",,4,8,12,40,,,,17,,,,,,
2005020615,"芝浦",,4,8,12,40,,,,8,,,,,,
2005020616,"芝浦",,4,8,12,39,,,,9,,,,,,
2005020617,"芝浦",,3,11,14,35,,,,21,,,,,,
2005020618,"芝浦",,4,16,20,29,,,,17,,,,,,
2005020619,"芝浦",,4,15,19,29,,,,13,,,,,,
2005020620,"芝浦",,3,13,16,30,,,,7,,,,,,
2005020621,"芝浦",,2,13,15,30,,,,13,,,,,,
2005020622,"芝浦",,3,14,17,30,,,,13,,,,,,
2005020623,"芝浦",,3,14,17,30,,,,9,,,,,,
2005020624,"芝浦",,3,12,15,31,,,,9,,,,,,
2005020701,"芝浦",,9999,9999,9999,9995,,,,10,,,,,,
2005020702,"芝浦",,2,14,16,30,,,,14,,,,,,
2005020703,"芝浦",,2,11,13,33,,,,9,,,,,,
2005020704,"芝浦",,4,15,19,28,,,,9,,,,,,
2005020705,"芝浦",,7,17,24,26,,,,7,,,,,,
2005020706,"芝浦",,7,24,31,18,,,,13,,,,,,
2005020707,"芝浦",,16,34,50,10,,,,10,,,,,,
2005020708,"芝浦",,36,41,77,5,,,,18,,,,,,
2005020709,"芝浦",,39,39,78,8,,,,11,,,,,,
2005020710,"芝浦",,41,41,82,8,,,,23,,,,,,
2005020711,"芝浦",,118,51,169,5,,,,35,,,,,,
2005020712,"芝浦",,139,53,192,5,,,,30,,,,,,
2005020713,"芝浦",,84,51,135,7,,,,34,,,,,,
2005020714,"芝浦",,122,57,179,4,,,,33,,,,,,
2005020715,"芝浦",,73,50,123,6,,,,34,,,,,,
2005020716,"芝浦",,78,49,127,5,,,,28,,,,,,
2005020717,"芝浦",,73,48,121,4,,,,35,,,,,,
2005020718,"芝浦",,51,44,95,5,,,,38,,,,,,
2005020719,"芝浦",,59,45,104,4,,,,33,,,,,,
2005020720,"芝浦",,43,45,88,4,,,,25,,,,,,
2005020721,"芝浦",,52,46,98,3,,,,37,,,,,,
2005020722,"芝浦",,31,41,72,6,,,,28,,,,,,
2005020723,"芝浦",,70,45,115,4,,,,30,,,,,,
2005020724,"芝浦",,31,37,68,7,,,,30,,,,,,
2005020801,"芝浦",,21,31,52,13,,,,29,,,,,,
2005020802,"芝浦",,29,30,59,15,,,,22,,,,,,
2005020803,"芝浦",,10,23,33,21,,,,19,,,,,,
2005020804,"芝浦",,13,23,36,21,,,,20,,,,,,
2005020805,"芝浦",,12,24,36,20,,,,17,,,,,,
2005020806,"芝浦",,24,28,52,16,,,,11,,,,,,
2005020807,"芝浦",,32,34,66,10,,,,13,,,,,,
2005020808,"芝浦",,54,41,95,7,,,,15,,,,,,
2005020809,"芝浦",,35,41,76,5,,,,14,,,,,,
2005020810,"芝浦",,47,42,89,5,,,,20,,,,,,
2005020811,"芝浦",,44,42,86,5,,,,21,,,,,,
2005020812,"芝浦",,45,42,87,4,,,,28,,,,,,
2005020813,"芝浦",,47,41,88,4,,,,30,,,,,,
2005020814,"芝浦",,57,43,100,4,,,,45,,,,,,
2005020815,"芝浦",,49,42,91,3,,,,52,,,,,,
2005020816,"芝浦",,46,42,88,3,,,,35,,,,,,
2005020817,"芝浦",,59,43,102,2,,,,45,,,,,,
2005020818,"芝浦",,70,43,113,2,,,,45,,,,,,
2005020819,"芝浦",,57,42,99,2,,,,44,,,,,,
2005020820,"芝浦",,47,38,85,2,,,,48,,,,,,
2005020821,"芝浦",,63,35,98,2,,,,52,,,,,,
2005020822,"芝浦",,52,35,87,2,,,,51,,,,,,
2005020823,"芝浦",,42,35,77,2,,,,48,,,,,,
2005020824,"芝浦",,38,33,71,2,,,,63,,,,,,
2005020901,"芝浦",,55,34,89,2,,,,68,,,,,,
2005020902,"芝浦",,53,34,87,2,,,,45,,,,,,
2005020903,"芝浦",,71,35,106,2,,,,62,,,,,,
2005020904,"芝浦",,69,36,105,2,,,,44,,,,,,
2005020905,"芝浦",,149,41,190,2,,,,53,,,,,,
2005020906,"芝浦",,162,43,205,2,,,,52,,,,,,
2005020907,"芝浦",,215,48,263,2,,,,63,,,,,,
2005020908,"芝浦",,195,47,242,2,,,,68,,,,,,
2005020909,"芝浦",,162,49,211,2,,,,69,,,,,,
2005020910,"芝浦",,196,56,252,3,,,,57,,,,,,
2005020911,"芝浦",,116,52,168,4,,,,48,,,,,,
2005020912,"芝浦",,98,57,155,5,,,,38,,,,,,
2005020913,"芝浦",,119,53,172,4,,,,42,,,,,,
2005020914,"芝浦",,96,51,147,5,,,,39,,,,,,
2005020915,"芝浦",,45,44,89,7,,,,39,,,,,,
2005020916,"芝浦",,63,48,111,6,,,,33,,,,,,
2005020917,"芝浦",,104,57,161,3,,,,34,,,,,,
2005020918,"芝浦",,137,61,198,2,,,,34,,,,,,
2005020919,"芝浦",,106,57,163,2,,,,36,,,,,,
2005020920,"芝浦",,22,49,71,5,,,,37,,,,,,
2005020921,"芝浦",,6,37,43,16,,,,32,,,,,,
2005020922,"芝浦",,57,46,103,5,,,,51,,,,,,
2005020923,"芝浦",,77,48,125,2,,,,50,,,,,,
2005020924,"芝浦",,101,48,149,2,,,,59,,,,,,
2005021001,"芝浦",,85,50,135,2,,,,58,,,,,,
2005021002,"芝浦",,126,52,178,2,,,,60,,,,,,
2005021003,"芝浦",,125,53,178,2,,,,66,,,,,,
2005021004,"芝浦",,94,54,148,2,,,,76,,,,,,
2005021005,"芝浦",,71,52,123,2,,,,75,,,,,,
2005021006,"芝浦",,64,50,114,2,,,,74,,,,,,
2005021007,"芝浦",,57,46,103,2,,,,59,,,,,,
2005021008,"芝浦",,80,49,129,2,,,,71,,,,,,
2005021009,"芝浦",,68,48,116,4,,,,78,,,,,,
2005021010,"芝浦",,75,55,130,5,,,,72,,,,,,
2005021011,"芝浦",,64,57,121,9,,,,65,,,,,,
2005021012,"芝浦",,40,52,92,13,,,,43,,,,,,
2005021013,"芝浦",,24,36,60,22,,,,24,,,,,,
2005021014,"芝浦",,9998,9998,9998,9998,,,,14,,,,,,
2005021015,"芝浦",,9998,9998,9998,9998,,,,18,,,,,,
2005021016,"芝浦",,21,35,56,17,,,,18,,,,,,
2005021017,"芝浦",,21,34,55,18,,,,17,,,,,,
2005021018,"芝浦",,16,34,50,17,,,,9,,,,,,
2005021019,"芝浦",,19,38,57,13,,,,20,,,,,,
2005021020,"芝浦",,13,26,39,22,,,,17,,,,,,
2005021021,"芝浦",,13,23,36,25,,,,21,,,,,,
2005021022,"芝浦",,11,20,31,27,,,,15,,,,,,
2005021023,"芝浦",,8,17,25,29,,,,17,,,,,,
2005021024,"芝浦",,5,11,16,34,,,,12,,,,,,
2005021101,"芝浦",,4,11,15,34,,,,12,,,,,,
2005021102,"芝浦",,4,13,17,31,,,,11,,,,,,
2005021103,"芝浦",,5,12,17,30,,,,10,,,,,,
2005021104,"芝浦",,5,11,16,30,,,,11,,,,,,
2005021105,"芝浦",,6,11,17,30,,,,7,,,,,,
2005021106,"芝浦",,3,10,13,30,,,,11,,,,,,
2005021107,"芝浦",,4,13,17,28,,,,12,,,,,,
2005021108,"芝浦",,6,16,22,26,,,,9,,,,,,
2005021109,"芝浦",,9,16,25,27,,,,9,,,,,,
2005021110,"芝浦",,8,18,26,25,,,,13,,,,,,
2005021111,"芝浦",,10,17,27,26,,,,8,,,,,,
2005021112,"芝浦",,6,12,18,33,,,,13,,,,,,
2005021113,"芝浦",,9,15,24,32,,,,10,,,,,,
2005021114,"芝浦",,19,24,43,26,,,,16,,,,,,
2005021115,"芝浦",,28,32,60,19,,,,21,,,,,,
2005021116,"芝浦",,32,37,69,14,,,,17,,,,,,
2005021117,"芝浦",,32,39,71,13,,,,21,,,,,,
2005021118,"芝浦",,23,39,62,13,,,,24,,,,,,
2005021119,"芝浦",,4,19,23,27,,,,13,,,,,,
2005021120,"芝浦",,3,20,23,26,,,,14,,,,,,
2005021121,"芝浦",,4,21,25,24,,,,15,,,,,,
2005021122,"芝浦",,4,24,28,20,,,,11,,,,,,
2005021123,"芝浦",,5,19,24,24,,,,8,,,,,,
2005021124,"芝浦",,5,22,27,21,,,,11,,,,,,
2005021201,"芝浦",,5,22,27,22,,,,9,,,,,,
2005021202,"芝浦",,3,15,18,27,,,,7,,,,,,
2005021203,"芝浦",,3,18,21,24,,,,6,,,,,,
2005021204,"芝浦",,4,19,23,22,,,,12,,,,,,
2005021205,"芝浦",,3,20,23,21,,,,8,,,,,,
2005021206,"芝浦",,6,24,30,16,,,,3,,,,,,
2005021207,"芝浦",,8,26,34,13,,,,7,,,,,,
2005021208,"芝浦",,24,34,58,9,,,,13,,,,,,
2005021209,"芝浦",,20,28,48,18,,,,9,,,,,,
2005021210,"芝浦",,14,19,33,27,,,,4,,,,,,
2005021211,"芝浦",,17,20,37,27,,,,4,,,,,,
2005021212,"芝浦",,14,19,33,28,,,,12,,,,,,
2005021213,"芝浦",,21,20,41,29,,,,18,,,,,,
2005021214,"芝浦",,15,17,32,32,,,,14,,,,,,
2005021215,"芝浦",,14,17,31,33,,,,12,,,,,,
2005021216,"芝浦",,17,25,42,24,,,,18,,,,,,
2005021217,"芝浦",,11,25,36,24,,,,7,,,,,,
2005021218,"芝浦",,8,23,31,26,,,,18,,,,,,
2005021219,"芝浦",,9,21,30,27,,,,19,,,,,,
2005021220,"芝浦",,8,25,33,23,,,,12,,,,,,
2005021221,"芝浦",,5,25,30,22,,,,9,,,,,,
2005021222,"芝浦",,6,28,34,15,,,,12,,,,,,
2005021223,"芝浦",,10,31,41,12,,,,21,,,,,,
2005021224,"芝浦",,5,21,26,21,,,,17,,,,,,
2005021301,"芝浦",,7,18,25,24,,,,21,,,,,,
2005021302,"芝浦",,3,17,20,24,,,,21,,,,,,
2005021303,"芝浦",,2,12,14,31,,,,14,,,,,,
2005021304,"芝浦",,4,17,21,25,,,,19,,,,,,
2005021305,"芝浦",,2,17,19,24,,,,17,,,,,,
2005021306,"芝浦",,3,22,25,17,,,,14,,,,,,
2005021307,"芝浦",,4,25,29,17,,,,17,,,,,,
2005021308,"芝浦",,10,30,40,10,,,,18,,,,,,
2005021309,"芝浦",,17,29,46,10,,,,15,,,,,,
2005021310,"芝浦",,16,26,42,16,,,,22,,,,,,
2005021311,"芝浦",,12,24,36,19,,,,21,,,,,,
2005021312,"芝浦",,24,28,52,17,,,,19,,,,,,
2005021313,"芝浦",,33,34,67,15,,,,23,,,,,,
2005021314,"芝浦",,25,32,57,16,,,,18,,,,,,
2005021315,"芝浦",,21,30,51,19,,,,22,,,,,,
2005021316,"芝浦",,29,35,64,16,,,,24,,,,,,
2005021317,"芝浦",,37,42,79,9,,,,36,,,,,,
2005021318,"芝浦",,19,39,58,9,,,,31,,,,,,
2005021319,"芝浦",,35,42,77,6,,,,45,,,,,,
2005021320,"芝浦",,26,40,66,5,,,,44,,,,,,
2005021321,"芝浦",,33,41,74,3,,,,52,,,,,,
2005021322,"芝浦",,41,42,83,3,,,,50,,,,,,
2005021323,"芝浦",,79,47,126,2,,,,61,,,,,,
2005021324,"芝浦",,49,43,92,2,,,,64,,,,,,
2005021401,"芝浦",,9999,9999,9999,9995,,,,46,,,,,,
2005021402,"芝浦",,8,29,37,11,,,,25,,,,,,
2005021403,"芝浦",,6,24,30,16,,,,16,,,,,,
2005021404,"芝浦",,6,22,28,18,,,,12,,,,,,
2005021405,"芝浦",,7,22,29,20,,,,8,,,,,,
2005021406,"芝浦",,4,22,26,19,,,,10,,,,,,
2005021407,"芝浦",,5,23,28,22,,,,14,,,,,,
2005021408,"芝浦",,17,28,45,21,,,,10,,,,,,
2005021409,"芝浦",,27,34,61,17,,,,16,,,,,,
2005021410,"芝浦",,27,31,58,21,,,,18,,,,,,
2005021411,"芝浦",,25,29,54,23,,,,13,,,,,,
2005021412,"芝浦",,15,23,38,28,,,,20,,,,,,
2005021413,"芝浦",,15,21,36,31,,,,24,,,,,,
2005021414,"芝浦",,20,25,45,28,,,,11,,,,,,
2005021415,"芝浦",,83,54,137,11,,,,31,,,,,,
2005021416,"芝浦",,56,54,110,9,,,,26,,,,,,
2005021417,"芝浦",,95,61,156,3,,,,33,,,,,,
2005021418,"芝浦",,41,53,94,5,,,,28,,,,,,
2005021419,"芝浦",,15,42,57,10,,,,21,,,,,,
2005021420,"芝浦",,15,39,54,12,,,,27,,,,,,
2005021421,"芝浦",,12,36,48,14,,,,23,,,,,,
2005021422,"芝浦",,12,37,49,12,,,,16,,,,,,
2005021423,"芝浦",,12,40,52,10,,,,24,,,,,,
2005021424,"芝浦",,10,41,51,5,,,,27,,,,,,
2005021501,"芝浦",,17,45,62,2,,,,31,,,,,,
2005021502,"芝浦",,13,43,56,4,,,,26,,,,,,
2005021503,"芝浦",,16,43,59,3,,,,29,,,,,,
2005021504,"芝浦",,10,37,47,10,,,,22,,,,,,
2005021505,"芝浦",,6,32,38,14,,,,21,,,,,,
2005021506,"芝浦",,21,42,63,5,,,,23,,,,,,
2005021507,"芝浦",,30,44,74,3,,,,28,,,,,,
2005021508,"芝浦",,55,47,102,4,,,,30,,,,,,
2005021509,"芝浦",,53,47,100,6,,,,22,,,,,,
2005021510,"芝浦",,69,53,122,6,,,,35,,,,,,
2005021511,"芝浦",,159,68,227,4,,,,53,,,,,,
2005021512,"芝浦",,212,73,285,4,,,,47,,,,,,
2005021513,"芝浦",,165,73,238,4,,,,69,,,,,,
2005021514,"芝浦",,137,68,205,4,,,,56,,,,,,
2005021515,"芝浦",,130,71,201,4,,,,58,,,,,,
2005021516,"芝浦",,147,77,224,3,,,,55,,,,,,
2005021517,"芝浦",,113,76,189,2,,,,56,,,,,,
2005021518,"芝浦",,75,70,145,2,,,,43,,,,,,
2005021519,"芝浦",,44,65,109,2,,,,37,,,,,,
2005021520,"芝浦",,47,65,112,2,,,,39,,,,,,
2005021521,"芝浦",,25,55,80,5,,,,37,,,,,,
2005021522,"芝浦",,12,39,51,14,,,,22,,,,,,
2005021523,"芝浦",,12,38,50,14,,,,22,,,,,,
2005021524,"芝浦",,16,46,62,4,,,,39,,,,,,
2005021601,"芝浦",,37,48,85,2,,,,36,,,,,,
2005021602,"芝浦",,21,36,57,11,,,,37,,,,,,
2005021603,"芝浦",,6,20,26,28,,,,40,,,,,,
2005021604,"芝浦",,10,21,31,28,,,,44,,,,,,
2005021605,"芝浦",,10,22,32,25,,,,49,,,,,,
2005021606,"芝浦",,13,24,37,23,,,,57,,,,,,
2005021607,"芝浦",,48,35,83,15,,,,48,,,,,,
2005021608,"芝浦",,26,32,58,16,,,,33,,,,,,
2005021609,"芝浦",,29,40,69,10,,,,40,,,,,,
2005021610,"芝浦",,36,45,81,5,,,,37,,,,,,
2005021611,"芝浦",,37,42,79,7,,,,32,,,,,,
2005021612,"芝浦",,37,39,76,8,,,,17,,,,,,
2005021613,"芝浦",,34,36,70,9,,,,17,,,,,,
2005021614,"芝浦",,32,38,70,9,,,,24,,,,,,
2005021615,"芝浦",,24,34,58,11,,,,20,,,,,,
2005021616,"芝浦",,22,33,55,12,,,,18,,,,,,
2005021617,"芝浦",,31,39,70,8,,,,17,,,,,,
2005021618,"芝浦",,24,35,59,11,,,,18,,,,,,
2005021619,"芝浦",,23,32,55,13,,,,19,,,,,,
2005021620,"芝浦",,18,35,53,10,,,,21,,,,,,
2005021621,"芝浦",,25,38,63,6,,,,21,,,,,,
2005021622,"芝浦",,17,30,47,12,,,,19,,,,,,
2005021623,"芝浦",,14,30,44,10,,,,12,,,,,,
2005021624,"芝浦",,9,26,35,11,,,,14,,,,,,
2005021701,"芝浦",,10,28,38,10,,,,14,,,,,,
2005021702,"芝浦",,9,31,40,8,,,,19,,,,,,
2005021703,"芝浦",,15,35,50,4,,,,13,,,,,,
2005021704,"芝浦",,24,37,61,2,,,,13,,,,,,
2005021705,"芝浦",,26,37,63,2,,,,22,,,,,,
2005021706,"芝浦",,27,36,63,2,,,,19,,,,,,
2005021707,"芝浦",,48,39,87,2,,,,21,,,,,,
2005021708,"芝浦",,84,43,127,2,,,,30,,,,,,
2005021709,"芝浦",,165,51,216,2,,,,29,,,,,,
2005021710,"芝浦",,195,55,250,2,,,,37,,,,,,
2005021711,"芝浦",,220,61,281,3,,,,52,,,,,,
2005021712,"芝浦",,210,66,276,3,,,,53,,,,,,
2005021713,"芝浦",,156,58,214,3,,,,48,,,,,,
2005021714,"芝浦",,125,56,181,4,,,,52,,,,,,
2005021715,"芝浦",,164,69,233,3,,,,57,,,,,,
2005021716,"芝浦",,143,75,218,2,,,,69,,,,,,
2005021717,"芝浦",,27,37,64,17,,,,26,,,,,,
2005021718,"芝浦",,38,39,77,13,,,,12,,,,,,
2005021719,"芝浦",,14,27,41,21,,,,10,,,,,,
2005021720,"芝浦",,13,25,38,21,,,,12,,,,,,
2005021721,"芝浦",,12,26,38,20,,,,10,,,,,,
2005021722,"芝浦",,15,30,45,15,,,,18,,,,,,
2005021723,"芝浦",,20,33,53,13,,,,17,,,,,,
2005021724,"芝浦",,11,27,38,16,,,,10,,,,,,
2005021801,"芝浦",,7,25,32,17,,,,7,,,,,,
2005021802,"芝浦",,8,23,31,19,,,,10,,,,,,
2005021803,"芝浦",,20,30,50,12,,,,5,,,,,,
2005021804,"芝浦",,24,30,54,13,,,,17,,,,,,
2005021805,"芝浦",,28,28,56,13,,,,18,,,,,,
2005021806,"芝浦",,30,28,58,13,,,,14,,,,,,
2005021807,"芝浦",,60,40,100,5,,,,26,,,,,,
2005021808,"芝浦",,57,41,98,6,,,,11,,,,,,
2005021809,"芝浦",,74,44,118,6,,,,18,,,,,,
2005021810,"芝浦",,83,44,127,8,,,,20,,,,,,
2005021811,"芝浦",,50,35,85,14,,,,19,,,,,,
2005021812,"芝浦",,42,31,73,17,,,,18,,,,,,
2005021813,"芝浦",,44,33,77,17,,,,20,,,,,,
2005021814,"芝浦",,9998,9998,9998,9998,,,,31,,,,,,
2005021815,"芝浦",,9998,9998,9998,7,,,,36,,,,,,
2005021816,"芝浦",,75,43,118,7,,,,22,,,,,,
2005021817,"芝浦",,79,46,125,5,,,,18,,,,,,
2005021818,"芝浦",,53,41,94,8,,,,18,,,,,,
2005021819,"芝浦",,27,29,56,15,,,,18,,,,,,
2005021820,"芝浦",,39,33,72,13,,,,11,,,,,,
2005021821,"芝浦",,11,25,36,19,,,,11,,,,,,
2005021822,"芝浦",,10,22,32,22,,,,23,,,,,,
2005021823,"芝浦",,9,22,31,21,,,,9,,,,,,
2005021824,"芝浦",,8,19,27,23,,,,24,,,,,,
2005021901,"芝浦",,7,20,27,21,,,,17,,,,,,
2005021902,"芝浦",,7,23,30,17,,,,17,,,,,,
2005021903,"芝浦",,5,23,28,16,,,,15,,,,,,
2005021904,"芝浦",,6,22,28,17,,,,10,,,,,,
2005021905,"芝浦",,4,20,24,18,,,,10,,,,,,
2005021906,"芝浦",,5,21,26,17,,,,13,,,,,,
2005021907,"芝浦",,6,26,32,12,,,,20,,,,,,
2005021908,"芝浦",,12,27,39,13,,,,15,,,,,,
2005021909,"芝浦",,21,32,53,12,,,,9,,,,,,
2005021910,"芝浦",,19,32,51,13,,,,22,,,,,,
2005021911,"芝浦",,20,31,51,12,,,,16,,,,,,
2005021912,"芝浦",,27,32,59,12,,,,21,,,,,,
2005021913,"芝浦",,22,32,54,12,,,,19,,,,,,
2005021914,"芝浦",,24,32,56,13,,,,24,,,,,,
2005021915,"芝浦",,24,32,56,12,,,,25,,,,,,
2005021916,"芝浦",,20,33,53,10,,,,35,,,,,,
2005021917,"芝浦",,24,38,62,6,,,,24,,,,,,
2005021918,"芝浦",,20,36,56,7,,,,17,,,,,,
2005021919,"芝浦",,20,36,56,6,,,,23,,,,,,
2005021920,"芝浦",,12,33,45,8,,,,19,,,,,,
2005021921,"芝浦",,8,29,37,10,,,,10,,,,,,
2005021922,"芝浦",,9,28,37,11,,,,20,,,,,,
2005021923,"芝浦",,7,26,33,14,,,,21,,,,,,
2005021924,"芝浦",,3,19,22,20,,,,6,,,,,,
2005022001,"芝浦",,3,21,24,19,,,,8,,,,,,
2005022002,"芝浦",,4,21,25,17,,,,19,,,,,,
2005022003,"芝浦",,4,21,25,15,,,,9,,,,,,
2005022004,"芝浦",,8,27,35,10,,,,15,,,,,,
2005022005,"芝浦",,10,31,41,5,,,,22,,,,,,
2005022006,"芝浦",,12,28,40,3,,,,18,,,,,,
2005022007,"芝浦",,22,27,49,3,,,,32,,,,,,
2005022008,"芝浦",,48,31,79,4,,,,20,,,,,,
2005022009,"芝浦",,47,34,81,3,,,,25,,,,,,
2005022010,"芝浦",,38,36,74,5,,,,28,,,,,,
2005022011,"芝浦",,6,23,29,19,,,,21,,,,,,
2005022012,"芝浦",,6,17,23,28,,,,13,,,,,,
2005022013,"芝浦",,5,14,19,32,,,,6,,,,,,
2005022014,"芝浦",,6,20,26,27,,,,5,,,,,,
2005022015,"芝浦",,6,20,26,28,,,,7,,,,,,
2005022016,"芝浦",,5,21,26,28,,,,17,,,,,,
2005022017,"芝浦",,6,26,32,23,,,,9,,,,,,
2005022018,"芝浦",,4,25,29,24,,,,8,,,,,,
2005022019,"芝浦",,5,20,25,28,,,,10,,,,,,
2005022020,"芝浦",,4,18,22,30,,,,5,,,,,,
2005022021,"芝浦",,4,20,24,26,,,,16,,,,,,
2005022022,"芝浦",,11,23,34,24,,,,10,,,,,,
2005022023,"芝浦",,10,24,34,22,,,,18,,,,,,
2005022024,"芝浦",,10,23,33,22,,,,19,,,,,,
2005022101,"芝浦",,9999,9999,9999,9995,,,,16,,,,,,
2005022102,"芝浦",,5,15,20,27,,,,13,,,,,,
2005022103,"芝浦",,13,20,33,23,,,,24,,,,,,
2005022104,"芝浦",,10,18,28,24,,,,20,,,,,,
2005022105,"芝浦",,15,22,37,20,,,,11,,,,,,
2005022106,"芝浦",,34,31,65,13,,,,18,,,,,,
2005022107,"芝浦",,34,35,69,9,,,,23,,,,,,
2005022108,"芝浦",,64,42,106,5,,,,21,,,,,,
2005022109,"芝浦",,88,46,134,6,,,,26,,,,,,
2005022110,"芝浦",,35,35,70,14,,,,26,,,,,,
2005022111,"芝浦",,32,33,65,18,,,,13,,,,,,
2005022112,"芝浦",,45,36,81,19,,,,15,,,,,,
2005022113,"芝浦",,65,44,109,13,,,,24,,,,,,
2005022114,"芝浦",,85,52,137,9,,,,18,,,,,,
2005022115,"芝浦",,92,54,146,8,,,,34,,,,,,
2005022116,"芝浦",,94,59,153,6,,,,30,,,,,,
2005022117,"芝浦",,89,59,148,5,,,,36,,,,,,
2005022118,"芝浦",,87,61,148,3,,,,34,,,,,,
2005022119,"芝浦",,61,55,116,4,,,,38,,,,,,
2005022120,"芝浦",,48,46,94,4,,,,38,,,,,,
2005022121,"芝浦",,24,41,65,9,,,,32,,,,,,
2005022122,"芝浦",,15,31,46,20,,,,14,,,,,,
2005022123,"芝浦",,11,25,36,25,,,,8,,,,,,
2005022124,"芝浦",,7,22,29,25,,,,12,,,,,,
2005022201,"芝浦",,6,24,30,22,,,,13,,,,,,
2005022202,"芝浦",,6,26,32,20,,,,7,,,,,,
2005022203,"芝浦",,6,24,30,21,,,,13,,,,,,
2005022204,"芝浦",,3,22,25,22,,,,11,,,,,,
2005022205,"芝浦",,4,25,29,19,,,,6,,,,,,
2005022206,"芝浦",,9,34,43,11,,,,11,,,,,,
2005022207,"芝浦",,13,38,51,9,,,,21,,,,,,
2005022208,"芝浦",,28,39,67,10,,,,11,,,,,,
2005022209,"芝浦",,23,33,56,18,,,,12,,,,,,
2005022210,"芝浦",,23,32,55,19,,,,7,,,,,,
2005022211,"芝浦",,31,35,66,18,,,,13,,,,,,
2005022212,"芝浦",,36,39,75,15,,,,11,,,,,,
2005022213,"芝浦",,75,48,123,11,,,,31,,,,,,
2005022214,"芝浦",,75,54,129,10,,,,31,,,,,,
2005022215,"芝浦",,75,53,128,10,,,,30,,,,,,
2005022216,"芝浦",,56,53,109,10,,,,24,,,,,,
2005022217,"芝浦",,62,57,119,7,,,,40,,,,,,
2005022218,"芝浦",,74,56,130,6,,,,34,,,,,,
2005022219,"芝浦",,62,53,115,7,,,,29,,,,,,
2005022220,"芝浦",,34,42,76,12,,,,15,,,,,,
2005022221,"芝浦",,21,38,59,14,,,,25,,,,,,
2005022222,"芝浦",,23,38,61,13,,,,24,,,,,,
2005022223,"芝浦",,49,48,97,4,,,,33,,,,,,
2005022224,"芝浦",,21,44,65,5,,,,21,,,,,,
2005022301,"芝浦",,6,30,36,17,,,,21,,,,,,
2005022302,"芝浦",,6,29,35,16,,,,20,,,,,,
2005022303,"芝浦",,9,36,45,9,,,,20,,,,,,
2005022304,"芝浦",,18,42,60,3,,,,20,,,,,,
2005022305,"芝浦",,35,44,79,3,,,,26,,,,,,
2005022306,"芝浦",,6,27,33,21,,,,17,,,,,,
2005022307,"芝浦",,4,17,21,33,,,,18,,,,,,
2005022308,"芝浦",,10,25,35,26,,,,18,,,,,,
2005022309,"芝浦",,17,26,43,26,,,,19,,,,,,
2005022310,"芝浦",,14,23,37,29,,,,7,,,,,,
2005022311,"芝浦",,12,21,33,31,,,,23,,,,,,
2005022312,"芝浦",,12,20,32,33,,,,18,,,,,,
2005022313,"芝浦",,10,18,28,37,,,,21,,,,,,
2005022314,"芝浦",,19,26,45,30,,,,26,,,,,,
2005022315,"芝浦",,10,23,33,32,,,,34,,,,,,
2005022316,"芝浦",,7,19,26,37,,,,38,,,,,,
2005022317,"芝浦",,6,23,29,32,,,,43,,,,,,
2005022318,"芝浦",,4,24,28,30,,,,61,,,,,,
2005022319,"芝浦",,11,32,43,21,,,,81,,,,,,
2005022320,"芝浦",,13,38,51,15,,,,42,,,,,,
2005022321,"芝浦",,14,39,53,14,,,,37,,,,,,
2005022322,"芝浦",,20,44,64,9,,,,31,,,,,,
2005022323,"芝浦",,17,43,60,10,,,,38,,,,,,
2005022324,"芝浦",,13,42,55,10,,,,39,,,,,,
2005022401,"芝浦",,16,44,60,8,,,,41,,,,,,
2005022402,"芝浦",,10,35,45,15,,,,44,,,,,,
2005022403,"芝浦",,10,27,37,22,,,,47,,,,,,
2005022404,"芝浦",,11,32,43,18,,,,43,,,,,,
2005022405,"芝浦",,8,29,37,21,,,,34,,,,,,
2005022406,"芝浦",,13,33,46,17,,,,25,,,,,,
2005022407,"芝浦",,20,36,56,15,,,,32,,,,,,
2005022408,"芝浦",,31,44,75,10,,,,26,,,,,,
2005022409,"芝浦",,29,40,69,13,,,,22,,,,,,
2005022410,"芝浦",,91,51,142,7,,,,35,,,,,,
2005022411,"芝浦",,93,50,143,6,,,,36,,,,,,
2005022412,"芝浦",,90,49,139,9,,,,27,,,,,,
2005022413,"芝浦",,32,34,66,20,,,,31,,,,,,
2005022414,"芝浦",,61,46,107,12,,,,35,,,,,,
2005022415,"芝浦",,78,49,127,9,,,,30,,,,,,
2005022416,"芝浦",,53,45,98,12,,,,32,,,,,,
2005022417,"芝浦",,48,41,89,15,,,,26,,,,,,
2005022418,"芝浦",,32,35,67,18,,,,29,,,,,,
2005022419,"芝浦",,18,31,49,21,,,,27,,,,,,
2005022420,"芝浦",,10,28,38,23,,,,23,,,,,,
2005022421,"芝浦",,10,26,36,24,,,,31,,,,,,
2005022422,"芝浦",,16,31,47,18,,,,27,,,,,,
2005022423,"芝浦",,17,30,47,18,,,,23,,,,,,
2005022424,"芝浦",,15,31,46,15,,,,22,,,,,,
2005022501,"芝浦",,11,29,40,16,,,,21,,,,,,
2005022502,"芝浦",,10,27,37,19,,,,13,,,,,,
2005022503,"芝浦",,9,25,34,21,,,,13,,,,,,
2005022504,"芝浦",,11,24,35,17,,,,23,,,,,,
2005022505,"芝浦",,11,23,34,16,,,,23,,,,,,
2005022506,"芝浦",,16,29,45,10,,,,25,,,,,,
2005022507,"芝浦",,15,32,47,8,,,,23,,,,,,
2005022508,"芝浦",,48,41,89,8,,,,24,,,,,,
2005022509,"芝浦",,47,40,87,9,,,,21,,,,,,
2005022510,"芝浦",,48,41,89,11,,,,21,,,,,,
2005022511,"芝浦",,57,43,100,9,,,,22,,,,,,
2005022512,"芝浦",,86,47,133,8,,,,24,,,,,,
2005022513,"芝浦",,115,52,167,5,,,,31,,,,,,
2005022514,"芝浦",,82,49,131,5,,,,31,,,,,,
2005022515,"芝浦",,9998,9998,9998,9998,,,,9998,,,,,,
2005022516,"芝浦",,76,55,131,5,,,,34,,,,,,
2005022517,"芝浦",,73,57,130,3,,,,30,,,,,,
2005022518,"芝浦",,82,51,133,2,,,,35,,,,,,
2005022519,"芝浦",,59,48,107,2,,,,34,,,,,,
2005022520,"芝浦",,46,46,92,2,,,,41,,,,,,
2005022521,"芝浦",,31,43,74,3,,,,42,,,,,,
2005022522,"芝浦",,32,43,75,2,,,,44,,,,,,
2005022523,"芝浦",,27,42,69,2,,,,53,,,,,,
2005022524,"芝浦",,56,44,100,2,,,,59,,,,,,
2005022601,"芝浦",,61,44,105,2,,,,49,,,,,,
2005022602,"芝浦",,33,41,74,2,,,,60,,,,,,
2005022603,"芝浦",,53,42,95,2,,,,52,,,,,,
2005022604,"芝浦",,25,38,63,4,,,,34,,,,,,
2005022605,"芝浦",,6,26,32,14,,,,22,,,,,,
2005022606,"芝浦",,6,17,23,28,,,,8,,,,,,
2005022607,"芝浦",,11,22,33,25,,,,5,,,,,,
2005022608,"芝浦",,15,25,40,25,,,,7,,,,,,
2005022609,"芝浦",,18,24,42,27,,,,7,,,,,,
2005022610,"芝浦",,18,23,41,30,,,,13,,,,,,
2005022611,"芝浦",,20,23,43,30,,,,11,,,,,,
2005022612,"芝浦",,16,21,37,32,,,,7,,,,,,
2005022613,"芝浦",,23,25,48,30,,,,14,,,,,,
2005022614,"芝浦",,20,24,44,31,,,,14,,,,,,
2005022615,"芝浦",,16,22,38,32,,,,7,,,,,,
2005022616,"芝浦",,13,21,34,33,,,,14,,,,,,
2005022617,"芝浦",,15,25,40,28,,,,16,,,,,,
2005022618,"芝浦",,16,25,41,28,,,,11,,,,,,
2005022619,"芝浦",,13,24,37,28,,,,17,,,,,,
2005022620,"芝浦",,10,18,28,31,,,,18,,,,,,
2005022621,"芝浦",,7,17,24,33,,,,19,,,,,,
2005022622,"芝浦",,10,19,29,31,,,,10,,,,,,
2005022623,"芝浦",,6,17,23,31,,,,23,,,,,,
2005022624,"芝浦",,2,16,18,30,,,,14,,,,,,
2005022701,"芝浦",,4,22,26,23,,,,21,,,,,,
2005022702,"芝浦",,7,24,31,21,,,,17,,,,,,
2005022703,"芝浦",,4,29,33,14,,,,14,,,,,,
2005022704,"芝浦",,3,26,29,17,,,,17,,,,,,
2005022705,"芝浦",,2,24,26,20,,,,16,,,,,,
2005022706,"芝浦",,3,19,22,25,,,,14,,,,,,
2005022707,"芝浦",,5,22,27,22,,,,14,,,,,,
2005022708,"芝浦",,7,18,25,28,,,,3,,,,,,
2005022709,"芝浦",,5,12,17,34,,,,9,,,,,,
2005022710,"芝浦",,5,10,15,37,,,,2,,,,,,
2005022711,"芝浦",,3,7,10,40,,,,2,,,,,,
2005022712,"芝浦",,4,7,11,41,,,,4,,,,,,
2005022713,"芝浦",,3,7,10,43,,,,17,,,,,,
2005022714,"芝浦",,3,7,10,44,,,,15,,,,,,
2005022715,"芝浦",,4,10,14,42,,,,10,,,,,,
2005022716,"芝浦",,13,25,38,30,,,,16,,,,,,
2005022717,"芝浦",,36,45,81,15,,,,32,,,,,,
2005022718,"芝浦",,22,42,64,15,,,,30,,,,,,
2005022719,"芝浦",,22,41,63,15,,,,30,,,,,,
2005022720,"芝浦",,4,30,34,23,,,,29,,,,,,
2005022721,"芝浦",,2,22,24,30,,,,25,,,,,,
2005022722,"芝浦",,4,31,35,19,,,,16,,,,,,
2005022723,"芝浦",,7,35,42,13,,,,12,,,,,,
2005022724,"芝浦",,5,34,39,11,,,,18,,,,,,
2005022801,"芝浦",,9999,9999,9999,9995,,,,21,,,,,,
2005022802,"芝浦",,6,36,42,5,,,,18,,,,,,
2005022803,"芝浦",,7,32,39,9,,,,26,,,,,,
2005022804,"芝浦",,7,25,32,14,,,,23,,,,,,
2005022805,"芝浦",,8,24,32,18,,,,22,,,,,,
2005022806,"芝浦",,5,29,34,12,,,,19,,,,,,
2005022807,"芝浦",,9,32,41,10,,,,12,,,,,,
2005022808,"芝浦",,19,35,54,13,,,,19,,,,,,
2005022809,"芝浦",,22,33,55,16,,,,12,,,,,,
2005022810,"芝浦",,102,54,156,6,,,,18,,,,,,
2005022811,"芝浦",,187,66,253,5,,,,36,,,,,,
2005022812,"芝浦",,208,72,280,4,,,,47,,,,,,
2005022813,"芝浦",,147,68,215,5,,,,52,,,,,,
2005022814,"芝浦",,107,72,179,8,,,,52,,,,,,
2005022815,"芝浦",,100,70,170,8,,,,50,,,,,,
2005022816,"芝浦",,110,70,180,6,,,,45,,,,,,
2005022817,"芝浦",,95,72,167,4,,,,43,,,,,,
2005022818,"芝浦",,49,64,113,4,,,,30,,,,,,
2005022819,"芝浦",,82,67,149,2,,,,41,,,,,,
2005022820,"芝浦",,75,66,141,2,,,,39,,,,,,
2005022821,"芝浦",,44,62,106,2,,,,43,,,,,,
2005022822,"芝浦",,25,53,78,5,,,,39,,,,,,
2005022823,"芝浦",,10,29,39,22,,,,19,,,,,,
2005022824,"芝浦",,3,21,24,27,,,,12,,,,,,
2005010101,"芝浦",,63,40,103,2,,,,17,,,,,,
2005010102,"芝浦",,53,38,91,2,,,,22,,,,,,
2005010103,"芝浦",,62,37,99,2,,,,26,,,,,,
2005010104,"芝浦",,71,37,108,2,,,,37,,,,,,
2005010105,"芝浦",,47,36,83,2,,,,30,,,,,,
2005010106,"芝浦",,32,33,65,2,,,,28,,,,,,
2005010107,"芝浦",,19,28,47,2,,,,23,,,,,,
2005010108,"芝浦",,12,24,36,10,,,,10,,,,,,
2005010109,"芝浦",,6,13,19,21,,,,9,,,,,,
2005010110,"芝浦",,5,10,15,27,,,,8,,,,,,
2005010111,"芝浦",,4,9,13,31,,,,8,,,,,,
2005010112,"芝浦",,3,8,11,34,,,,8,,,,,,
2005010113,"芝浦",,3,7,10,36,,,,11,,,,,,
2005010114,"芝浦",,3,8,11,37,,,,11,,,,,,
2005010115,"芝浦",,3,9,12,36,,,,7,,,,,,
2005010116,"芝浦",,3,11,14,33,,,,11,,,,,,
2005010117,"芝浦",,3,12,15,31,,,,13,,,,,,
2005010118,"芝浦",,2,12,14,30,,,,5,,,,,,
2005010119,"芝浦",,2,10,12,32,,,,5,,,,,,
2005010120,"芝浦",,2,11,13,30,,,,5,,,,,,
2005010121,"芝浦",,2,12,14,29,,,,7,,,,,,
2005010122,"芝浦",,2,13,15,28,,,,11,,,,,,
2005010123,"芝浦",,2,14,16,28,,,,9,,,,,,
2005010124,"芝浦",,1,12,13,29,,,,6,,,,,,
2005010201,"芝浦",,2,13,15,27,,,,4,,,,,,
2005010202,"芝浦",,2,11,13,28,,,,7,,,,,,
2005010203,"芝浦",,1,12,13,27,,,,9,,,,,,
2005010204,"芝浦",,1,17,18,21,,,,13,,,,,,
2005010205,"芝浦",,1,19,20,17,,,,14,,,,,,
2005010206,"芝浦",,1,16,17,19,,,,16,,,,,,
2005010207,"芝浦",,13,30,43,7,,,,8,,,,,,
2005010208,"芝浦",,6,24,30,14,,,,10,,,,,,
2005010209,"芝浦",,18,28,46,11,,,,19,,,,,,
2005010210,"芝浦",,14,24,38,18,,,,12,,,,,,
2005010211,"芝浦",,20,26,46,17,,,,7,,,,,,
2005010212,"芝浦",,26,29,55,15,,,,4,,,,,,
2005010213,"芝浦",,22,28,50,19,,,,25,,,,,,
2005010214,"芝浦",,11,20,31,26,,,,15,,,,,,
2005010215,"芝浦",,15,25,40,24,,,,4,,,,,,
2005010216,"芝浦",,23,39,62,16,,,,17,,,,,,
2005010217,"芝浦",,17,39,56,16,,,,16,,,,,,
2005010218,"芝浦",,10,42,52,7,,,,17,,,,,,
2005010219,"芝浦",,17,40,57,8,,,,13,,,,,,
2005010220,"芝浦",,22,35,57,12,,,,18,,,,,,
2005010221,"芝浦",,19,36,55,10,,,,14,,,,,,
2005010222,"芝浦",,30,45,75,3,,,,31,,,,,,
2005010223,"芝浦",,72,49,121,2,,,,36,,,,,,
2005010224,"芝浦",,41,44,85,2,,,,27,,,,,,
2005010301,"芝浦",,9999,9999,9999,9995,,,,29,,,,,,
2005010302,"芝浦",,15,36,51,2,,,,23,,,,,,
2005010303,"芝浦",,11,35,46,3,,,,13,,,,,,
2005010304,"芝浦",,26,37,63,2,,,,22,,,,,,
2005010305,"芝浦",,20,37,57,2,,,,19,,,,,,
2005010306,"芝浦",,48,38,86,2,,,,33,,,,,,
2005010307,"芝浦",,39,36,75,2,,,,23,,,,,,
2005010308,"芝浦",,54,38,92,2,,,,17,,,,,,
2005010309,"芝浦",,48,34,82,4,,,,30,,,,,,
2005010310,"芝浦",,46,35,81,5,,,,21,,,,,,
2005010311,"芝浦",,82,43,125,6,,,,23,,,,,,
2005010312,"芝浦",,18,20,38,28,,,,7,,,,,,
2005010313,"芝浦",,2,7,9,40,,,,15,,,,,,
2005010314,"芝浦",,2,8,10,40,,,,14,,,,,,
2005010315,"芝浦",,2,9,11,38,,,,15,,,,,,
2005010316,"芝浦",,2,9,11,39,,,,18,,,,,,
2005010317,"芝浦",,2,10,12,37,,,,9,,,,,,
2005010318,"芝浦",,2,11,13,36,,,,15,,,,,,
2005010319,"芝浦",,2,12,14,35,,,,11,,,,,,
2005010320,"芝浦",,2,10,12,36,,,,15,,,,,,
2005010321,"芝浦",,3,14,17,32,,,,10,,,,,,
2005010322,"芝浦",,14,35,49,11,,,,32,,,,,,
2005010323,"芝浦",,36,45,81,2,,,,24,,,,,,
2005010324,"芝浦",,51,46,97,2,,,,31,,,,,,
2005010401,"芝浦",,12,40,52,5,,,,29,,,,,,
2005010402,"芝浦",,3,20,23,24,,,,15,,,,,,
2005010403,"芝浦",,2,8,10,36,,,,11,,,,,,
2005010404,"芝浦",,1,5,6,38,,,,18,,,,,,
2005010405,"芝浦",,2,6,8,37,,,,11,,,,,,
2005010406,"芝浦",,5,15,20,29,,,,9,,,,,,
2005010407,"芝浦",,8,23,31,22,,,,7,,,,,,
2005010408,"芝浦",,37,29,66,11,,,,28,,,,,,
2005010409,"芝浦",,93,38,131,3,,,,38,,,,,,
2005010410,"芝浦",,96,42,138,5,,,,26,,,,,,
2005010411,"芝浦",,189,56,245,4,,,,21,,,,,,
2005010412,"芝浦",,16,24,40,23,,,,11,,,,,,
2005010413,"芝浦",,11,21,32,27,,,,17,,,,,,
2005010414,"芝浦",,8,16,24,33,,,,17,,,,,,
2005010415,"芝浦",,11,20,31,30,,,,21,,,,,,
2005010416,"芝浦",,19,41,60,12,,,,26,,,,,,
2005010417,"芝浦",,12,28,40,21,,,,10,,,,,,
2005010418,"芝浦",,11,26,37,22,,,,20,,,,,,
2005010419,"芝浦",,8,18,26,29,,,,12,,,,,,
2005010420,"芝浦",,7,15,22,31,,,,15,,,,,,
2005010421,"芝浦",,6,14,20,31,,,,13,,,,,,
2005010422,"芝浦",,5,13,18,32,,,,8,,,,,,
2005010423,"芝浦",,3,13,16,31,,,,12,,,,,,
2005010424,"芝浦",,2,9,11,32,,,,27,,,,,,
2005010501,"芝浦",,3,10,13,31,,,,12,,,,,,
2005010502,"芝浦",,3,9,12,32,,,,7,,,,,,
2005010503,"芝浦",,4,7,11,33,,,,3,,,,,,
2005010504,"芝浦",,2,7,9,33,,,,4,,,,,,
2005010505,"芝浦",,2,7,9,34,,,,4,,,,,,
2005010506,"芝浦",,4,12,16,29,,,,19,,,,,,
2005010507,"芝浦",,7,21,28,21,,,,13,,,,,,
2005010508,"芝浦",,13,25,38,20,,,,13,,,,,,
2005010509,"芝浦",,17,24,41,22,,,,9,,,,,,
2005010510,"芝浦",,15,23,38,22,,,,8,,,,,,
2005010511,"芝浦",,13,17,30,28,,,,6,,,,,,
2005010512,"芝浦",,12,16,28,30,,,,10,,,,,,
2005010513,"芝浦",,14,18,32,28,,,,11,,,,,,
2005010514,"芝浦",,14,18,32,29,,,,17,,,,,,
2005010515,"芝浦",,14,19,33,27,,,,8,,,,,,
2005010516,"芝浦",,20,25,45,22,,,,6,,,,,,
2005010517,"芝浦",,14,23,37,24,,,,10,,,,,,
2005010518,"芝浦",,21,29,50,18,,,,12,,,,,,
2005010519,"芝浦",,16,31,47,15,,,,15,,,,,,
2005010520,"芝浦",,12,29,41,15,,,,18,,,,,,
2005010521,"芝浦",,14,33,47,12,,,,8,,,,,,
2005010522,"芝浦",,11,31,42,13,,,,18,,,,,,
2005010523,"芝浦",,15,37,52,10,,,,12,,,,,,
2005010524,"芝浦",,14,38,52,5,,,,15,,,,,,
2005010601,"芝浦",,9,36,45,6,,,,20,,,,,,
2005010602,"芝浦",,26,40,66,3,,,,16,,,,,,
2005010603,"芝浦",,42,42,84,2,,,,18,,,,,,
2005010604,"芝浦",,27,39,66,3,,,,14,,,,,,
2005010605,"芝浦",,43,41,84,2,,,,19,,,,,,
2005010606,"芝浦",,62,41,103,2,,,,18,,,,,,
2005010607,"芝浦",,48,41,89,2,,,,29,,,,,,
2005010608,"芝浦",,59,43,102,3,,,,32,,,,,,
2005010609,"芝浦",,52,39,91,4,,,,29,,,,,,
2005010610,"芝浦",,73,43,116,4,,,,27,,,,,,
2005010611,"芝浦",,96,50,146,3,,,,23,,,,,,
2005010612,"芝浦",,90,50,140,4,,,,29,,,,,,
2005010613,"芝浦",,74,49,123,4,,,,41,,,,,,
2005010614,"芝浦",,73,49,122,4,,,,42,,,,,,
2005010615,"芝浦",,46,45,91,3,,,,30,,,,,,
2005010616,"芝浦",,63,47,110,2,,,,42,,,,,,
2005010617,"芝浦",,115,52,167,2,,,,31,,,,,,
2005010618,"芝浦",,165,57,222,2,,,,51,,,,,,
2005010619,"芝浦",,130,54,184,2,,,,47,,,,,,
2005010620,"芝浦",,66,47,113,2,,,,40,,,,,,
2005010621,"芝浦",,46,46,92,2,,,,42,,,,,,
2005010622,"芝浦",,32,45,77,2,,,,26,,,,,,
2005010623,"芝浦",,49,47,96,2,,,,38,,,,,,
2005010624,"芝浦",,65,48,113,2,,,,35,,,,,,
2005010701,"芝浦",,64,45,109,2,,,,40,,,,,,
2005010702,"芝浦",,74,45,119,2,,,,48,,,,,,
2005010703,"芝浦",,137,50,187,2,,,,51,,,,,,
2005010704,"芝浦",,122,47,169,2,,,,42,,,,,,
2005010705,"芝浦",,141,47,188,2,,,,50,,,,,,
2005010706,"芝浦",,161,49,210,2,,,,45,,,,,,
2005010707,"芝浦",,280,61,341,2,,,,51,,,,,,
2005010708,"芝浦",,364,73,437,2,,,,69,,,,,,
2005010709,"芝浦",,228,63,291,2,,,,47,,,,,,
2005010710,"芝浦",,286,83,369,2,,,,78,,,,,,
2005010711,"芝浦",,296,92,388,2,,,,82,,,,,,
2005010712,"芝浦",,255,91,346,2,,,,78,,,,,,
2005010713,"芝浦",,237,94,331,2,,,,92,,,,,,
2005010714,"芝浦",,195,87,282,3,,,,75,,,,,,
2005010715,"芝浦",,9998,9998,9998,9998,,,,9998,,,,,,
2005010716,"芝浦",,278,92,370,2,,,,9998,,,,,,
2005010717,"芝浦",,350,99,449,2,,,,121,,,,,,
2005010718,"芝浦",,197,73,270,3,,,,71,,,,,,
2005010719,"芝浦",,21,33,54,11,,,,23,,,,,,
2005010720,"芝浦",,16,31,47,12,,,,17,,,,,,
2005010721,"芝浦",,13,25,38,16,,,,12,,,,,,
2005010722,"芝浦",,9,21,30,20,,,,10,,,,,,
2005010723,"芝浦",,7,20,27,21,,,,9,,,,,,
2005010724,"芝浦",,5,17,22,22,,,,9,,,,,,
2005010801,"芝浦",,6,17,23,24,,,,19,,,,,,
2005010802,"芝浦",,8,19,27,21,,,,11,,,,,,
2005010803,"芝浦",,9,17,26,22,,,,9,,,,,,
2005010804,"芝浦",,4,15,19,23,,,,16,,,,,,
2005010805,"芝浦",,4,12,16,25,,,,7,,,,,,
2005010806,"芝浦",,3,11,14,26,,,,10,,,,,,
2005010807,"芝浦",,3,14,17,23,,,,5,,,,,,
2005010808,"芝浦",,7,17,24,22,,,,6,,,,,,
2005010809,"芝浦",,13,22,35,19,,,,15,,,,,,
2005010810,"芝浦",,15,20,35,22,,,,8,,,,,,
2005010811,"芝浦",,14,18,32,24,,,,8,,,,,,
2005010812,"芝浦",,17,20,37,24,,,,15,,,,,,
2005010813,"芝浦",,14,16,30,28,,,,19,,,,,,
2005010814,"芝浦",,16,19,35,27,,,,15,,,,,,
2005010815,"芝浦",,13,19,32,27,,,,6,,,,,,
2005010816,"芝浦",,14,21,35,24,,,,12,,,,,,
2005010817,"芝浦",,14,22,36,23,,,,10,,,,,,
2005010818,"芝浦",,14,24,38,20,,,,10,,,,,,
2005010819,"芝浦",,10,24,34,18,,,,11,,,,,,
2005010820,"芝浦",,9,25,34,16,,,,8,,,,,,
2005010821,"芝浦",,8,29,37,12,,,,17,,,,,,
2005010822,"芝浦",,30,34,64,6,,,,11,,,,,,
2005010823,"芝浦",,19,32,51,7,,,,16,,,,,,
2005010824,"芝浦",,7,28,35,11,,,,18,,,,,,
2005010901,"芝浦",,12,32,44,7,,,,16,,,,,,
2005010902,"芝浦",,25,38,63,2,,,,18,,,,,,
2005010903,"芝浦",,36,38,74,2,,,,19,,,,,,
2005010904,"芝浦",,46,38,84,2,,,,21,,,,,,
2005010905,"芝浦",,34,38,72,2,,,,25,,,,,,
2005010906,"芝浦",,33,38,71,2,,,,25,,,,,,
2005010907,"芝浦",,51,38,89,2,,,,25,,,,,,
2005010908,"芝浦",,51,33,84,3,,,,23,,,,,,
2005010909,"芝浦",,58,33,91,4,,,,17,,,,,,
2005010910,"芝浦",,43,33,76,7,,,,18,,,,,,
2005010911,"芝浦",,16,23,39,18,,,,20,,,,,,
2005010912,"芝浦",,10,20,30,23,,,,19,,,,,,
2005010913,"芝浦",,8,18,26,28,,,,21,,,,,,
2005010914,"芝浦",,4,10,14,32,,,,17,,,,,,
2005010915,"芝浦",,3,6,9,32,,,,9,,,,,,
2005010916,"芝浦",,3,7,10,31,,,,12,,,,,,
2005010917,"芝浦",,3,9,12,29,,,,7,,,,,,
2005010918,"芝浦",,3,12,15,25,,,,4,,,,,,
2005010919,"芝浦",,6,13,19,23,,,,3,,,,,,
2005010920,"芝浦",,4,11,15,25,,,,7,,,,,,
2005010921,"芝浦",,4,13,17,23,,,,13,,,,,,
2005010922,"芝浦",,3,14,17,22,,,,9,,,,,,
2005010923,"芝浦",,4,12,16,24,,,,8,,,,,,
2005010924,"芝浦",,3,11,14,24,,,,15,,,,,,
2005011001,"芝浦",,9999,9999,9999,9995,,,,6,,,,,,
2005011002,"芝浦",,1,11,12,26,,,,8,,,,,,
2005011003,"芝浦",,1,10,11,26,,,,15,,,,,,
2005011004,"芝浦",,2,12,14,23,,,,9,,,,,,
2005011005,"芝浦",,1,11,12,25,,,,10,,,,,,
2005011006,"芝浦",,2,11,13,24,,,,12,,,,,,
2005011007,"芝浦",,2,15,17,21,,,,10,,,,,,
2005011008,"芝浦",,4,17,21,19,,,,6,,,,,,
2005011009,"芝浦",,8,20,28,18,,,,5,,,,,,
2005011010,"芝浦",,13,23,36,17,,,,8,,,,,,
2005011011,"芝浦",,24,29,53,13,,,,8,,,,,,
2005011012,"芝浦",,48,34,82,11,,,,18,,,,,,
2005011013,"芝浦",,42,36,78,12,,,,25,,,,,,
2005011014,"芝浦",,23,30,53,17,,,,20,,,,,,
2005011015,"芝浦",,20,28,48,19,,,,20,,,,,,
2005011016,"芝浦",,12,23,35,21,,,,13,,,,,,
2005011017,"芝浦",,4,18,22,25,,,,16,,,,,,
2005011018,"芝浦",,4,21,25,20,,,,15,,,,,,
2005011019,"芝浦",,3,26,29,15,,,,17,,,,,,
2005011020,"芝浦",,2,22,24,18,,,,11,,,,,,
2005011021,"芝浦",,4,30,34,10,,,,13,,,,,,
2005011022,"芝浦",,6,35,41,6,,,,12,,,,,,
2005011023,"芝浦",,8,38,46,4,,,,19,,,,,,
2005011024,"芝浦",,11,37,48,4,,,,14,,,,,,
2005011101,"芝浦",,5,26,31,14,,,,17,,,,,,
2005011102,"芝浦",,2,22,24,16,,,,15,,,,,,
2005011103,"芝浦",,2,20,22,18,,,,10,,,,,,
2005011104,"芝浦",,2,18,20,20,,,,14,,,,,,
2005011105,"芝浦",,2,21,23,16,,,,8,,,,,,
2005011106,"芝浦",,10,32,42,6,,,,19,,,,,,
2005011107,"芝浦",,28,37,65,2,,,,22,,,,,,
2005011108,"芝浦",,41,37,78,4,,,,13,,,,,,
2005011109,"芝浦",,57,40,97,5,,,,17,,,,,,
2005011110,"芝浦",,82,44,126,5,,,,19,,,,,,
2005011111,"芝浦",,153,55,208,4,,,,23,,,,,,
2005011112,"芝浦",,37,38,75,13,,,,18,,,,,,
2005011113,"芝浦",,53,37,90,15,,,,21,,,,,,
2005011114,"芝浦",,85,56,141,5,,,,30,,,,,,
2005011115,"芝浦",,32,38,70,13,,,,18,,,,,,
2005011116,"芝浦",,23,31,54,16,,,,18,,,,,,
2005011117,"芝浦",,20,31,51,16,,,,17,,,,,,
2005011118,"芝浦",,24,38,62,9,,,,13,,,,,,
2005011119,"芝浦",,22,38,60,7,,,,15,,,,,,
2005011120,"芝浦",,43,40,83,3,,,,22,,,,,,
2005011121,"芝浦",,49,41,90,3,,,,26,,,,,,
2005011122,"芝浦",,41,41,82,2,,,,31,,,,,,
2005011123,"芝浦",,76,43,119,2,,,,22,,,,,,
2005011124,"芝浦",,49,42,91,2,,,,22,,,,,,
2005011201,"芝浦",,138,51,189,2,,,,38,,,,,,
2005011202,"芝浦",,118,47,165,2,,,,27,,,,,,
2005011203,"芝浦",,86,45,131,2,,,,30,,,,,,
2005011204,"芝浦",,63,42,105,2,,,,21,,,,,,
2005011205,"芝浦",,52,38,90,2,,,,30,,,,,,
2005011206,"芝浦",,66,39,105,2,,,,23,,,,,,
2005011207,"芝浦",,65,39,104,2,,,,22,,,,,,
2005011208,"芝浦",,65,40,105,2,,,,18,,,,,,
2005011209,"芝浦",,76,44,120,4,,,,17,,,,,,
2005011210,"芝浦",,85,50,135,5,,,,31,,,,,,
2005011211,"芝浦",,76,51,127,6,,,,37,,,,,,
2005011212,"芝浦",,30,30,60,16,,,,22,,,,,,
2005011213,"芝浦",,15,17,32,24,,,,19,,,,,,
2005011214,"芝浦",,18,19,37,22,,,,9,,,,,,
2005011215,"芝浦",,24,24,48,18,,,,15,,,,,,
2005011216,"芝浦",,16,22,38,21,,,,14,,,,,,
2005011217,"芝浦",,18,26,44,17,,,,10,,,,,,
2005011218,"芝浦",,16,27,43,15,,,,9,,,,,,
2005011219,"芝浦",,13,24,37,16,,,,8,,,,,,
2005011220,"芝浦",,14,26,40,14,,,,8,,,,,,
2005011221,"芝浦",,11,24,35,16,,,,12,,,,,,
2005011222,"芝浦",,11,20,31,19,,,,8,,,,,,
2005011223,"芝浦",,8,20,28,19,,,,8,,,,,,
2005011224,"芝浦",,4,23,27,15,,,,9,,,,,,
2005011301,"芝浦",,10,30,40,8,,,,9,,,,,,
2005011302,"芝浦",,7,27,34,10,,,,11,,,,,,
2005011303,"芝浦",,21,35,56,3,,,,13,,,,,,
2005011304,"芝浦",,21,34,55,3,,,,8,,,,,,
2005011305,"芝浦",,47,37,84,2,,,,21,,,,,,
2005011306,"芝浦",,38,36,74,2,,,,15,,,,,,
2005011307,"芝浦",,56,38,94,2,,,,14,,,,,,
2005011308,"芝浦",,50,38,88,3,,,,10,,,,,,
2005011309,"芝浦",,76,43,119,4,,,,7,,,,,,
2005011310,"芝浦",,58,41,99,7,,,,16,,,,,,
2005011311,"芝浦",,27,30,57,16,,,,11,,,,,,
2005011312,"芝浦",,20,26,46,20,,,,12,,,,,,
2005011313,"芝浦",,14,22,36,24,,,,13,,,,,,
2005011314,"芝浦",,18,23,41,24,,,,11,,,,,,
2005011315,"芝浦",,21,25,46,23,,,,8,,,,,,
2005011316,"芝浦",,18,28,46,19,,,,13,,,,,,
2005011317,"芝浦",,30,35,65,13,,,,18,,,,,,
2005011318,"芝浦",,18,35,53,10,,,,9,,,,,,
2005011319,"芝浦",,17,34,51,10,,,,20,,,,,,
2005011320,"芝浦",,15,32,47,12,,,,15,,,,,,
2005011321,"芝浦",,12,31,43,12,,,,8,,,,,,
2005011322,"芝浦",,14,31,45,11,,,,17,,,,,,
2005011323,"芝浦",,16,35,51,9,,,,19,,,,,,
2005011324,"芝浦",,9,32,41,10,,,,9,,,,,,
2005011401,"芝浦",,8,30,38,11,,,,18,,,,,,
2005011402,"芝浦",,8,31,39,10,,,,14,,,,,,
2005011403,"芝浦",,17,36,53,5,,,,18,,,,,,
2005011404,"芝浦",,26,38,64,3,,,,18,,,,,,
2005011405,"芝浦",,32,38,70,2,,,,11,,,,,,
2005011406,"芝浦",,30,37,67,3,,,,19,,,,,,
2005011407,"芝浦",,34,36,70,2,,,,20,,,,,,
2005011408,"芝浦",,45,38,83,4,,,,20,,,,,,
2005011409,"芝浦",,70,42,112,4,,,,24,,,,,,
2005011410,"芝浦",,73,46,119,4,,,,25,,,,,,
2005011411,"芝浦",,66,46,112,6,,,,26,,,,,,
2005011412,"芝浦",,46,42,88,10,,,,25,,,,,,
2005011413,"芝浦",,48,42,90,11,,,,35,,,,,,
2005011414,"芝浦",,60,42,102,13,,,,24,,,,,,
2005011415,"芝浦",,9998,9998,9998,9998,,,,9998,,,,,,
2005011416,"芝浦",,9998,9998,9998,5,,,,9999,,,,,,
2005011417,"芝浦",,82,49,131,5,,,,30,,,,,,
2005011418,"芝浦",,91,51,142,2,,,,36,,,,,,
2005011419,"芝浦",,88,50,138,2,,,,38,,,,,,
2005011420,"芝浦",,50,43,93,4,,,,26,,,,,,
2005011421,"芝浦",,60,44,104,5,,,,22,,,,,,
2005011422,"芝浦",,30,40,70,5,,,,23,,,,,,
2005011423,"芝浦",,30,40,70,3,,,,25,,,,,,
2005011424,"芝浦",,18,35,53,5,,,,15,,,,,,
2005011501,"芝浦",,12,32,44,6,,,,20,,,,,,
2005011502,"芝浦",,12,32,44,5,,,,21,,,,,,
2005011503,"芝浦",,15,32,47,3,,,,26,,,,,,
2005011504,"芝浦",,14,31,45,3,,,,28,,,,,,
2005011505,"芝浦",,13,30,43,3,,,,22,,,,,,
2005011506,"芝浦",,14,30,44,3,,,,17,,,,,,
2005011507,"芝浦",,14,29,43,3,,,,24,,,,,,
2005011508,"芝浦",,21,31,52,3,,,,17,,,,,,
2005011509,"芝浦",,23,30,53,5,,,,20,,,,,,
2005011510,"芝浦",,29,30,59,7,,,,24,,,,,,
2005011511,"芝浦",,32,31,63,6,,,,29,,,,,,
2005011512,"芝浦",,28,30,58,7,,,,22,,,,,,
2005011513,"芝浦",,30,33,63,5,,,,24,,,,,,
2005011514,"芝浦",,25,31,56,6,,,,29,,,,,,
2005011515,"芝浦",,29,33,62,6,,,,26,,,,,,
2005011516,"芝浦",,20,29,49,7,,,,17,,,,,,
2005011517,"芝浦",,16,27,43,7,,,,19,,,,,,
2005011518,"芝浦",,14,25,39,10,,,,16,,,,,,
2005011519,"芝浦",,8,20,28,15,,,,8,,,,,,
2005011520,"芝浦",,6,18,24,18,,,,7,,,,,,
2005011521,"芝浦",,9,27,36,7,,,,15,,,,,,
2005011522,"芝浦",,8,23,31,11,,,,10,,,,,,
2005011523,"芝浦",,7,22,29,11,,,,7,,,,,,
2005011524,"芝浦",,3,16,19,16,,,,13,,,,,,
2005011601,"芝浦",,2,16,18,16,,,,17,,,,,,
2005011602,"芝浦",,2,14,16,19,,,,10,,,,,,
2005011603,"芝浦",,2,12,14,22,,,,12,,,,,,
2005011604,"芝浦",,2,8,10,26,,,,7,,,,,,
2005011605,"芝浦",,1,7,8,27,,,,6,,,,,,
2005011606,"芝浦",,1,7,8,26,,,,11,,,,,,
2005011607,"芝浦",,2,9,11,26,,,,8,,,,,,
2005011608,"芝浦",,2,9,11,26,,,,7,,,,,,
2005011609,"芝浦",,2,10,12,26,,,,10,,,,,,
2005011610,"芝浦",,3,12,15,25,,,,8,,,,,,
2005011611,"芝浦",,4,11,15,27,,,,9,,,,,,
2005011612,"芝浦",,4,13,17,26,,,,4,,,,,,
2005011613,"芝浦",,4,15,19,24,,,,5,,,,,,
2005011614,"芝浦",,3,14,17,27,,,,10,,,,,,
2005011615,"芝浦",,3,12,15,29,,,,7,,,,,,
2005011616,"芝浦",,2,12,14,29,,,,7,,,,,,
2005011617,"芝浦",,2,14,16,28,,,,4,,,,,,
2005011618,"芝浦",,3,17,20,25,,,,7,,,,,,
2005011619,"芝浦",,3,23,26,19,,,,10,,,,,,
2005011620,"芝浦",,7,31,38,11,,,,11,,,,,,
2005011621,"芝浦",,8,28,36,11,,,,11,,,,,,
2005011622,"芝浦",,11,26,37,12,,,,11,,,,,,
2005011623,"芝浦",,17,32,49,6,,,,10,,,,,,
2005011624,"芝浦",,5,24,29,12,,,,8,,,,,,
2005011701,"芝浦",,9999,9999,9999,9995,,,,16,,,,,,
2005011702,"芝浦",,66,40,106,2,,,,7,,,,,,
2005011703,"芝浦",,84,43,127,2,,,,12,,,,,,
2005011704,"芝浦",,77,43,120,2,,,,18,,,,,,
2005011705,"芝浦",,121,46,167,2,,,,24,,,,,,
2005011706,"芝浦",,140,46,186,2,,,,28,,,,,,
2005011707,"芝浦",,155,45,200,2,,,,30,,,,,,
2005011708,"芝浦",,117,42,159,2,,,,27,,,,,,
2005011709,"芝浦",,84,40,124,3,,,,21,,,,,,
2005011710,"芝浦",,60,39,99,6,,,,17,,,,,,
2005011711,"芝浦",,36,31,67,13,,,,15,,,,,,
2005011712,"芝浦",,19,21,40,22,,,,13,,,,,,
2005011713,"芝浦",,16,21,37,23,,,,15,,,,,,
2005011714,"芝浦",,14,19,33,26,,,,15,,,,,,
2005011715,"芝浦",,19,25,44,20,,,,8,,,,,,
2005011716,"芝浦",,18,27,45,18,,,,17,,,,,,
2005011717,"芝浦",,17,27,44,16,,,,8,,,,,,
2005011718,"芝浦",,19,33,52,11,,,,12,,,,,,
2005011719,"芝浦",,16,34,50,8,,,,13,,,,,,
2005011720,"芝浦",,7,25,32,17,,,,6,,,,,,
2005011721,"芝浦",,10,22,32,21,,,,15,,,,,,
2005011722,"芝浦",,8,23,31,19,,,,13,,,,,,
2005011723,"芝浦",,7,25,32,18,,,,7,,,,,,
2005011724,"芝浦",,4,19,23,22,,,,6,,,,,,
2005011801,"芝浦",,6,23,29,18,,,,9,,,,,,
2005011802,"芝浦",,7,21,28,20,,,,5,,,,,,
2005011803,"芝浦",,5,22,27,18,,,,5,,,,,,
2005011804,"芝浦",,5,18,23,23,,,,9,,,,,,
2005011805,"芝浦",,9,30,39,9,,,,11,,,,,,
2005011806,"芝浦",,10,28,38,13,,,,12,,,,,,
2005011807,"芝浦",,12,29,41,13,,,,12,,,,,,
2005011808,"芝浦",,32,38,70,8,,,,13,,,,,,
2005011809,"芝浦",,29,33,62,13,,,,5,,,,,,
2005011810,"芝浦",,27,30,57,16,,,,15,,,,,,
2005011811,"芝浦",,20,24,44,21,,,,7,,,,,,
2005011812,"芝浦",,28,28,56,20,,,,6,,,,,,
2005011813,"芝浦",,28,26,54,22,,,,9,,,,,,
2005011814,"芝浦",,28,27,55,22,,,,13,,,,,,
2005011815,"芝浦",,40,32,72,18,,,,11,,,,,,
2005011816,"芝浦",,30,34,64,15,,,,11,,,,,,
2005011817,"芝浦",,48,43,91,7,,,,23,,,,,,
2005011818,"芝浦",,55,46,101,4,,,,18,,,,,,
2005011819,"芝浦",,22,43,65,4,,,,17,,,,,,
2005011820,"芝浦",,20,40,60,7,,,,17,,,,,,
2005011821,"芝浦",,22,43,65,5,,,,18,,,,,,
2005011822,"芝浦",,32,44,76,2,,,,18,,,,,,
2005011823,"芝浦",,50,44,94,2,,,,23,,,,,,
2005011824,"芝浦",,47,43,90,2,,,,26,,,,,,
2005011901,"芝浦",,44,42,86,2,,,,20,,,,,,
2005011902,"芝浦",,43,40,83,2,,,,25,,,,,,
2005011903,"芝浦",,49,38,87,2,,,,27,,,,,,
2005011904,"芝浦",,25,36,61,2,,,,28,,,,,,
2005011905,"芝浦",,16,35,51,2,,,,16,,,,,,
2005011906,"芝浦",,16,35,51,3,,,,18,,,,,,
2005011907,"芝浦",,27,36,63,3,,,,18,,,,,,
2005011908,"芝浦",,63,39,102,2,,,,14,,,,,,
2005011909,"芝浦",,67,40,107,2,,,,29,,,,,,
2005011910,"芝浦",,58,41,99,3,,,,27,,,,,,
2005011911,"芝浦",,60,40,100,5,,,,21,,,,,,
2005011912,"芝浦",,65,43,108,5,,,,28,,,,,,
2005011913,"芝浦",,136,53,189,5,,,,31,,,,,,
2005011914,"芝浦",,107,53,160,5,,,,39,,,,,,
2005011915,"芝浦",,140,59,199,3,,,,33,,,,,,
2005011916,"芝浦",,98,57,155,2,,,,46,,,,,,
2005011917,"芝浦",,97,58,155,2,,,,44,,,,,,
2005011918,"芝浦",,138,61,199,2,,,,47,,,,,,
2005011919,"芝浦",,104,51,155,2,,,,47,,,,,,
2005011920,"芝浦",,26,40,66,2,,,,34,,,,,,
2005011921,"芝浦",,21,38,59,5,,,,22,,,,,,
2005011922,"芝浦",,12,37,49,5,,,,23,,,,,,
2005011923,"芝浦",,32,41,73,3,,,,41,,,,,,
2005011924,"芝浦",,53,43,96,2,,,,27,,,,,,
2005012001,"芝浦",,49,42,91,2,,,,28,,,,,,
2005012002,"芝浦",,52,42,94,2,,,,39,,,,,,
2005012003,"芝浦",,68,38,106,2,,,,44,,,,,,
2005012004,"芝浦",,76,36,112,2,,,,36,,,,,,
2005012005,"芝浦",,74,35,109,2,,,,40,,,,,,
2005012006,"芝浦",,90,35,125,2,,,,48,,,,,,
2005012007,"芝浦",,86,34,120,2,,,,46,,,,,,
2005012008,"芝浦",,72,35,107,2,,,,42,,,,,,
2005012009,"芝浦",,94,40,134,3,,,,45,,,,,,
2005012010,"芝浦",,276,64,340,2,,,,82,,,,,,
2005012011,"芝浦",,236,75,311,2,,,,81,,,,,,
2005012012,"芝浦",,117,60,177,3,,,,68,,,,,,
2005012013,"芝浦",,116,63,179,3,,,,77,,,,,,
2005012014,"芝浦",,83,56,139,4,,,,51,,,,,,
2005012015,"芝浦",,120,60,180,2,,,,47,,,,,,
2005012016,"芝浦",,68,46,114,11,,,,31,,,,,,
2005012017,"芝浦",,18,34,52,14,,,,9,,,,,,
2005012018,"芝浦",,18,35,53,13,,,,12,,,,,,
2005012019,"芝浦",,13,35,48,10,,,,13,,,,,,
2005012020,"芝浦",,16,41,57,4,,,,15,,,,,,
2005012021,"芝浦",,26,43,69,2,,,,23,,,,,,
2005012022,"芝浦",,31,44,75,2,,,,20,,,,,,
2005012023,"芝浦",,39,45,84,2,,,,21,,,,,,
2005012024,"芝浦",,26,42,68,2,,,,18,,,,,,
2005012101,"芝浦",,22,40,62,2,,,,13,,,,,,
2005012102,"芝浦",,19,40,59,3,,,,7,,,,,,
2005012103,"芝浦",,7,30,37,12,,,,11,,,,,,
2005012104,"芝浦",,4,22,26,20,,,,11,,,,,,
2005012105,"芝浦",,4,21,25,20,,,,4,,,,,,
2005012106,"芝浦",,7,27,34,15,,,,14,,,,,,
2005012107,"芝浦",,7,29,36,14,,,,9,,,,,,
2005012108,"芝浦",,15,28,43,18,,,,13,,,,,,
2005012109,"芝浦",,20,30,50,17,,,,23,,,,,,
2005012110,"芝浦",,26,30,56,18,,,,11,,,,,,
2005012111,"芝浦",,26,28,54,19,,,,12,,,,,,
2005012112,"芝浦",,20,26,46,23,,,,22,,,,,,
2005012113,"芝浦",,21,25,46,26,,,,16,,,,,,
2005012114,"芝浦",,23,25,48,28,,,,10,,,,,,
2005012115,"芝浦",,9998,9998,9998,9998,,,,18,,,,,,
2005012116,"芝浦",,9998,9998,9998,26,,,,20,,,,,,
2005012117,"芝浦",,18,26,44,22,,,,19,,,,,,
2005012118,"芝浦",,17,29,46,19,,,,14,,,,,,
2005012119,"芝浦",,13,28,41,20,,,,12,,,,,,
2005012120,"芝浦",,12,28,40,19,,,,14,,,,,,
2005012121,"芝浦",,11,27,38,19,,,,18,,,,,,
2005012122,"芝浦",,12,34,46,11,,,,20,,,,,,
2005012123,"芝浦",,8,32,40,13,,,,8,,,,,,
2005012124,"芝浦",,5,24,29,18,,,,11,,,,,,
2005012201,"芝浦",,7,20,27,21,,,,10,,,,,,
2005012202,"芝浦",,5,18,23,23,,,,8,,,,,,
2005012203,"芝浦",,4,16,20,25,,,,9,,,,,,
2005012204,"芝浦",,3,15,18,24,,,,13,,,,,,
2005012205,"芝浦",,5,16,21,24,,,,7,,,,,,
2005012206,"芝浦",,4,16,20,23,,,,9,,,,,,
2005012207,"芝浦",,7,27,34,12,,,,12,,,,,,
2005012208,"芝浦",,11,28,39,14,,,,7,,,,,,
2005012209,"芝浦",,12,22,34,20,,,,6,,,,,,
2005012210,"芝浦",,15,21,36,21,,,,9,,,,,,
2005012211,"芝浦",,16,21,37,21,,,,13,,,,,,
2005012212,"芝浦",,17,20,37,23,,,,10,,,,,,
2005012213,"芝浦",,13,18,31,25,,,,13,,,,,,
2005012214,"芝浦",,16,18,34,25,,,,18,,,,,,
2005012215,"芝浦",,20,22,42,23,,,,8,,,,,,
2005012216,"芝浦",,16,23,39,21,,,,13,,,,,,
2005012217,"芝浦",,18,26,44,18,,,,13,,,,,,
2005012218,"芝浦",,15,28,43,16,,,,10,,,,,,
2005012219,"芝浦",,8,21,29,22,,,,7,,,,,,
2005012220,"芝浦",,9,22,31,20,,,,9,,,,,,
2005012221,"芝浦",,7,24,31,19,,,,8,,,,,,
2005012222,"芝浦",,8,26,34,16,,,,14,,,,,,
2005012223,"芝浦",,7,21,28,19,,,,16,,,,,,
2005012224,"芝浦",,4,19,23,19,,,,14,,,,,,
2005012301,"芝浦",,5,18,23,21,,,,9,,,,,,
2005012302,"芝浦",,8,26,34,12,,,,11,,,,,,
2005012303,"芝浦",,5,23,28,14,,,,13,,,,,,
2005012304,"芝浦",,6,25,31,11,,,,15,,,,,,
2005012305,"芝浦",,4,23,27,13,,,,20,,,,,,
2005012306,"芝浦",,4,23,27,14,,,,10,,,,,,
2005012307,"芝浦",,4,22,26,15,,,,15,,,,,,
2005012308,"芝浦",,4,20,24,17,,,,9,,,,,,
2005012309,"芝浦",,11,27,38,10,,,,19,,,,,,
2005012310,"芝浦",,12,24,36,14,,,,13,,,,,,
2005012311,"芝浦",,20,30,50,9,,,,21,,,,,,
2005012312,"芝浦",,22,33,55,7,,,,31,,,,,,
2005012313,"芝浦",,18,32,50,8,,,,34,,,,,,
2005012314,"芝浦",,13,25,38,17,,,,31,,,,,,
2005012315,"芝浦",,18,31,49,12,,,,34,,,,,,
2005012316,"芝浦",,30,34,64,10,,,,50,,,,,,
2005012317,"芝浦",,19,33,52,10,,,,56,,,,,,
2005012318,"芝浦",,12,30,42,12,,,,40,,,,,,
2005012319,"芝浦",,8,27,35,13,,,,48,,,,,,
2005012320,"芝浦",,7,26,33,13,,,,40,,,,,,
2005012321,"芝浦",,5,24,29,14,,,,26,,,,,,
2005012322,"芝浦",,5,24,29,14,,,,26,,,,,,
2005012323,"芝浦",,5,26,31,12,,,,37,,,,,,
2005012324,"芝浦",,4,25,29,12,,,,36,,,,,,
2005012401,"芝浦",,9999,9999,9999,9995,,,,32,,,,,,
2005012402,"芝浦",,4,25,29,12,,,,34,,,,,,
2005012403,"芝浦",,4,22,26,14,,,,31,,,,,,
2005012404,"芝浦",,5,23,28,13,,,,29,,,,,,
2005012405,"芝浦",,6,28,34,9,,,,32,,,,,,
2005012406,"芝浦",,13,32,45,4,,,,28,,,,,,
2005012407,"芝浦",,24,35,59,2,,,,35,,,,,,
2005012408,"芝浦",,50,37,87,3,,,,34,,,,,,
2005012409,"芝浦",,69,37,106,4,,,,52,,,,,,
2005012410,"芝浦",,42,34,76,8,,,,40,,,,,,
2005012411,"芝浦",,52,42,94,6,,,,41,,,,,,
2005012412,"芝浦",,114,52,166,4,,,,50,,,,,,
2005012413,"芝浦",,170,63,233,3,,,,53,,,,,,
2005012414,"芝浦",,135,72,207,4,,,,69,,,,,,
2005012415,"芝浦",,118,73,191,4,,,,72,,,,,,
2005012416,"芝浦",,122,63,185,2,,,,70,,,,,,
2005012417,"芝浦",,135,61,196,2,,,,63,,,,,,
2005012418,"芝浦",,162,62,224,2,,,,58,,,,,,
2005012419,"芝浦",,178,61,239,2,,,,57,,,,,,
2005012420,"芝浦",,120,63,183,2,,,,80,,,,,,
2005012421,"芝浦",,55,55,110,2,,,,78,,,,,,
2005012422,"芝浦",,67,55,122,2,,,,70,,,,,,
2005012423,"芝浦",,69,55,124,2,,,,72,,,,,,
2005012424,"芝浦",,65,51,116,2,,,,60,,,,,,
2005012501,"芝浦",,82,50,132,2,,,,62,,,,,,
2005012502,"芝浦",,82,46,128,2,,,,55,,,,,,
2005012503,"芝浦",,22,36,58,6,,,,27,,,,,,
2005012504,"芝浦",,8,29,37,12,,,,15,,,,,,
2005012505,"芝浦",,23,38,61,5,,,,20,,,,,,
2005012506,"芝浦",,12,31,43,15,,,,20,,,,,,
2005012507,"芝浦",,10,25,35,23,,,,21,,,,,,
2005012508,"芝浦",,20,33,53,17,,,,11,,,,,,
2005012509,"芝浦",,23,31,54,19,,,,10,,,,,,
2005012510,"芝浦",,21,29,50,22,,,,12,,,,,,
2005012511,"芝浦",,21,29,50,24,,,,21,,,,,,
2005012512,"芝浦",,19,28,47,26,,,,19,,,,,,
2005012513,"芝浦",,17,27,44,28,,,,26,,,,,,
2005012514,"芝浦",,17,28,45,29,,,,31,,,,,,
2005012515,"芝浦",,13,26,39,30,,,,35,,,,,,
2005012516,"芝浦",,12,27,39,27,,,,37,,,,,,
2005012517,"芝浦",,15,33,48,20,,,,31,,,,,,
2005012518,"芝浦",,21,35,56,16,,,,26,,,,,,
2005012519,"芝浦",,14,32,46,16,,,,39,,,,,,
2005012520,"芝浦",,15,35,50,12,,,,37,,,,,,
2005012521,"芝浦",,21,42,63,5,,,,37,,,,,,
2005012522,"芝浦",,23,47,70,2,,,,51,,,,,,
2005012523,"芝浦",,18,32,50,16,,,,47,,,,,,
2005012524,"芝浦",,4,21,25,24,,,,46,,,,,,
2005012601,"芝浦",,16,26,42,19,,,,44,,,,,,
2005012602,"芝浦",,11,23,34,18,,,,44,,,,,,
2005012603,"芝浦",,5,23,28,15,,,,47,,,,,,
2005012604,"芝浦",,5,24,29,14,,,,50,,,,,,
2005012605,"芝浦",,6,26,32,13,,,,37,,,,,,
2005012606,"芝浦",,7,24,31,15,,,,40,,,,,,
2005012607,"芝浦",,14,30,44,9,,,,50,,,,,,
2005012608,"芝浦",,32,38,70,3,,,,41,,,,,,
2005012609,"芝浦",,54,40,94,3,,,,43,,,,,,
2005012610,"芝浦",,84,45,129,4,,,,50,,,,,,
2005012611,"芝浦",,90,45,135,5,,,,49,,,,,,
2005012612,"芝浦",,54,40,94,9,,,,51,,,,,,
2005012613,"芝浦",,61,45,106,6,,,,56,,,,,,
2005012614,"芝浦",,46,40,86,11,,,,61,,,,,,
2005012615,"芝浦",,111,52,163,6,,,,60,,,,,,
2005012616,"芝浦",,129,56,185,5,,,,59,,,,,,
2005012617,"芝浦",,121,58,179,3,,,,46,,,,,,
2005012618,"芝浦",,107,57,164,2,,,,55,,,,,,
2005012619,"芝浦",,130,56,186,2,,,,56,,,,,,
2005012620,"芝浦",,57,51,108,2,,,,55,,,,,,
2005012621,"芝浦",,64,50,114,2,,,,70,,,,,,
2005012622,"芝浦",,38,44,82,3,,,,31,,,,,,
2005012623,"芝浦",,25,43,68,3,,,,17,,,,,,
2005012624,"芝浦",,15,36,51,6,,,,17,,,,,,
2005012701,"芝浦",,9,32,41,8,,,,8,,,,,,
2005012702,"芝浦",,6,29,35,10,,,,6,,,,,,
2005012703,"芝浦",,7,28,35,10,,,,10,,,,,,
2005012704,"芝浦",,6,27,33,12,,,,12,,,,,,
2005012705,"芝浦",,6,26,32,13,,,,14,,,,,,
2005012706,"芝浦",,12,33,45,8,,,,12,,,,,,
2005012707,"芝浦",,11,34,45,8,,,,18,,,,,,
2005012708,"芝浦",,26,36,62,7,,,,17,,,,,,
2005012709,"芝浦",,34,37,71,9,,,,18,,,,,,
2005012710,"芝浦",,35,36,71,12,,,,12,,,,,,
2005012711,"芝浦",,83,46,129,7,,,,25,,,,,,
2005012712,"芝浦",,161,60,221,3,,,,38,,,,,,
2005012713,"芝浦",,136,59,195,3,,,,37,,,,,,
2005012714,"芝浦",,106,54,160,4,,,,34,,,,,,
2005012715,"芝浦",,83,53,136,5,,,,41,,,,,,
2005012716,"芝浦",,125,60,185,3,,,,35,,,,,,
2005012717,"芝浦",,127,58,185,2,,,,35,,,,,,
2005012718,"芝浦",,96,53,149,2,,,,38,,,,,,
2005012719,"芝浦",,86,48,134,2,,,,33,,,,,,
2005012720,"芝浦",,84,48,132,2,,,,29,,,,,,
2005012721,"芝浦",,53,46,99,2,,,,36,,,,,,
2005012722,"芝浦",,87,50,137,2,,,,34,,,,,,
2005012723,"芝浦",,144,58,202,2,,,,49,,,,,,
2005012724,"芝浦",,115,58,173,2,,,,49,,,,,,
2005012801,"芝浦",,108,57,165,2,,,,58,,,,,,
2005012802,"芝浦",,71,50,121,2,,,,34,,,,,,
2005012803,"芝浦",,89,49,138,2,,,,46,,,,,,
2005012804,"芝浦",,73,45,118,2,,,,40,,,,,,
2005012805,"芝浦",,38,38,76,2,,,,33,,,,,,
2005012806,"芝浦",,52,43,95,2,,,,33,,,,,,
2005012807,"芝浦",,94,47,141,2,,,,48,,,,,,
2005012808,"芝浦",,88,47,135,2,,,,38,,,,,,
2005012809,"芝浦",,80,49,129,3,,,,36,,,,,,
2005012810,"芝浦",,72,49,121,4,,,,26,,,,,,
2005012811,"芝浦",,119,54,173,5,,,,40,,,,,,
2005012812,"芝浦",,95,51,146,7,,,,41,,,,,,
2005012813,"芝浦",,68,45,113,10,,,,35,,,,,,
2005012814,"芝浦",,62,41,103,12,,,,19,,,,,,
2005012815,"芝浦",,9998,9998,9998,9998,,,,37,,,,,,
2005012816,"芝浦",,56,42,98,9,,,,32,,,,,,
2005012817,"芝浦",,91,50,141,4,,,,30,,,,,,
2005012818,"芝浦",,67,48,115,4,,,,29,,,,,,
2005012819,"芝浦",,56,47,103,4,,,,27,,,,,,
2005012820,"芝浦",,59,48,107,3,,,,20,,,,,,
2005012821,"芝浦",,48,47,95,4,,,,24,,,,,,
2005012822,"芝浦",,56,48,104,3,,,,32,,,,,,
2005012823,"芝浦",,45,46,91,4,,,,27,,,,,,
2005012824,"芝浦",,11,39,50,7,,,,20,,,,,,
2005012901,"芝浦",,12,37,49,8,,,,21,,,,,,
2005012902,"芝浦",,17,41,58,5,,,,19,,,,,,
2005012903,"芝浦",,17,41,58,4,,,,22,,,,,,
2005012904,"芝浦",,27,41,68,6,,,,30,,,,,,
2005012905,"芝浦",,10,36,46,9,,,,20,,,,,,
2005012906,"芝浦",,19,41,60,5,,,,28,,,,,,
2005012907,"芝浦",,31,44,75,2,,,,30,,,,,,
2005012908,"芝浦",,59,44,103,2,,,,37,,,,,,
2005012909,"芝浦",,69,45,114,3,,,,42,,,,,,
2005012910,"芝浦",,96,52,148,3,,,,38,,,,,,
2005012911,"芝浦",,102,56,158,3,,,,47,,,,,,
2005012912,"芝浦",,89,57,146,5,,,,53,,,,,,
2005012913,"芝浦",,170,71,241,2,,,,72,,,,,,
2005012914,"芝浦",,180,73,253,2,,,,60,,,,,,
2005012915,"芝浦",,225,79,304,2,,,,58,,,,,,
2005012916,"芝浦",,169,77,246,2,,,,75,,,,,,
2005012917,"芝浦",,103,64,167,3,,,,53,,,,,,
2005012918,"芝浦",,119,75,194,1,,,,71,,,,,,
2005012919,"芝浦",,117,71,188,1,,,,83,,,,,,
2005012920,"芝浦",,157,74,231,2,,,,88,,,,,,
2005012921,"芝浦",,117,70,187,2,,,,92,,,,,,
2005012922,"芝浦",,123,68,191,1,,,,79,,,,,,
2005012923,"芝浦",,152,68,220,1,,,,92,,,,,,
2005012924,"芝浦",,130,67,197,2,,,,89,,,,,,
2005013001,"芝浦",,117,61,178,2,,,,90,,,,,,
2005013002,"芝浦",,107,55,162,1,,,,86,,,,,,
2005013003,"芝浦",,55,46,101,2,,,,72,,,,,,
2005013004,"芝浦",,4,18,22,19,,,,29,,,,,,
2005013005,"芝浦",,2,5,7,35,,,,8,,,,,,
2005013006,"芝浦",,2,6,8,33,,,,7,,,,,,
2005013007,"芝浦",,2,8,10,32,,,,10,,,,,,
2005013008,"芝浦",,2,8,10,32,,,,8,,,,,,
2005013009,"芝浦",,3,8,11,33,,,,10,,,,,,
2005013010,"芝浦",,5,7,12,34,,,,4,,,,,,
2005013011,"芝浦",,5,8,13,34,,,,13,,,,,,
2005013012,"芝浦",,8,11,19,32,,,,10,,,,,,
2005013013,"芝浦",,16,16,32,28,,,,11,,,,,,
2005013014,"芝浦",,13,12,25,33,,,,12,,,,,,
2005013015,"芝浦",,4,7,11,38,,,,11,,,,,,
2005013016,"芝浦",,4,10,14,34,,,,11,,,,,,
2005013017,"芝浦",,4,11,15,33,,,,12,,,,,,
2005013018,"芝浦",,4,14,18,28,,,,12,,,,,,
2005013019,"芝浦",,5,14,19,26,,,,15,,,,,,
2005013020,"芝浦",,5,14,19,25,,,,6,,,,,,
2005013021,"芝浦",,6,14,20,24,,,,15,,,,,,
2005013022,"芝浦",,7,13,20,25,,,,12,,,,,,
2005013023,"芝浦",,8,14,22,25,,,,6,,,,,,
2005013024,"芝浦",,4,10,14,28,,,,7,,,,,,
2005013101,"芝浦",,9999,9999,9999,9995,,,,6,,,,,,
2005013102,"芝浦",,4,10,14,29,,,,3,,,,,,
2005013103,"芝浦",,5,12,17,28,,,,11,,,,,,
2005013104,"芝浦",,4,13,17,26,,,,12,,,,,,
2005013105,"芝浦",,6,13,19,27,,,,3,,,,,,
2005013106,"芝浦",,7,17,24,24,,,,8,,,,,,
2005013107,"芝浦",,11,25,36,16,,,,13,,,,,,
2005013108,"芝浦",,22,32,54,12,,,,11,,,,,,
2005013109,"芝浦",,22,30,52,14,,,,12,,,,,,
2005013110,"芝浦",,70,39,109,10,,,,10,,,,,,
2005013111,"芝浦",,136,50,186,6,,,,31,,,,,,
2005013112,"芝浦",,91,63,154,11,,,,28,,,,,,
2005013113,"芝浦",,87,47,134,7,,,,33,,,,,,
2005013114,"芝浦",,63,40,103,10,,,,27,,,,,,
2005013115,"芝浦",,43,35,78,14,,,,10,,,,,,
2005013116,"芝浦",,23,29,52,20,,,,14,,,,,,
2005013117,"芝浦",,12,28,40,17,,,,13,,,,,,
2005013118,"芝浦",,12,30,42,16,,,,14,,,,,,
2005013119,"芝浦",,15,35,50,10,,,,16,,,,,,
2005013120,"芝浦",,8,35,43,7,,,,14,,,,,,
2005013121,"芝浦",,9,37,46,6,,,,23,,,,,,
2005013122,"芝浦",,6,33,39,9,,,,14,,,,,,
2005013123,"芝浦",,3,27,30,14,,,,9,,,,,,
2005013124,"芝浦",,4,28,32,13,,,,10,,,,,,

"大気汚染測定データ 芝浦 2005年","Ver200512"
