事業所規模,産業,和暦年,西暦年,年平均・月,現金給与総額／計(円),現金給与総額／男(円),現金給与総額／女(円),きまって支給する給与／計(円),きまって支給する給与／男(円),きまって支給する給与／女(円),所定内給与(円),所定外給与(円),特別に支払われた給与／計(円),特別に支払われた給与／男(円),特別に支払われた給与／女(円)
５人以上,TL 調査産業計,平成17,2005,年平均,429876,522705,272819,342350,412511,223646,319906,22444,87526,110194,49173
５人以上,TL 調査産業計,平成18,2006,年平均,433685,525876,278182,341360,409746,226010,317962,23398,92325,116130,52172
５人以上,TL 調査産業計,平成19,2007,年平均,430485,521754,276184,338139,404829,225391,315669,22470,92346,116925,50793
５人以上,TL 調査産業計,平成20,2008,年平均,435111,527604,279754,341237,409045,227342,318746,22491,93874,118559,52412
５人以上,TL 調査産業計,平成21,2009,年平均,411211,503442,269278,333175,403819,224462,311791,21384,78036,99623,44816
５人以上,TL 調査産業計,平成21,2009,1月,349644,426166,230716,330551,403475,217215,308397,22154,19093,22691,13501
５人以上,TL 調査産業計,平成21,2009,2月,343326,417124,229588,333739,405727,222791,311027,22712,9587,11397,6797
５人以上,TL 調査産業計,平成21,2009,3月,359238,435987,240822,337146,409973,224782,314144,23002,22092,26014,16040
５人以上,TL 調査産業計,平成21,2009,4月,352729,428037,237311,338777,410002,229617,315857,22920,13952,18035,7694
５人以上,TL 調査産業計,平成21,2009,5月,351653,428101,233924,328454,398044,221288,306845,21609,23199,30057,12636
５人以上,TL 調査産業計,平成21,2009,6月,594176,740199,369286,333141,403101,225397,312295,20846,261035,337098,143889
５人以上,TL 調査産業計,平成21,2009,7月,455605,562767,291383,333609,403078,227150,312793,20816,121996,159689,64233
５人以上,TL 調査産業計,平成21,2009,8月,345230,418203,233006,333514,402963,226710,313558,19956,11716,15240,6296
５人以上,TL 調査産業計,平成21,2009,9月,339419,410549,229069,331228,400474,223802,311450,19778,8191,10075,5267
５人以上,TL 調査産業計,平成21,2009,10月,342028,414238,230632,332272,402053,224624,311661,20611,9756,12185,6008
５人以上,TL 調査産業計,平成21,2009,11月,358983,439070,236861,332283,402425,225325,311264,21019,26700,36645,11536
５人以上,TL 調査産業計,平成21,2009,12月,741115,920814,466713,333441,404615,224757,312241,21200,407674,516199,241956
５人以上,D 鉱業,平成17,2005,年平均,627344,684756,367000,447005,485413,272836,439880,7125,180339,199343,94164
５人以上,D 鉱業,平成18,2006,年平均,703153,772912,385894,453473,494582,266513,444886,8587,249680,278330,119381
５人以上,D 鉱業,平成19,2007,年平均,667289,728738,394115,466148,508569,277563,434236,31912,201141,220169,116552
５人以上,D 鉱業,平成20,2008,年平均,719236,780702,424473,475703,515127,286645,446451,29252,243533,265575,137828
５人以上,D 鉱業,平成21,2009,年平均,731346,803410,466954,492725,538440,325003,472371,20354,238621,264970,141951
５人以上,D 鉱業,平成21,2009,1月,523628,575356,341013,520659,571727,340375,499307,21352,2969,3629,638
５人以上,D 鉱業,平成21,2009,2月,510538,562051,327691,506269,558287,321629,484425,21844,4269,3764,6062
５人以上,D 鉱業,平成21,2009,3月,549253,601132,364577,503366,553190,326007,480806,22560,45887,47942,38570
５人以上,D 鉱業,平成21,2009,4月,514521,563047,344408,509212,557529,339832,482960,26252,5309,5518,4576
５人以上,D 鉱業,平成21,2009,5月,517018,569619,333772,502832,553336,326889,482806,20026,14186,16283,6883
５人以上,D 鉱業,平成21,2009,6月,1433521,1628620,755432,493487,543144,320897,476940,16547,940034,1085476,434535
５人以上,D 鉱業,平成21,2009,7月,773203,814366,613048,496999,536692,342561,474705,22294,276204,277674,270487
５人以上,D 鉱業,平成21,2009,8月,578617,634873,360140,477945,518292,321254,460097,17848,100672,116581,38886
５人以上,D 鉱業,平成21,2009,9月,515527,559229,347190,479195,522076,314019,462859,16336,36332,37153,33171
５人以上,D 鉱業,平成21,2009,10月,493052,537587,321745,485767,529370,318047,464313,21454,7285,8217,3698
５人以上,D 鉱業,平成21,2009,11月,472520,514606,314244,469910,511481,313570,450166,19744,2610,3125,674
５人以上,D 鉱業,平成21,2009,12月,1872335,2058853,1174464,469009,510355,314310,450709,18300,1403326,1548498,860154
５人以上,E 建設業,平成17,2005,年平均,493113,531053,293205,407999,439341,242857,385429,22570,85114,91712,50348
５人以上,E 建設業,平成18,2006,年平均,478229,512905,284862,401943,430224,244238,378383,23560,76286,82681,40624
５人以上,E 建設業,平成19,2007,年平均,479060,512789,298157,396052,423491,248882,369674,26378,83008,89298,49275
５人以上,E 建設業,平成20,2008,年平均,462406,494869,287436,386256,413001,242104,359354,26902,76150,81868,45332
５人以上,E 建設業,平成21,2009,年平均,480675,518223,289744,398329,428599,244407,369671,28658,82346,89624,45337
５人以上,E 建設業,平成21,2009,1月,406094,436569,246344,397727,427062,243955,368804,28923,8367,9507,2389
５人以上,E 建設業,平成21,2009,2月,405048,435659,246438,399735,429570,245143,369691,30044,5313,6089,1295
５人以上,E 建設業,平成21,2009,3月,418110,447742,262685,406083,435284,252917,373941,32142,12027,12458,9768
５人以上,E 建設業,平成21,2009,4月,438689,470069,277273,406144,434925,258096,374396,31748,32545,35144,19177
５人以上,E 建設業,平成21,2009,5月,412266,445422,251410,382646,412563,237499,355548,27098,29620,32859,13911
５人以上,E 建設業,平成21,2009,6月,665739,731918,352407,398139,429968,247439,370465,27674,267600,301950,104968
５人以上,E 建設業,平成21,2009,7月,556883,596544,356551,401630,432089,247781,374690,26940,155253,164455,108770
５人以上,E 建設業,平成21,2009,8月,441452,475563,268696,394240,425188,237506,367112,27128,47212,50375,31190
５人以上,E 建設業,平成21,2009,9月,414479,446353,251171,405948,437256,245535,377412,28536,8531,9097,5636
５人以上,E 建設業,平成21,2009,10月,400591,431211,241350,396830,427402,237840,368465,28365,3761,3809,3510
５人以上,E 建設業,平成21,2009,11月,449675,485089,268661,396103,426559,240429,367725,28378,53572,58530,28232
５人以上,E 建設業,平成21,2009,12月,755434,815770,446550,394977,425384,239313,367937,27040,360457,390386,207237
５人以上,F 製造業,平成17,2005,年平均,486352,550339,298237,379719,426604,241881,352391,27328,106633,123735,56356
５人以上,F 製造業,平成18,2006,年平均,489452,553489,301861,376913,422617,243027,349323,27590,112539,130872,58834
５人以上,F 製造業,平成19,2007,年平均,495747,564556,295884,382437,432197,237904,357645,24792,113310,132359,57980
５人以上,F 製造業,平成20,2008,年平均,493952,563681,296676,382205,433348,237511,358465,23740,111747,130333,59165
５人以上,F 製造業,平成21,2009,年平均,480384,541641,309238,382822,429417,252641,362793,20029,97562,112224,56597
５人以上,F 製造業,平成21,2009,1月,396639,448392,251407,384622,433837,246511,363849,20773,12017,14555,4896
５人以上,F 製造業,平成21,2009,2月,386846,432664,254991,383837,429410,252688,362189,21648,3009,3254,2303
５人以上,F 製造業,平成21,2009,3月,415992,465685,277872,386558,435011,251883,365134,21424,29434,30674,25989
５人以上,F 製造業,平成21,2009,4月,407660,457178,270887,387226,434362,257034,365610,21616,20434,22816,13853
５人以上,F 製造業,平成21,2009,5月,400211,444050,277387,375655,420845,249046,356878,18777,24556,23205,28341
５人以上,F 製造業,平成21,2009,6月,618209,705483,373986,381463,427201,253472,363185,18278,236746,278282,120514
５人以上,F 製造業,平成21,2009,7月,634862,718109,403145,381247,427121,253557,362652,18595,253615,290988,149588
５人以上,F 製造業,平成21,2009,8月,397713,446183,262212,382725,429381,252295,363970,18755,14988,16802,9917
５人以上,F 製造業,平成21,2009,9月,391851,439801,258914,382399,429164,252748,363953,18446,9452,10637,6166
５人以上,F 製造業,平成21,2009,10月,390755,438666,260477,381373,428091,254338,360961,20412,9382,10575,6139
５人以上,F 製造業,平成21,2009,11月,398175,445937,264279,383525,429422,254855,362765,20760,14650,16515,9424
５人以上,F 製造業,平成21,2009,12月,927584,1057872,558705,383390,429341,253291,362461,20929,544194,628531,305414
５人以上,G 電気・ガス・熱供給・水道業,平成17,2005,年平均,710294,750951,447966,519442,548213,333803,462764,56678,190852,202738,114163
５人以上,G 電気・ガス・熱供給・水道業,平成18,2006,年平均,701778,743270,437141,517667,547123,329796,462354,55313,184111,196147,107345
５人以上,G 電気・ガス・熱供給・水道業,平成19,2007,年平均,647860,692803,443032,475043,507837,325585,428913,46130,172817,184966,117447
５人以上,G 電気・ガス・熱供給・水道業,平成20,2008,年平均,660213,700828,464820,478738,507772,339059,433692,45046,181475,193056,125761
５人以上,G 電気・ガス・熱供給・水道業,平成21,2009,年平均,678241,707080,480500,510511,531855,364161,437952,72559,167730,175225,116339
５人以上,G 電気・ガス・熱供給・水道業,平成21,2009,1月,507279,528194,355199,506816,527776,354407,433946,72870,463,418,792
５人以上,G 電気・ガス・熱供給・水道業,平成21,2009,2月,510583,531458,358263,507110,528159,353521,432108,75002,3473,3299,4742
５人以上,G 電気・ガス・熱供給・水道業,平成21,2009,3月,531959,553023,380951,517633,538793,365940,435315,82318,14326,14230,15011
５人以上,G 電気・ガス・熱供給・水道業,平成21,2009,4月,538639,558635,396020,523728,543307,384086,447202,76526,14911,15328,11934
５人以上,G 電気・ガス・熱供給・水道業,平成21,2009,5月,503774,522867,368831,502911,522081,367423,433424,69487,863,786,1408
５人以上,G 電気・ガス・熱供給・水道業,平成21,2009,6月,1486711,1551477,1029906,504438,523209,372041,435634,68804,982273,1028268,657865
５人以上,G 電気・ガス・熱供給・水道業,平成21,2009,7月,517057,537786,378761,513434,534140,375292,439519,73915,3623,3646,3469
５人以上,G 電気・ガス・熱供給・水道業,平成21,2009,8月,500981,522783,358222,500676,522431,358222,435563,65113,305,352,0
５人以上,G 電気・ガス・熱供給・水道業,平成21,2009,9月,512749,535789,362411,512473,535471,362411,441278,71195,276,318,0
５人以上,G 電気・ガス・熱供給・水道業,平成21,2009,10月,535959,559849,379607,523466,547041,369179,445170,78296,12493,12808,10428
５人以上,G 電気・ガス・熱供給・水道業,平成21,2009,11月,511237,534600,357493,510014,533225,357270,438141,71873,1223,1375,223
５人以上,G 電気・ガス・熱供給・水道業,平成21,2009,12月,1473005,1540306,1028568,503521,526667,350671,437824,65697,969484,1013639,677897
５人以上,H 情報通信業,平成17,2005,年平均,525622,573170,379331,414295,449683,305416,370017,44278,111327,123487,73915
５人以上,H 情報通信業,平成18,2006,年平均,522434,572771,368270,411446,448030,299400,368201,43245,110988,124741,68870
５人以上,H 情報通信業,平成19,2007,年平均,497158,538098,356909,383066,412109,283571,347088,35978,114092,125989,73338
５人以上,H 情報通信業,平成20,2008,年平均,491395,528820,356171,388457,416724,286325,352255,36202,102938,112096,69846
５人以上,H 情報通信業,平成21,2009,年平均,510305,551420,391515,398688,429976,308291,359991,38697,111617,121444,83224
５人以上,H 情報通信業,平成21,2009,1月,447133,481799,333163,395181,426743,291417,353644,41537,51952,55056,41746
５人以上,H 情報通信業,平成21,2009,2月,408706,436865,319379,401906,431089,309333,360234,41672,6800,5776,10046
５人以上,H 情報通信業,平成21,2009,3月,430846,462698,331202,407274,437853,311613,364954,42320,23572,24845,19589
５人以上,H 情報通信業,平成21,2009,4月,421357,452580,325768,401570,431622,309565,360968,40602,19787,20958,16203
５人以上,H 情報通信業,平成21,2009,5月,406639,439323,307983,391852,422414,299601,353782,38070,14787,16909,8382
５人以上,H 情報通信業,平成21,2009,6月,836357,900374,639883,396388,426122,305131,360800,35588,439969,474252,334752
５人以上,H 情報通信業,平成21,2009,7月,516209,568277,377666,401143,434342,312807,362860,38283,115066,133935,64859
５人以上,H 情報通信業,平成21,2009,8月,410768,441086,329952,398411,429624,315210,362072,36339,12357,11462,14742
５人以上,H 情報通信業,平成21,2009,9月,406288,440313,315592,396782,429517,309525,360700,36082,9506,10796,6067
５人以上,H 情報通信業,平成21,2009,10月,412772,447021,320410,394913,427879,306012,357748,37165,17859,19142,14398
５人以上,H 情報通信業,平成21,2009,11月,447843,490111,333180,398369,430051,312423,358760,39609,49474,60060,20757
５人以上,H 情報通信業,平成21,2009,12月,979953,1063563,754207,400720,432832,314018,363454,37266,579233,630731,440189
５人以上,I 運輸業,平成17,2005,年平均,427283,455049,290826,349583,373606,231520,299860,49723,77700,81443,59306
５人以上,I 運輸業,平成18,2006,年平均,428614,470807,266495,349710,386966,206559,295497,54213,78904,83841,59936
５人以上,I 運輸業,平成19,2007,年平均,439053,462631,282400,356247,375475,228494,304844,51403,82806,87156,53906
５人以上,I 運輸業,平成20,2008,年平均,445982,470451,290666,355851,375078,233811,304675,51176,90131,95373,56855
５人以上,I 運輸業,平成21,2009,年平均,438347,468844,302729,364318,389303,253212,322855,41463,74029,79541,49517
５人以上,I 運輸業,平成21,2009,1月,395693,423035,262525,362731,387532,241937,320585,42146,32962,35503,20588
５人以上,I 運輸業,平成21,2009,2月,375540,399930,256116,366023,390290,247201,323002,43021,9517,9640,8915
５人以上,I 運輸業,平成21,2009,3月,380955,406676,256866,362869,387618,243467,318441,44428,18086,19058,13399
５人以上,I 運輸業,平成21,2009,4月,385877,408541,276188,370127,391104,268604,325517,44610,15750,17437,7584
５人以上,I 運輸業,平成21,2009,5月,393269,420448,270523,364143,388314,254980,322675,41468,29126,32134,15543
５人以上,I 運輸業,平成21,2009,6月,573741,623219,351253,365219,389214,257318,325941,39278,208522,234005,93935
５人以上,I 運輸業,平成21,2009,7月,510502,540769,383267,363920,390009,254248,323087,40833,146582,150760,129019
５人以上,I 運輸業,平成21,2009,8月,372156,398998,260435,362210,388276,253719,324607,37603,9946,10722,6716
５人以上,I 運輸業,平成21,2009,9月,378292,401578,279852,367133,392841,258452,327414,39719,11159,8737,21400
５人以上,I 運輸業,平成21,2009,10月,369251,395299,257314,358653,383215,253104,317273,41380,10598,12084,4210
５人以上,I 運輸業,平成21,2009,11月,384145,412951,265206,361181,387317,253265,321373,39808,22964,25634,11941
５人以上,I 運輸業,平成21,2009,12月,735050,794697,489309,367554,395883,250840,324176,43378,367496,398814,238469
５人以上,J 卸売・小売業,平成17,2005,年平均,400241,518499,228483,315031,400339,191130,303005,12026,85210,118160,37353
５人以上,J 卸売・小売業,平成18,2006,年平均,414415,524134,245767,321943,399253,203112,308309,13634,92472,124881,42655
５人以上,J 卸売・小売業,平成19,2007,年平均,395169,509062,227438,310178,390339,192125,296828,13350,84991,118723,35313
５人以上,J 卸売・小売業,平成20,2008,年平均,417474,536215,241764,325187,409686,200147,311531,13656,92287,126529,41617
５人以上,J 卸売・小売業,平成21,2009,年平均,379144,486361,230218,308623,389280,196589,295343,13280,70521,97081,33629
５人以上,J 卸売・小売業,平成21,2009,1月,315566,400852,194225,301992,383535,185976,288273,13719,13574,17317,8249
５人以上,J 卸売・小売業,平成21,2009,2月,319453,403950,205659,311074,395179,197809,297797,13277,8379,8771,7850
５人以上,J 卸売・小売業,平成21,2009,3月,325260,411398,208830,311253,393638,199895,296136,15117,14007,17760,8935
５人以上,J 卸売・小売業,平成21,2009,4月,325528,409275,208735,317010,398312,203627,302619,14391,8518,10963,5108
５人以上,J 卸売・小売業,平成21,2009,5月,321729,408162,199392,303010,381492,191928,290132,12878,18719,26670,7464
５人以上,J 卸売・小売業,平成21,2009,6月,526540,692140,296178,313030,393607,200942,300114,12916,213510,298533,95236
５人以上,J 卸売・小売業,平成21,2009,7月,449616,585115,257086,305680,384075,194289,293522,12158,143936,201040,62797
５人以上,J 卸売・小売業,平成21,2009,8月,324523,407861,207780,312285,392181,200363,299128,13157,12238,15680,7417
５人以上,J 卸売・小売業,平成21,2009,9月,315765,397946,198742,305811,385076,192940,293986,11825,9954,12870,5802
５人以上,J 卸売・小売業,平成21,2009,10月,310830,392678,196683,303067,383816,190452,290412,12655,7763,8862,6231
５人以上,J 卸売・小売業,平成21,2009,11月,339068,433979,210705,308174,388152,200009,294724,13450,30894,45827,10696
５人以上,J 卸売・小売業,平成21,2009,12月,672978,892340,375228,311092,392668,200364,297263,13829,361886,499672,174864
５人以上,K 金融・保険業,平成17,2005,年平均,623395,777137,394847,469264,578960,306193,437715,31549,154131,198177,88654
５人以上,K 金融・保険業,平成18,2006,年平均,627859,808273,384040,455331,577704,289951,423334,31997,172528,230569,94089
５人以上,K 金融・保険業,平成19,2007,年平均,645561,844755,386025,471833,603472,300316,440641,31192,173728,241283,85709
５人以上,K 金融・保険業,平成20,2008,年平均,654133,861570,389562,466242,599252,296598,435805,30437,187891,262318,92964
５人以上,K 金融・保険業,平成21,2009,年平均,620998,778205,388068,476939,591154,307709,444472,32467,144059,187051,80359
５人以上,K 金融・保険業,平成21,2009,1月,501095,623522,313552,474449,583818,306908,438761,35688,26646,39704,6644
５人以上,K 金融・保険業,平成21,2009,2月,549367,686637,345309,470218,584614,300162,436748,33470,79149,102023,45147
５人以上,K 金融・保険業,平成21,2009,3月,526381,654441,335060,483388,600032,309121,448675,34713,42993,54409,25939
５人以上,K 金融・保険業,平成21,2009,4月,507242,625052,332753,486688,595244,325904,449132,37556,20554,29808,6849
５人以上,K 金融・保険業,平成21,2009,5月,611855,773015,377357,466033,577468,303888,433320,32713,145822,195547,73469
５人以上,K 金融・保険業,平成21,2009,6月,1031533,1337034,590964,471497,587847,303706,439560,31937,560036,749187,287258
５人以上,K 金融・保険業,平成21,2009,7月,562403,705443,353032,482361,603412,305176,449142,33219,80042,102031,47856
５人以上,K 金融・保険業,平成21,2009,8月,490490,608727,315436,481164,597615,308753,450294,30870,9326,11112,6683
５人以上,K 金融・保険業,平成21,2009,9月,487145,598990,320141,474315,585882,307726,447121,27194,12830,13108,12415
５人以上,K 金融・保険業,平成21,2009,10月,493275,614648,313103,473785,586791,306034,442727,31058,19490,27857,7069
５人以上,K 金融・保険業,平成21,2009,11月,549002,682440,351229,478439,595177,305417,447424,31015,70563,87263,45812
５人以上,K 金融・保険業,平成21,2009,12月,1130458,1420353,698454,481161,596160,309789,450892,30269,649297,824193,388665
５人以上,L 不動産業,平成17,2005,年平均,449014,516142,281671,350895,400341,227632,334587,16308,98119,115801,54039
５人以上,L 不動産業,平成18,2006,年平均,485363,555254,302634,378523,429492,245266,360761,17762,106840,125762,57368
５人以上,L 不動産業,平成19,2007,年平均,491014,569169,296365,373986,429014,236937,357058,16928,117028,140155,59428
５人以上,L 不動産業,平成20,2008,年平均,445153,520489,275573,353991,411073,225501,337166,16825,91162,109416,50072
５人以上,L 不動産業,平成21,2009,年平均,429200,506840,269287,346016,404361,225844,326415,19601,83184,102479,43443
５人以上,L 不動産業,平成21,2009,1月,378434,443594,253715,340038,396938,231128,317738,22300,38396,46656,22587
５人以上,L 不動産業,平成21,2009,2月,353029,414580,231705,337669,394005,226625,316147,21522,15360,20575,5080
５人以上,L 不動産業,平成21,2009,3月,372688,436985,249933,338974,398363,225588,318590,20384,33714,38622,24345
５人以上,L 不動産業,平成21,2009,4月,353763,412484,236218,342563,398189,231213,323476,19087,11200,14295,5005
５人以上,L 不動産業,平成21,2009,5月,349425,404716,237454,343459,397184,234658,322138,21321,5966,7532,2796
５人以上,L 不動産業,平成21,2009,6月,652129,777300,392576,343999,396291,235567,324436,19563,308130,381009,157009
５人以上,L 不動産業,平成21,2009,7月,443173,519678,278247,356501,415820,228623,334626,21875,86672,103858,49624
５人以上,L 不動産業,平成21,2009,8月,382243,448414,243506,353922,413980,228000,335328,18594,28321,34434,15506
５人以上,L 不動産業,平成21,2009,9月,378188,445786,232133,352184,414296,217983,336184,16000,26004,31490,14150
５人以上,L 不動産業,平成21,2009,10月,361804,427996,222802,346852,409140,216049,328833,18019,14952,18856,6753
５人以上,L 不動産業,平成21,2009,11月,371102,438374,224819,344196,403064,216187,326036,18160,26906,35310,8632
５人以上,L 不動産業,平成21,2009,12月,751850,898699,433479,351855,414069,216975,333532,18323,399995,484630,216504
５人以上,"M 飲食店,宿泊業",平成17,2005,年平均,178358,244084,118591,164901,222716,112328,157089,7812,13457,21368,6263
５人以上,"M 飲食店,宿泊業",平成18,2006,年平均,166772,226085,112530,153003,202967,107311,144416,8587,13769,23118,5219
５人以上,"M 飲食店,宿泊業",平成19,2007,年平均,186352,257222,117378,166294,225010,109149,157559,8735,20058,32212,8229
５人以上,"M 飲食店,宿泊業",平成20,2008,年平均,189237,266682,116894,164713,225910,107548,155475,9238,24524,40772,9346
５人以上,"M 飲食店,宿泊業",平成21,2009,年平均,162597,227315,106081,149080,204060,101068,139951,9129,13517,23255,5013
５人以上,"M 飲食店,宿泊業",平成21,2009,1月,158644,225941,104221,146154,206788,97120,136042,10112,12490,19153,7101
５人以上,"M 飲食店,宿泊業",平成21,2009,2月,146962,205095,98261,146215,203751,98014,137677,8538,747,1344,247
５人以上,"M 飲食店,宿泊業",平成21,2009,3月,154657,217923,102984,151647,212787,101710,143537,8110,3010,5136,1274
５人以上,"M 飲食店,宿泊業",平成21,2009,4月,154359,213484,106140,152394,210143,105297,142892,9502,1965,3341,843
５人以上,"M 飲食店,宿泊業",平成21,2009,5月,145209,202718,96492,143438,199769,95719,134588,8850,1771,2949,773
５人以上,"M 飲食店,宿泊業",平成21,2009,6月,168590,242741,106629,144471,197974,99764,136275,8196,24119,44767,6865
５人以上,"M 飲食店,宿泊業",平成21,2009,7月,192181,271528,119124,156223,208421,108163,146510,9713,35958,63107,10961
５人以上,"M 飲食店,宿泊業",平成21,2009,8月,160156,216209,108291,151755,202454,104844,142217,9538,8401,13755,3447
５人以上,"M 飲食店,宿泊業",平成21,2009,9月,148330,201014,99081,145672,196829,97850,136916,8756,2658,4185,1231
５人以上,"M 飲食店,宿泊業",平成21,2009,10月,155512,209895,105021,153645,206995,104113,144037,9608,1867,2900,908
５人以上,"M 飲食店,宿泊業",平成21,2009,11月,157039,210496,108410,149597,201577,102311,140740,8857,7442,8919,6099
５人以上,"M 飲食店,宿泊業",平成21,2009,12月,208451,307341,118686,147601,202150,98085,137870,9731,60850,105191,20601
５人以上,"N 医療,福祉",平成17,2005,年平均,355655,515852,300887,284795,406674,243128,268144,16651,70860,109178,57759
５人以上,"N 医療,福祉",平成18,2006,年平均,374793,559359,308715,293731,430920,244615,277412,16319,81062,128439,64100
５人以上,"N 医療,福祉",平成19,2007,年平均,354338,487943,314149,285418,397991,251556,270885,14533,68920,89952,62593
５人以上,"N 医療,福祉",平成20,2008,年平均,366662,513383,325218,295914,422364,260196,279455,16459,70748,91019,65022
５人以上,"N 医療,福祉",平成21,2009,年平均,345684,449304,311544,288100,386360,255726,272044,16056,57584,62944,55818
５人以上,"N 医療,福祉",平成21,2009,1月,311744,402690,283859,282381,392734,248545,265233,17148,29363,9956,35314
５人以上,"N 医療,福祉",平成21,2009,2月,287422,386218,255537,283827,381646,252257,265325,18502,3595,4572,3280
５人以上,"N 医療,福祉",平成21,2009,3月,315486,412771,283983,284162,381543,252628,268309,15853,31324,31228,31355
５人以上,"N 医療,福祉",平成21,2009,4月,297425,400424,263477,290892,390901,257930,275555,15337,6533,9523,5547
５人以上,"N 医療,福祉",平成21,2009,5月,300723,388435,272257,286156,380424,255562,269467,16689,14567,8011,16695
５人以上,"N 医療,福祉",平成21,2009,6月,470284,610027,424843,286119,378810,255978,269372,16747,184165,231217,168865
５人以上,"N 医療,福祉",平成21,2009,7月,353858,440255,324822,294153,384969,263632,279446,14707,59705,55286,61190
５人以上,"N 医療,福祉",平成21,2009,8月,291688,391836,259204,289126,387462,257230,274308,14818,2562,4374,1974
５人以上,"N 医療,福祉",平成21,2009,9月,293090,390173,260185,291768,389446,258661,277706,14062,1322,727,1524
５人以上,"N 医療,福祉",平成21,2009,10月,294945,393361,261406,291220,388168,258182,274669,16551,3725,5193,3224
５人以上,"N 医療,福祉",平成21,2009,11月,294501,398399,258916,289978,394537,254167,274721,15257,4523,3862,4749
５人以上,"N 医療,福祉",平成21,2009,12月,633289,766943,588054,287082,385336,253828,270002,17080,346207,381607,334226
５人以上,"O 教育,学習支援業",平成17,2005,年平均,442325,525049,356066,330040,387746,269869,322896,7144,112285,137303,86197
５人以上,"O 教育,学習支援業",平成18,2006,年平均,445034,529851,361881,332062,390772,274504,324478,7584,112972,139079,87377
５人以上,"O 教育,学習支援業",平成19,2007,年平均,489442,581658,389456,361109,426458,290254,346258,14851,128333,155200,99202
５人以上,"O 教育,学習支援業",平成20,2008,年平均,486084,584866,366624,353877,417694,276701,338868,15009,132207,167172,89923
５人以上,"O 教育,学習支援業",平成21,2009,年平均,443303,541608,334841,331563,400054,255995,324826,6737,111740,141554,78846
５人以上,"O 教育,学習支援業",平成21,2009,1月,337617,407194,261932,334545,403967,259030,327999,6546,3072,3227,2902
５人以上,"O 教育,学習支援業",平成21,2009,2月,347696,417298,270899,333347,398335,261641,325806,7541,14349,18963,9258
５人以上,"O 教育,学習支援業",平成21,2009,3月,400863,482447,308793,341666,407258,267642,334405,7261,59197,75189,41151
５人以上,"O 教育,学習支援業",平成21,2009,4月,363186,438045,279536,341307,411819,262514,333633,7674,21879,26226,17022
５人以上,"O 教育,学習支援業",平成21,2009,5月,355355,428841,273141,339136,404784,265691,331036,8100,16219,24057,7450
５人以上,"O 教育,学習支援業",平成21,2009,6月,732648,878549,572204,334855,401954,261068,328531,6324,397793,476595,311136
５人以上,"O 教育,学習支援業",平成21,2009,7月,468111,585689,338911,330238,402657,250661,323564,6674,137873,183032,88250
５人以上,"O 教育,学習支援業",平成21,2009,8月,323210,394026,246252,321553,392182,244797,315045,6508,1657,1844,1455
５人以上,"O 教育,学習支援業",平成21,2009,9月,331248,404034,252300,324675,396555,246711,319566,5109,6573,7479,5589
５人以上,"O 教育,学習支援業",平成21,2009,10月,350547,424701,269007,331173,400375,255077,325348,5825,19374,24326,13930
５人以上,"O 教育,学習支援業",平成21,2009,11月,343304,419815,259053,321665,386865,249869,315040,6625,21639,32950,9184
５人以上,"O 教育,学習支援業",平成21,2009,12月,963139,1210819,687122,324782,393937,247714,318121,6661,638357,816882,439408
５人以上,P 複合サービス事業,平成17,2005,年平均,384489,455565,221769,298185,352433,173989,273742,24443,86304,103132,47780
５人以上,P 複合サービス事業,平成18,2006,年平均,389842,467141,214236,300403,358753,167846,272206,28197,89439,108388,46390
５人以上,P 複合サービス事業,平成19,2007,年平均,428395,487287,270817,341269,389418,212437,313838,27431,87126,97869,58380
５人以上,P 複合サービス事業,平成20,2008,年平均,490192,564342,304022,374668,429662,236593,352101,22567,115524,134680,67429
５人以上,P 複合サービス事業,平成21,2009,年平均,499713,605329,298431,380485,457693,233343,357429,23056,119228,147636,65088
５人以上,P 複合サービス事業,平成21,2009,1月,394398,476620,239774,379820,459354,230252,352595,27225,14578,17266,9522
５人以上,P 複合サービス事業,平成21,2009,2月,373202,452538,221904,371291,450595,220053,349601,21690,1911,1943,1851
５人以上,P 複合サービス事業,平成21,2009,3月,389011,471264,231746,372939,454189,217591,346419,26520,16072,17075,14155
５人以上,P 複合サービス事業,平成21,2009,4月,402998,485647,242793,397620,479102,239677,374187,23433,5378,6545,3116
５人以上,P 複合サービス事業,平成21,2009,5月,380376,457880,229345,378555,455697,228231,354592,23963,1821,2183,1114
５人以上,P 複合サービス事業,平成21,2009,6月,986050,1230598,513090,383055,461479,231382,360667,22388,602995,769119,281708
５人以上,P 複合サービス事業,平成21,2009,7月,409119,492315,252734,375188,450435,233744,350676,24512,33931,41880,18990
５人以上,P 複合サービス事業,平成21,2009,8月,377682,452384,237004,376795,451398,236303,356742,20053,887,986,701
５人以上,P 複合サービス事業,平成21,2009,9月,374424,447727,235420,373671,446724,235140,355769,17902,753,1003,280
５人以上,P 複合サービス事業,平成21,2009,10月,418521,500212,263216,415076,496817,259678,392997,22079,3445,3395,3538
５人以上,P 複合サービス事業,平成21,2009,11月,371519,444226,233926,369318,442325,231156,346145,23173,2201,1901,2770
５人以上,P 複合サービス事業,平成21,2009,12月,1108219,1336178,675548,372898,444569,236866,349188,23710,735321,891609,438682
５人以上,Q サービス業（他に分類されないもの）,平成17,2005,年平均,417392,500641,272474,344677,409774,231359,322625,22052,72715,90867,41115
５人以上,Q サービス業（他に分類されないもの）,平成18,2006,年平均,410815,492192,276188,334102,395492,232541,311188,22914,76713,96700,43647
５人以上,Q サービス業（他に分類されないもの）,平成19,2007,年平均,403981,485281,273138,326739,386374,230763,303691,23048,77242,98907,42375
５人以上,Q サービス業（他に分類されないもの）,平成20,2008,年平均,404500,484348,277446,328191,387387,233998,305200,22991,76309,96961,43448
５人以上,Q サービス業（他に分類されないもの）,平成21,2009,年平均,390090,479733,263431,328285,397792,230076,306285,22000,61805,81941,33355
５人以上,Q サービス業（他に分類されないもの）,平成21,2009,1月,338130,411802,233349,327635,399115,225972,306164,21471,10495,12687,7377
５人以上,Q サービス業（他に分類されないもの）,平成21,2009,2月,334025,406254,231776,331255,402901,229830,306576,24679,2770,3353,1946
５人以上,Q サービス業（他に分類されないもの）,平成21,2009,3月,352218,431525,237115,334277,406176,229925,310767,23510,17941,25349,7190
５人以上,Q サービス業（他に分類されないもの）,平成21,2009,4月,343794,419338,241465,330666,402278,233664,307161,23505,13128,17060,7801
５人以上,Q サービス業（他に分類されないもの）,平成21,2009,5月,335469,413469,228404,323206,395285,224268,299185,24021,12263,18184,4136
５人以上,Q サービス業（他に分類されないもの）,平成21,2009,6月,544281,683519,345478,327622,395395,230857,304103,23519,216659,288124,114621
５人以上,Q サービス業（他に分類されないもの）,平成21,2009,7月,421665,518074,289536,325850,393706,232854,304303,21547,95815,124368,56682
５人以上,Q サービス業（他に分類されないもの）,平成21,2009,8月,337246,407311,236271,329026,396033,232458,309885,19141,8220,11278,3813
５人以上,Q サービス業（他に分類されないもの）,平成21,2009,9月,330448,397060,233845,323416,388223,229431,301959,21457,7032,8837,4414
５人以上,Q サービス業（他に分類されないもの）,平成21,2009,10月,340016,411288,237298,330825,399256,232202,311298,19527,9191,12032,5096
５人以上,Q サービス業（他に分類されないもの）,平成21,2009,11月,345823,422577,237991,327434,396916,229819,306892,20542,18389,25661,8172
５人以上,Q サービス業（他に分類されないもの）,平成21,2009,12月,661336,839701,410090,328069,397850,229776,307148,20921,333267,441851,180314
５人以上,"F09、10 食料品,飲料・たばこ・飼料製造業",平成17,2005,年平均,418865,504515,257745,339018,404589,215671,315886,23132,79847,99926,42074
５人以上,"F09、10 食料品,飲料・たばこ・飼料製造業",平成18,2006,年平均,422746,522766,256805,333745,404601,216191,309477,24268,89001,118165,40614
５人以上,"F09、10 食料品,飲料・たばこ・飼料製造業",平成19,2007,年平均,368362,490957,207134,294653,384913,175949,271332,23321,73709,106044,31185
５人以上,"F09、10 食料品,飲料・たばこ・飼料製造業",平成20,2008,年平均,361275,505049,194768,284970,389340,164097,261607,23363,76305,115709,30671
５人以上,"F09、10 食料品,飲料・たばこ・飼料製造業",平成21,2009,年平均,451469,564554,248846,347765,431692,197387,320587,27178,103704,132862,51459
５人以上,"F09、10 食料品,飲料・たばこ・飼料製造業",平成21,2009,1月,366529,458704,201135,349520,436184,194016,323216,26304,17009,22520,7119
５人以上,"F09、10 食料品,飲料・たばこ・飼料製造業",平成21,2009,2月,356886,431525,211899,348526,421086,207578,320961,27565,8360,10439,4321
５人以上,"F09、10 食料品,飲料・たばこ・飼料製造業",平成21,2009,3月,384343,478326,219374,352415,439609,199361,325178,27237,31928,38717,20013
５人以上,"F09、10 食料品,飲料・たばこ・飼料製造業",平成21,2009,4月,434551,541181,249489,355924,442699,205322,327184,28740,78627,98482,44167
５人以上,"F09、10 食料品,飲料・たばこ・飼料製造業",平成21,2009,5月,365803,445237,224257,342591,427510,191272,315563,27028,23212,17727,32985
５人以上,"F09、10 食料品,飲料・たばこ・飼料製造業",平成21,2009,6月,627051,799147,321619,347979,430958,200710,323330,24649,279072,368189,120909
５人以上,"F09、10 食料品,飲料・たばこ・飼料製造業",平成21,2009,7月,475405,589709,265279,343853,426417,192075,316709,27144,131552,163292,73204
５人以上,"F09、10 食料品,飲料・たばこ・飼料製造業",平成21,2009,8月,398954,498487,216503,342950,424209,193995,317148,25802,56004,74278,22508
５人以上,"F09、10 食料品,飲料・たばこ・飼料製造業",平成21,2009,9月,379298,474317,211905,345729,433098,191813,320599,25130,33569,41219,20092
５人以上,"F09、10 食料品,飲料・たばこ・飼料製造業",平成21,2009,10月,354022,439866,201808,346205,430577,196600,318548,27657,7817,9289,5208
５人以上,"F09、10 食料品,飲料・たばこ・飼料製造業",平成21,2009,11月,349962,434829,199345,348150,432553,198357,318395,29755,1812,2276,988
５人以上,"F09、10 食料品,飲料・たばこ・飼料製造業",平成21,2009,12月,922775,1188409,458152,349620,436247,198100,320432,29188,573155,752162,260052
５人以上,F11 繊維工業（衣類、その他の繊維製品を除く）,平成17,2005,年平均,438305,504967,303532,326254,370740,236315,319428,6826,112051,134227,67217
５人以上,F11 繊維工業（衣類、その他の繊維製品を除く）,平成18,2006,年平均,417223,530343,272297,311291,374050,230886,303092,8199,105932,156293,41411
５人以上,F11 繊維工業（衣類、その他の繊維製品を除く）,平成19,2007,年平均,544072,684378,328653,380451,459434,259185,353810,26641,163621,224944,69468
５人以上,F11 繊維工業（衣類、その他の繊維製品を除く）,平成20,2008,年平均,548920,594752,413111,451581,482875,358850,425044,26537,97339,111877,54261
５人以上,F11 繊維工業（衣類、その他の繊維製品を除く）,平成21,2009,年平均,416887,464732,265778,364766,405839,235045,361820,2946,52121,58893,30733
５人以上,F11 繊維工業（衣類、その他の繊維製品を除く）,平成21,2009,1月,402454,420707,320206,400909,419398,317597,395464,5445,1545,1309,2609
５人以上,F11 繊維工業（衣類、その他の繊維製品を除く）,平成21,2009,2月,405231,425815,314448,401560,421870,311990,396441,5119,3671,3945,2458
５人以上,F11 繊維工業（衣類、その他の繊維製品を除く）,平成21,2009,3月,419100,436484,335166,405924,421818,329188,403240,2684,13176,14666,5978
５人以上,F11 繊維工業（衣類、その他の繊維製品を除く）,平成21,2009,4月,401597,422721,313250,398233,419374,309815,395248,2985,3364,3347,3435
５人以上,F11 繊維工業（衣類、その他の繊維製品を除く）,平成21,2009,5月,385677,406086,301947,383752,404089,300315,380617,3135,1925,1997,1632
５人以上,F11 繊維工業（衣類、その他の繊維製品を除く）,平成21,2009,6月,507479,539144,386858,378160,400935,291406,375580,2580,129319,138209,95452
５人以上,F11 繊維工業（衣類、その他の繊維製品を除く）,平成21,2009,7月,354247,419514,195205,319718,376620,181060,317651,2067,34529,42894,14145
５人以上,F11 繊維工業（衣類、その他の繊維製品を除く）,平成21,2009,8月,397722,473274,211935,337746,400833,182611,335388,2358,59976,72441,29324
５人以上,F11 繊維工業（衣類、その他の繊維製品を除く）,平成21,2009,9月,364813,433625,195961,349089,412742,192895,346656,2433,15724,20883,3066
５人以上,F11 繊維工業（衣類、その他の繊維製品を除く）,平成21,2009,10月,340907,399959,196400,339387,398662,194333,336567,2820,1520,1297,2067
５人以上,F11 繊維工業（衣類、その他の繊維製品を除く）,平成21,2009,11月,344747,407746,192096,335876,395527,191337,333793,2083,8871,12219,759
５人以上,F11 繊維工業（衣類、その他の繊維製品を除く）,平成21,2009,12月,675691,806510,357933,331234,391588,184636,329486,1748,344457,414922,173297
５人以上,F12 衣類・その他の繊維製品製造業,平成17,2005,年平均,332249,411079,267673,298663,369276,240818,291026,7637,33586,41803,26855
５人以上,F12 衣類・その他の繊維製品製造業,平成18,2006,年平均,341593,425273,276283,296749,361300,246369,291122,5627,44844,63973,29914
５人以上,F12 衣類・その他の繊維製品製造業,平成19,2007,年平均,337885,411173,257998,297551,359921,229565,292989,4562,40334,51252,28433
５人以上,F12 衣類・その他の繊維製品製造業,平成20,2008,年平均,338254,436604,248957,297738,381417,221761,294325,3413,40516,55187,27196
５人以上,F12 衣類・その他の繊維製品製造業,平成21,2009,年平均,313415,405824,248027,285282,364190,229447,280084,5198,28133,41634,18580
５人以上,F12 衣類・その他の繊維製品製造業,平成21,2009,1月,292930,366765,242801,288044,361765,237993,284168,3876,4886,5000,4808
５人以上,F12 衣類・その他の繊維製品製造業,平成21,2009,2月,290523,371100,235436,289632,370039,234661,284572,5060,891,1061,775
５人以上,F12 衣類・その他の繊維製品製造業,平成21,2009,3月,286447,369502,226310,281777,361946,223730,277279,4498,4670,7556,2580
５人以上,F12 衣類・その他の繊維製品製造業,平成21,2009,4月,281703,368476,220886,280128,366085,219883,275138,4990,1575,2391,1003
５人以上,F12 衣類・その他の繊維製品製造業,平成21,2009,5月,290276,379812,218955,276348,363381,207021,271214,5134,13928,16431,11934
５人以上,F12 衣類・その他の繊維製品製造業,平成21,2009,6月,325144,424922,246357,277267,360025,211920,272873,4394,47877,64897,34437
５人以上,F12 衣類・その他の繊維製品製造業,平成21,2009,7月,342498,454170,270438,283037,364293,230604,277981,5056,59461,89877,39834
５人以上,F12 衣類・その他の繊維製品製造業,平成21,2009,8月,300367,385157,241026,283395,357014,231873,280486,2909,16972,28143,9153
５人以上,F12 衣類・その他の繊維製品製造業,平成21,2009,9月,288908,360597,239072,287478,359036,237733,282064,5414,1430,1561,1339
５人以上,F12 衣類・その他の繊維製品製造業,平成21,2009,10月,291296,366183,239755,289699,364702,238078,282518,7181,1597,1481,1677
５人以上,F12 衣類・その他の繊維製品製造業,平成21,2009,11月,307694,387558,252712,294978,371888,242029,287939,7039,12716,15670,10683
５人以上,F12 衣類・その他の繊維製品製造業,平成21,2009,12月,503540,688798,364120,290185,370857,229473,282887,7298,213355,317941,134647
５人以上,F13 木材・木製品製造業（家具を除く）,平成17,2005,年平均,439403,463137,315969,361694,382062,255767,331569,30125,77709,81075,60202
５人以上,F13 木材・木製品製造業（家具を除く）,平成18,2006,年平均,457193,483627,337590,414601,438761,305284,383087,31514,42592,44866,32306
５人以上,F13 木材・木製品製造業（家具を除く）,平成19,2007,年平均,362425,411596,232724,341287,383504,229929,314644,26643,21138,28092,2795
５人以上,F13 木材・木製品製造業（家具を除く）,平成20,2008,年平均,351828,393094,214993,322586,366268,177741,299295,23291,29242,26826,37252
５人以上,F13 木材・木製品製造業（家具を除く）,平成21,2009,年平均,347145,395031,258941,315052,361048,230330,300167,14885,32093,33983,28611
５人以上,F13 木材・木製品製造業（家具を除く）,平成21,2009,1月,×,×,×,×,×,×,×,×,×,×,×
５人以上,F13 木材・木製品製造業（家具を除く）,平成21,2009,2月,×,×,×,×,×,×,×,×,×,×,×
５人以上,F13 木材・木製品製造業（家具を除く）,平成21,2009,3月,×,×,×,×,×,×,×,×,×,×,×
５人以上,F13 木材・木製品製造業（家具を除く）,平成21,2009,4月,×,×,×,×,×,×,×,×,×,×,×
５人以上,F13 木材・木製品製造業（家具を除く）,平成21,2009,5月,×,×,×,×,×,×,×,×,×,×,×
５人以上,F13 木材・木製品製造業（家具を除く）,平成21,2009,6月,×,×,×,×,×,×,×,×,×,×,×
５人以上,F13 木材・木製品製造業（家具を除く）,平成21,2009,7月,379562,413898,316464,308955,358439,218020,299018,9937,70607,55459,98444
５人以上,F13 木材・木製品製造業（家具を除く）,平成21,2009,8月,308440,356300,218731,308440,356300,218731,296731,11709,0,0,0
５人以上,F13 木材・木製品製造業（家具を除く）,平成21,2009,9月,314995,362340,223964,314995,362340,223964,300314,14681,0,0,0
５人以上,F13 木材・木製品製造業（家具を除く）,平成21,2009,10月,315554,365557,220030,315554,365557,220030,298497,17057,0,0,0
５人以上,F13 木材・木製品製造業（家具を除く）,平成21,2009,11月,364308,412367,273488,300379,341833,222039,283319,17060,63929,70534,51449
５人以上,F13 木材・木製品製造業（家具を除く）,平成21,2009,12月,547718,616231,419479,296504,336270,222072,282231,14273,251214,279961,197407
５人以上,F14 家具・装備品製造業,平成17,2005,年平均,372693,403495,267603,342721,371019,246173,317192,25529,29972,32476,21430
５人以上,F14 家具・装備品製造業,平成18,2006,年平均,369650,396139,274905,331347,351735,258425,305872,25475,38303,44404,16480
５人以上,F14 家具・装備品製造業,平成19,2007,年平均,410549,450275,234425,363141,397982,208675,358288,4853,47408,52293,25750
５人以上,F14 家具・装備品製造業,平成20,2008,年平均,383556,405073,275583,351429,372302,246689,347416,4013,32127,32771,28894
５人以上,F14 家具・装備品製造業,平成21,2009,年平均,416967,446157,336843,353749,378537,285707,329741,24008,63218,67620,51136
５人以上,F14 家具・装備品製造業,平成21,2009,1月,355555,381986,283644,355555,381986,283644,332343,23212,0,0,0
５人以上,F14 家具・装備品製造業,平成21,2009,2月,361399,387963,290894,361399,387963,290894,332690,28709,0,0,0
５人以上,F14 家具・装備品製造業,平成21,2009,3月,366984,397353,286814,366984,397353,286814,337827,29157,0,0,0
５人以上,F14 家具・装備品製造業,平成21,2009,4月,369066,395571,298951,368602,395209,298216,332469,36133,464,362,735
５人以上,F14 家具・装備品製造業,平成21,2009,5月,341074,363378,282949,341074,363378,282949,314607,26467,0,0,0
５人以上,F14 家具・装備品製造業,平成21,2009,6月,444130,459736,404592,348265,373032,285517,323456,24809,95865,86704,119075
５人以上,F14 家具・装備品製造業,平成21,2009,7月,614497,666715,455904,343576,365623,276617,326403,17173,270921,301092,179287
５人以上,F14 家具・装備品製造業,平成21,2009,8月,340332,362392,276744,339410,361564,275550,320951,18459,922,828,1194
５人以上,F14 家具・装備品製造業,平成21,2009,9月,361260,386646,288826,352311,376287,283898,327616,24695,8949,10359,4928
５人以上,F14 家具・装備品製造業,平成21,2009,10月,349647,371688,288034,349308,371484,287319,331380,17928,339,204,715
５人以上,F14 家具・装備品製造業,平成21,2009,11月,351622,374880,286022,351622,374880,286022,330849,20773,0,0,0
５人以上,F14 家具・装備品製造業,平成21,2009,12月,762610,811942,622833,365969,393088,289131,346578,19391,396641,418854,333702
５人以上,F15 パルプ・紙・紙加工品製造業,平成17,2005,年平均,368678,436420,255783,304732,353923,222754,286816,17916,63946,82497,33029
５人以上,F15 パルプ・紙・紙加工品製造業,平成18,2006,年平均,398766,473250,261729,313288,363953,220074,287674,25614,85478,109297,41655
５人以上,F15 パルプ・紙・紙加工品製造業,平成19,2007,年平均,432944,506788,246034,330665,384735,193805,310746,19919,102279,122053,52229
５人以上,F15 パルプ・紙・紙加工品製造業,平成20,2008,年平均,408396,482974,240581,331586,386474,208076,314910,16676,76810,96500,32505
５人以上,F15 パルプ・紙・紙加工品製造業,平成21,2009,年平均,358488,447868,223832,297925,362429,200746,281305,16620,60563,85439,23086
５人以上,F15 パルプ・紙・紙加工品製造業,平成21,2009,1月,292151,361122,198937,290107,358586,197558,270228,19879,2044,2536,1379
５人以上,F15 パルプ・紙・紙加工品製造業,平成21,2009,2月,298678,375158,195533,290234,362196,193182,276527,13707,8444,12962,2351
５人以上,F15 パルプ・紙・紙加工品製造業,平成21,2009,3月,299398,375605,195825,293879,366732,194864,280402,13477,5519,8873,961
５人以上,F15 パルプ・紙・紙加工品製造業,平成21,2009,4月,303658,375551,203998,299760,370603,201555,280295,19465,3898,4948,2443
５人以上,F15 パルプ・紙・紙加工品製造業,平成21,2009,5月,296196,366361,198872,293197,362342,197289,276222,16975,2999,4019,1583
５人以上,F15 パルプ・紙・紙加工品製造業,平成21,2009,6月,395943,531370,208508,303224,378415,199157,284649,18575,92719,152955,9351
５人以上,F15 パルプ・紙・紙加工品製造業,平成21,2009,7月,536320,661292,330579,301100,358523,206565,285963,15137,235220,302769,124014
５人以上,F15 パルプ・紙・紙加工品製造業,平成21,2009,8月,308192,369160,207680,299375,356998,204377,283928,15447,8817,12162,3303
５人以上,F15 パルプ・紙・紙加工品製造業,平成21,2009,9月,303642,363980,203919,299189,357345,203072,282199,16990,4453,6635,847
５人以上,F15 パルプ・紙・紙加工品製造業,平成21,2009,10月,297887,353571,206209,294416,349207,204207,279976,14440,3471,4364,2002
５人以上,F15 パルプ・紙・紙加工品製造業,平成21,2009,11月,304395,363072,205455,298683,355054,203633,281706,16977,5712,8018,1822
５人以上,F15 パルプ・紙・紙加工品製造業,平成21,2009,12月,669656,858651,350602,312144,374854,206279,293790,18354,357512,483797,144323
５人以上,F16 印刷・同関連業,平成17,2005,年平均,405644,455674,256367,342094,381861,223441,308740,33354,63550,73813,32926
５人以上,F16 印刷・同関連業,平成18,2006,年平均,405145,455063,265981,343878,384421,230848,314082,29796,61267,70642,35133
５人以上,F16 印刷・同関連業,平成19,2007,年平均,431501,477189,292133,376247,414677,259020,347392,28855,55254,62512,33113
５人以上,F16 印刷・同関連業,平成20,2008,年平均,441706,483057,303424,388455,424381,268317,359964,28491,53251,58676,35107
５人以上,F16 印刷・同関連業,平成21,2009,年平均,387925,422444,274084,335153,363027,243227,304982,30171,52772,59417,30857
５人以上,F16 印刷・同関連業,平成21,2009,1月,331316,360803,233627,327254,356363,230818,297128,30126,4062,4440,2809
５人以上,F16 印刷・同関連業,平成21,2009,2月,340166,367784,249396,336586,364290,245533,300927,35659,3580,3494,3863
５人以上,F16 印刷・同関連業,平成21,2009,3月,345709,374853,248982,337415,365208,245173,303794,33621,8294,9645,3809
５人以上,F16 印刷・同関連業,平成21,2009,4月,354632,385771,254846,344950,375585,246778,311710,33240,9682,10186,8068
５人以上,F16 印刷・同関連業,平成21,2009,5月,338640,367721,243419,334653,363225,241095,307517,27136,3987,4496,2324
５人以上,F16 印刷・同関連業,平成21,2009,6月,500385,555432,321183,344114,373125,249671,316580,27534,156271,182307,71512
５人以上,F16 印刷・同関連業,平成21,2009,7月,451304,488112,329768,334507,361053,246856,308415,26092,116797,127059,82912
５人以上,F16 印刷・同関連業,平成21,2009,8月,345544,371948,259142,333042,358928,248337,306388,26654,12502,13020,10805
５人以上,F16 印刷・同関連業,平成21,2009,9月,335070,361801,244483,332054,358516,242377,305116,26938,3016,3285,2106
５人以上,F16 印刷・同関連業,平成21,2009,10月,342979,371873,247206,333852,362254,239710,303414,30438,9127,9619,7496
５人以上,F16 印刷・同関連業,平成21,2009,11月,335910,363550,245150,333315,360473,244138,300326,32989,2595,3077,1012
５人以上,F16 印刷・同関連業,平成21,2009,12月,636863,702423,415855,329918,357188,237990,298418,31500,306945,345235,177865
５人以上,F17 化学工業,平成17,2005,年平均,717875,780668,494566,496276,537994,347913,472669,23607,221599,242674,146653
５人以上,F17 化学工業,平成18,2006,年平均,695065,757516,499209,483492,524332,355413,462639,20853,211573,233184,143796
５人以上,F17 化学工業,平成19,2007,年平均,692791,786302,468766,486869,549977,335680,462512,24357,205922,236325,133086
５人以上,F17 化学工業,平成20,2008,年平均,667563,746076,476052,479851,537035,340367,456397,23454,187712,209041,135685
５人以上,F17 化学工業,平成21,2009,年平均,615733,698920,431091,459330,517666,329847,440622,18708,156403,181254,101244
５人以上,F17 化学工業,平成21,2009,1月,462924,523465,325452,461370,522020,323652,443675,17695,1554,1445,1800
５人以上,F17 化学工業,平成21,2009,2月,461448,520141,327579,460374,519109,326409,440906,19468,1074,1032,1170
５人以上,F17 化学工業,平成21,2009,3月,644078,719122,473072,470812,531281,333020,451004,19808,173266,187841,140052
５人以上,F17 化学工業,平成21,2009,4月,493891,553771,360051,463348,519407,338049,442674,20674,30543,34364,22002
５人以上,F17 化学工業,平成21,2009,5月,567963,621805,451520,443524,498769,324046,425307,18217,124439,123036,127474
５人以上,F17 化学工業,平成21,2009,6月,684067,802680,427642,453335,511769,327008,436090,17245,230732,290911,100634
５人以上,F17 化学工業,平成21,2009,7月,954747,1107904,619870,452598,508318,330766,433833,18765,502149,599586,289104
５人以上,F17 化学工業,平成21,2009,8月,482302,552162,329056,476971,545900,325767,459667,17304,5331,6262,3289
５人以上,F17 化学工業,平成21,2009,9月,464349,524480,330607,461049,520444,328943,444643,16406,3300,4036,1664
５人以上,F17 化学工業,平成21,2009,10月,475550,532474,348374,454580,509121,332728,435055,19525,20970,23353,15646
５人以上,F17 化学工業,平成21,2009,11月,502394,563966,366095,456979,512146,334859,436097,20882,45415,51820,31236
５人以上,F17 化学工業,平成21,2009,12月,1190672,1365269,805341,458027,514505,333382,439409,18618,732645,850764,471959
５人以上,F18 石油製品・石炭製品製造業,平成17,2005,年平均,623741,704272,316488,434058,485581,237481,418553,15505,189683,218691,79007
５人以上,F18 石油製品・石炭製品製造業,平成18,2006,年平均,645331,724521,365351,470106,524862,276514,442571,27535,175225,199659,88837
５人以上,F18 石油製品・石炭製品製造業,平成19,2007,年平均,521709,544410,379151,354228,367912,268292,334237,19991,167481,176498,110859
５人以上,F18 石油製品・石炭製品製造業,平成20,2008,年平均,633757,669837,462537,438834,461334,332059,416701,22133,194923,208503,130478
５人以上,F18 石油製品・石炭製品製造業,平成21,2009,年平均,663399,720635,463867,487350,532904,328545,474116,13234,176049,187731,135322
５人以上,F18 石油製品・石炭製品製造業,平成21,2009,1月,508507,556163,341012,503576,550585,338353,489434,14142,4931,5578,2659
５人以上,F18 石油製品・石炭製品製造業,平成21,2009,2月,510699,557428,345501,509244,555763,344786,493567,15677,1455,1665,715
５人以上,F18 石油製品・石炭製品製造業,平成21,2009,3月,533173,579431,370391,510328,555014,353078,495778,14550,22845,24417,17313
５人以上,F18 石油製品・石炭製品製造業,平成21,2009,4月,532593,579284,378250,525007,571078,372714,511180,13827,7586,8206,5536
５人以上,F18 石油製品・石炭製品製造業,平成21,2009,5月,507044,552378,345647,493381,535065,344979,476158,17223,13663,17313,668
５人以上,F18 石油製品・石炭製品製造業,平成21,2009,6月,1554082,1679774,1118713,499806,542491,351955,486530,13276,1054276,1137283,766758
５人以上,F18 石油製品・石炭製品製造業,平成21,2009,7月,504738,550452,333712,479253,525004,308088,469032,10221,25485,25448,25624
５人以上,F18 石油製品・石炭製品製造業,平成21,2009,8月,471341,521363,298968,463304,512083,295216,451654,11650,8037,9280,3752
５人以上,F18 石油製品・石炭製品製造業,平成21,2009,9月,490699,541624,312397,467170,514953,299869,458241,8929,23529,26671,12528
５人以上,F18 石油製品・石炭製品製造業,平成21,2009,10月,470023,515303,309900,467861,512691,309330,457282,10579,2162,2612,570
５人以上,F18 石油製品・石炭製品製造業,平成21,2009,11月,462670,508726,308979,461325,507181,308301,446703,14622,1345,1545,678
５人以上,F18 石油製品・石炭製品製造業,平成21,2009,12月,1487215,1590609,1136821,491361,535461,341909,475261,16100,995854,1055148,794912
５人以上,F19 プラスチック製品製造業,平成17,2005,年平均,384284,444889,237510,340668,392765,214498,321922,18746,43616,52124,23012
５人以上,F19 プラスチック製品製造業,平成18,2006,年平均,461884,554382,233829,338832,397140,195073,325097,13735,123052,157242,38756
５人以上,F19 プラスチック製品製造業,平成19,2007,年平均,328640,425293,176893,272451,346839,155661,260188,12263,56189,78454,21232
５人以上,F19 プラスチック製品製造業,平成20,2008,年平均,315622,405632,169992,261123,332772,145201,244446,16677,54499,72860,24791
５人以上,F19 プラスチック製品製造業,平成21,2009,年平均,417285,476631,241334,359917,409827,211940,346702,13215,57368,66804,29394
５人以上,F19 プラスチック製品製造業,平成21,2009,1月,374865,420899,236450,369525,417461,225389,349256,20269,5340,3438,11061
５人以上,F19 プラスチック製品製造業,平成21,2009,2月,363758,410528,224296,359707,406053,221508,338692,21015,4051,4475,2788
５人以上,F19 プラスチック製品製造業,平成21,2009,3月,354807,398303,218173,354645,398090,218173,339795,14850,162,213,0
５人以上,F19 プラスチック製品製造業,平成21,2009,4月,358084,401004,224394,357718,400565,224256,346041,11677,366,439,138
５人以上,F19 プラスチック製品製造業,平成21,2009,5月,364312,410577,220286,354280,398450,216777,338814,15466,10032,12127,3509
５人以上,F19 プラスチック製品製造業,平成21,2009,6月,588564,664286,338515,364165,405029,229225,354595,9570,224399,259257,109290
５人以上,F19 プラスチック製品製造業,平成21,2009,7月,430041,484695,279371,356033,410074,207051,342749,13284,74008,74621,72320
５人以上,F19 プラスチック製品製造業,平成21,2009,8月,359237,417061,199688,357168,414557,198821,344935,12233,2069,2504,867
５人以上,F19 プラスチック製品製造業,平成21,2009,9月,362492,420657,200137,359133,416094,200137,348984,10149,3359,4563,0
５人以上,F19 プラスチック製品製造業,平成21,2009,10月,368160,425155,204015,365708,422119,203244,355068,10640,2452,3036,771
５人以上,F19 プラスチック製品製造業,平成21,2009,11月,370184,426806,208087,360761,416267,201856,351104,9657,9423,10539,6231
５人以上,F19 プラスチック製品製造業,平成21,2009,12月,725955,852663,354033,359691,414408,199081,351133,8558,366264,438255,154952
５人以上,F20 ゴム製品製造業,平成17,2005,年平均,477915,519828,287460,354810,383281,225438,339652,15158,123105,136547,62022
５人以上,F20 ゴム製品製造業,平成18,2006,年平均,469122,510791,299766,350469,377160,241989,334751,15718,118653,133631,57777
５人以上,F20 ゴム製品製造業,平成19,2007,年平均,475630,516051,293924,360122,386927,239626,345718,14404,115508,129124,54298
５人以上,F20 ゴム製品製造業,平成20,2008,年平均,480927,527831,282588,368088,400855,229531,349815,18273,112839,126976,53057
５人以上,F20 ゴム製品製造業,平成21,2009,年平均,397254,438593,250359,312478,340862,211616,297570,14908,84776,97731,38743
５人以上,F20 ゴム製品製造業,平成21,2009,1月,319334,350933,198014,316089,347864,194090,299956,16133,3245,3069,3924
５人以上,F20 ゴム製品製造業,平成21,2009,2月,317944,348700,201122,315702,346463,198864,302412,13290,2242,2237,2258
５人以上,F20 ゴム製品製造業,平成21,2009,3月,313957,344786,196051,310896,341339,194466,297982,12914,3061,3447,1585
５人以上,F20 ゴム製品製造業,平成21,2009,4月,317527,346419,206876,315970,344585,206381,304149,11821,1557,1834,495
５人以上,F20 ゴム製品製造業,平成21,2009,5月,314893,347878,197953,304347,336461,190494,291559,12788,10546,11417,7459
５人以上,F20 ゴム製品製造業,平成21,2009,6月,730806,841376,348848,303131,332734,200868,289512,13619,427675,508642,147980
５人以上,F20 ゴム製品製造業,平成21,2009,7月,346638,381470,228996,307474,337854,204867,295003,12471,39164,43616,24129
５人以上,F20 ゴム製品製造業,平成21,2009,8月,327140,354889,232675,310666,339030,214109,296183,14483,16474,15859,18566
５人以上,F20 ゴム製品製造業,平成21,2009,9月,319358,346756,230959,318475,345756,230457,300516,17959,883,1000,502
５人以上,F20 ゴム製品製造業,平成21,2009,10月,321598,346336,235682,320760,345325,235446,300979,19781,838,1011,236
５人以上,F20 ゴム製品製造業,平成21,2009,11月,319572,343892,235659,317486,341577,234363,300080,17406,2086,2315,1296
５人以上,F20 ゴム製品製造業,平成21,2009,12月,820955,917839,484170,309341,330999,234053,292604,16737,511614,586840,250117
５人以上,F21 なめし革・同製品・毛皮製造業,平成17,2005,年平均,328735,402437,213912,297503,366301,190320,293818,3685,31232,36136,23592
５人以上,F21 なめし革・同製品・毛皮製造業,平成18,2006,年平均,278748,326346,196251,261981,308125,182004,258752,3229,16767,18221,14247
５人以上,F21 なめし革・同製品・毛皮製造業,平成19,2007,年平均,278921,325552,195771,251599,291686,180118,247963,3636,27322,33866,15653
５人以上,F21 なめし革・同製品・毛皮製造業,平成20,2008,年平均,257313,323660,168136,233792,291474,156262,231852,1940,23521,32186,11874
５人以上,F21 なめし革・同製品・毛皮製造業,平成21,2009,年平均,339983,400619,215913,310681,366719,196018,301224,9457,29302,33900,19895
５人以上,F21 なめし革・同製品・毛皮製造業,平成21,2009,1月,313915,369774,183358,313915,369774,183358,302963,10952,0,0,0
５人以上,F21 なめし革・同製品・毛皮製造業,平成21,2009,2月,315811,371606,191082,315811,371606,191082,304510,11301,0,0,0
５人以上,F21 なめし革・同製品・毛皮製造業,平成21,2009,3月,312378,372249,184086,309746,369545,181607,299561,10185,2632,2704,2479
５人以上,F21 なめし革・同製品・毛皮製造業,平成21,2009,4月,318963,379125,190435,318777,378919,190291,307816,10961,186,206,144
５人以上,F21 なめし革・同製品・毛皮製造業,平成21,2009,5月,304524,361767,182539,304524,361767,182539,294354,10170,0,0,0
５人以上,F21 なめし革・同製品・毛皮製造業,平成21,2009,6月,350604,421824,198794,316613,378973,183688,304474,12139,33991,42851,15106
５人以上,F21 なめし革・同製品・毛皮製造業,平成21,2009,7月,412566,484451,280376,303072,358937,200342,295833,7239,109494,125514,80034
５人以上,F21 なめし革・同製品・毛皮製造業,平成21,2009,8月,344485,414509,213729,306963,363971,200513,299102,7861,37522,50538,13216
５人以上,F21 なめし革・同製品・毛皮製造業,平成21,2009,9月,354948,425495,220859,315830,370303,212293,305978,9852,39118,55192,8566
５人以上,F21 なめし革・同製品・毛皮製造業,平成21,2009,10月,313676,364522,215169,313676,364522,215169,305776,7900,0,0,0
５人以上,F21 なめし革・同製品・毛皮製造業,平成21,2009,11月,307704,359667,203515,307704,359667,203515,299583,8121,0,0,0
５人以上,F21 なめし革・同製品・毛皮製造業,平成21,2009,12月,426286,484534,310267,301971,351862,202597,295077,6894,124315,132672,107670
５人以上,F22 窯業・土石製品製造業,平成17,2005,年平均,424156,486231,273126,341730,388314,228391,326618,15112,82426,97917,44735
５人以上,F22 窯業・土石製品製造業,平成18,2006,年平均,471710,530359,295788,350694,389626,233916,330604,20090,121016,140733,61872
５人以上,F22 窯業・土石製品製造業,平成19,2007,年平均,555782,595522,373336,448042,480285,300014,422109,25933,107740,115237,73322
５人以上,F22 窯業・土石製品製造業,平成20,2008,年平均,556576,603525,376413,445594,484402,296670,428275,17319,110982,119123,79743
５人以上,F22 窯業・土石製品製造業,平成21,2009,年平均,543265,582670,346937,415723,445565,267042,405794,9929,127542,137105,79895
５人以上,F22 窯業・土石製品製造業,平成21,2009,1月,411531,439951,258777,404567,431723,258606,393174,11393,6964,8228,171
５人以上,F22 窯業・土石製品製造業,平成21,2009,2月,419800,447132,275918,419667,447094,275282,405904,13763,133,38,636
５人以上,F22 窯業・土石製品製造業,平成21,2009,3月,418909,448087,266275,412827,440853,266222,403201,9626,6082,7234,53
５人以上,F22 窯業・土石製品製造業,平成21,2009,4月,413851,440300,277447,402268,429515,261749,389822,12446,11583,10785,15698
５人以上,F22 窯業・土石製品製造業,平成21,2009,5月,402440,430731,259169,401708,430053,258164,390879,10829,732,678,1005
５人以上,F22 窯業・土石製品製造業,平成21,2009,6月,605643,643656,416517,415451,445612,265394,403569,11882,190192,198044,151123
５人以上,F22 窯業・土石製品製造業,平成21,2009,7月,1024604,1122548,576272,421758,456396,263203,412037,9721,602846,666152,313069
５人以上,F22 窯業・土石製品製造業,平成21,2009,8月,431994,463160,278815,431857,463120,278202,423332,8525,137,40,613
５人以上,F22 窯業・土石製品製造業,平成21,2009,9月,419536,449213,275800,419301,449048,275223,412160,7141,235,165,577
５人以上,F22 窯業・土石製品製造業,平成21,2009,10月,432993,464052,283109,420740,452477,267588,412422,8318,12253,11575,15521
５人以上,F22 窯業・土石製品製造業,平成21,2009,11月,508930,552938,297559,421234,453114,268112,412433,8801,87696,99824,29447
５人以上,F22 窯業・土石製品製造業,平成21,2009,12月,1057229,1136210,677729,419056,450712,266949,412816,6240,638173,685498,410780
５人以上,F23 鉄鋼業,平成17,2005,年平均,684509,752633,389937,442638,478078,289393,427754,14884,241871,274555,100544
５人以上,F23 鉄鋼業,平成18,2006,年平均,694634,763216,407531,444087,481912,285745,426750,17337,250547,281304,121786
５人以上,F23 鉄鋼業,平成19,2007,年平均,931390,1039588,488657,438697,471712,303604,413847,24850,492693,567876,185053
５人以上,F23 鉄鋼業,平成20,2008,年平均,636002,710994,362764,397349,432852,267991,383936,13413,238653,278142,94773
５人以上,F23 鉄鋼業,平成21,2009,年平均,614812,678702,358446,426296,464969,271115,410019,16277,188516,213733,87331
５人以上,F23 鉄鋼業,平成21,2009,1月,425476,464075,272877,424646,463205,272207,409961,14685,830,870,670
５人以上,F23 鉄鋼業,平成21,2009,2月,426766,463333,282355,420687,458643,270789,408759,11928,6079,4690,11566
５人以上,F23 鉄鋼業,平成21,2009,3月,425843,465214,271094,422936,461958,269559,406082,16854,2907,3256,1535
５人以上,F23 鉄鋼業,平成21,2009,4月,426444,463221,279660,425502,462074,279535,409288,16214,942,1147,125
５人以上,F23 鉄鋼業,平成21,2009,5月,403263,438860,256669,401651,437030,255956,388094,13557,1612,1830,713
５人以上,F23 鉄鋼業,平成21,2009,6月,1492243,1684869,738144,407598,445103,260771,392949,14649,1084645,1239766,477373
５人以上,F23 鉄鋼業,平成21,2009,7月,456505,493904,291950,445516,482511,282738,429978,15538,10989,11393,9212
５人以上,F23 鉄鋼業,平成21,2009,8月,446300,482722,298400,437423,476188,280009,422736,14687,8877,6534,18391
５人以上,F23 鉄鋼業,平成21,2009,9月,437609,480582,266558,434791,477240,265826,416578,18213,2818,3342,732
５人以上,F23 鉄鋼業,平成21,2009,10月,437412,477158,276785,436553,476138,276577,416591,19962,859,1020,208
５人以上,F23 鉄鋼業,平成21,2009,11月,432816,474249,271371,431188,472427,270499,410258,20930,1628,1822,872
５人以上,F23 鉄鋼業,平成21,2009,12月,1560421,1758793,777834,428348,468346,270555,410091,18257,1132073,1290447,507279
５人以上,F24 非鉄金属製造業,平成17,2005,年平均,583113,641697,341613,433993,474502,267001,414905,19088,149120,167195,74612
５人以上,F24 非鉄金属製造業,平成18,2006,年平均,587105,667618,305330,415312,468734,228350,395768,19544,171793,198884,76980
５人以上,F24 非鉄金属製造業,平成19,2007,年平均,633237,760290,298411,443016,524520,228226,423923,19093,190221,235770,70185
５人以上,F24 非鉄金属製造業,平成20,2008,年平均,631498,729356,338043,448619,516554,244895,430735,17884,182879,212802,93148
５人以上,F24 非鉄金属製造業,平成21,2009,年平均,510211,560958,343377,394056,434493,261116,384291,9765,116155,126465,82261
５人以上,F24 非鉄金属製造業,平成21,2009,1月,409042,451327,268543,407237,449430,267044,398188,9049,1805,1897,1499
５人以上,F24 非鉄金属製造業,平成21,2009,2月,402707,444105,266179,402456,443795,266122,393727,8729,251,310,57
５人以上,F24 非鉄金属製造業,平成21,2009,3月,472761,475266,464584,404329,447151,264514,395942,8387,68432,28115,200070
５人以上,F24 非鉄金属製造業,平成21,2009,4月,403402,443970,271603,401523,441954,270172,391480,10043,1879,2016,1431
５人以上,F24 非鉄金属製造業,平成21,2009,5月,397069,438258,264311,396298,437430,263722,387506,8792,771,828,589
５人以上,F24 非鉄金属製造業,平成21,2009,6月,964274,1073917,610705,398593,439959,265200,389496,9097,565681,633958,345505
５人以上,F24 非鉄金属製造業,平成21,2009,7月,467296,513375,315280,389085,426501,265647,380435,8650,78211,86874,49633
５人以上,F24 非鉄金属製造業,平成21,2009,8月,387647,425931,261937,385145,423118,260454,375779,9366,2502,2813,1483
５人以上,F24 非鉄金属製造業,平成21,2009,9月,419680,459028,290807,391135,430095,263533,380261,10874,28545,28933,27274
５人以上,F24 非鉄金属製造業,平成21,2009,10月,386170,430321,242126,384194,428226,240539,373970,10224,1976,2095,1587
５人以上,F24 非鉄金属製造業,平成21,2009,11月,386369,428267,246554,385995,427791,246518,375761,10234,374,476,36
５人以上,F24 非鉄金属製造業,平成21,2009,12月,1028474,1146451,625069,382669,418610,259774,368907,13762,645805,727841,365295
５人以上,F25 金属製品製造業,平成17,2005,年平均,415172,481648,260758,339145,394055,211596,313716,25429,76027,87593,49162
５人以上,F25 金属製品製造業,平成18,2006,年平均,386600,444283,243653,324557,374735,200209,293282,31275,62043,69548,43444
５人以上,F25 金属製品製造業,平成19,2007,年平均,374598,428581,211643,325089,371098,186206,309677,15412,49509,57483,25437
５人以上,F25 金属製品製造業,平成20,2008,年平均,379471,427996,205962,327768,368011,183873,310189,17579,51703,59985,22089
５人以上,F25 金属製品製造業,平成21,2009,年平均,331441,371031,202128,300682,335643,186487,285605,15077,30759,35388,15641
５人以上,F25 金属製品製造業,平成21,2009,1月,294765,338859,164378,288531,331208,162337,278228,10303,6234,7651,2041
５人以上,F25 金属製品製造業,平成21,2009,2月,292487,328962,186041,291810,328178,185678,279131,12679,677,784,363
５人以上,F25 金属製品製造業,平成21,2009,3月,292046,331671,177345,290857,330332,176591,274592,16265,1189,1339,754
５人以上,F25 金属製品製造業,平成21,2009,4月,294787,334723,172475,291211,330900,169657,274138,17073,3576,3823,2818
５人以上,F25 金属製品製造業,平成21,2009,5月,289561,323146,179562,288633,322096,179031,275775,12858,928,1050,531
５人以上,F25 金属製品製造業,平成21,2009,6月,322755,360491,198348,297818,331406,187085,284636,13182,24937,29085,11263
５人以上,F25 金属製品製造業,平成21,2009,7月,429575,475195,264398,302446,331805,196146,294568,7878,127129,143390,68252
５人以上,F25 金属製品製造業,平成21,2009,8月,324045,354949,207236,306235,335358,196160,291898,14337,17810,19591,11076
５人以上,F25 金属製品製造業,平成21,2009,9月,309219,340858,198243,306992,338257,197326,289381,17611,2227,2601,917
５人以上,F25 金属製品製造業,平成21,2009,10月,307637,341278,191971,304236,337788,188877,286331,17905,3401,3490,3094
５人以上,F25 金属製品製造業,平成21,2009,11月,338308,374310,212671,336595,372457,211446,312617,23978,1713,1853,1225
５人以上,F25 金属製品製造業,平成21,2009,12月,485482,544906,290745,305839,338564,198598,288476,17363,179643,206342,92147
５人以上,F26 一般機械器具製造業,平成17,2005,年平均,490684,536253,290187,384354,418422,234460,352152,32202,106330,117831,55727
５人以上,F26 一般機械器具製造業,平成18,2006,年平均,505509,550112,299467,392813,426274,238239,356678,36135,112696,123838,61228
５人以上,F26 一般機械器具製造業,平成19,2007,年平均,545719,602876,302425,398189,437793,229611,371509,26680,147530,165083,72814
５人以上,F26 一般機械器具製造業,平成20,2008,年平均,536323,591627,310856,393022,431360,236723,366761,26261,143301,160267,74133
５人以上,F26 一般機械器具製造業,平成21,2009,年平均,477763,513358,340002,389794,419097,276387,372457,17337,87969,94261,63615
５人以上,F26 一般機械器具製造業,平成21,2009,1月,398747,430538,277103,392267,424616,268490,371182,21085,6480,5922,8613
５人以上,F26 一般機械器具製造業,平成21,2009,2月,386917,411890,265208,386721,411726,264857,369597,17124,196,164,351
５人以上,F26 一般機械器具製造業,平成21,2009,3月,414680,448277,288068,407007,440628,280301,386583,20424,7673,7649,7767
５人以上,F26 一般機械器具製造業,平成21,2009,4月,415791,447658,298794,400059,431083,286155,379483,20576,15732,16575,12639
５人以上,F26 一般機械器具製造業,平成21,2009,5月,385931,417463,272334,382443,413833,269358,365522,16921,3488,3630,2976
５人以上,F26 一般機械器具製造業,平成21,2009,6月,739894,783078,583758,392099,422999,280376,373164,18935,347795,360079,303382
５人以上,F26 一般機械器具製造業,平成21,2009,7月,502754,540465,369137,390676,421019,283168,372551,18125,112078,119446,85969
５人以上,F26 一般機械器具製造業,平成21,2009,8月,392085,422464,283228,389724,420665,278854,371536,18188,2361,1799,4374
５人以上,F26 一般機械器具製造業,平成21,2009,9月,400412,432688,286525,393424,425383,280656,377310,16114,6988,7305,5869
５人以上,F26 一般機械器具製造業,平成21,2009,10月,401616,433001,290192,389009,419510,280723,370447,18562,12607,13491,9469
５人以上,F26 一般機械器具製造業,平成21,2009,11月,378354,401646,269005,375010,398256,265876,364065,10945,3344,3390,3129
５人以上,F26 一般機械器具製造業,平成21,2009,12月,918858,981087,619406,378630,400774,272070,368043,10587,540228,580313,347336
５人以上,F27 電気機械器具製造業,平成17,2005,年平均,523875,579243,304245,408591,449826,245024,381003,27588,115284,129417,59221
５人以上,F27 電気機械器具製造業,平成18,2006,年平均,544488,598682,305691,416239,456443,239086,388079,28160,128249,142239,66605
５人以上,F27 電気機械器具製造業,平成19,2007,年平均,562226,614950,320606,414895,451997,244870,387401,27494,147331,162953,75736
５人以上,F27 電気機械器具製造業,平成20,2008,年平均,565358,608214,350553,421959,453089,265929,394961,26998,143399,155125,84624
５人以上,F27 電気機械器具製造業,平成21,2009,年平均,541341,586765,346231,425800,460811,275416,406961,18839,115541,125954,70815
５人以上,F27 電気機械器具製造業,平成21,2009,1月,481920,526827,283921,440124,477012,277481,418287,21837,41796,49815,6440
５人以上,F27 電気機械器具製造業,平成21,2009,2月,437078,472635,283705,434145,470030,279357,412821,21324,2933,2605,4348
５人以上,F27 電気機械器具製造業,平成21,2009,3月,445508,483555,281711,434792,471611,276281,415703,19089,10716,11944,5430
５人以上,F27 電気機械器具製造業,平成21,2009,4月,434377,467518,292338,430243,463245,288798,411046,19197,4134,4273,3540
５人以上,F27 電気機械器具製造業,平成21,2009,5月,428529,460092,293971,426791,458557,291370,412682,14109,1738,1535,2601
５人以上,F27 電気機械器具製造業,平成21,2009,6月,758149,810004,516823,417866,449942,268588,405162,12704,340283,360062,248235
５人以上,F27 電気機械器具製造業,平成21,2009,7月,649396,711061,360986,421220,453881,268462,406010,15210,228176,257180,92524
５人以上,F27 電気機械器具製造業,平成21,2009,8月,418449,450950,266592,416325,448963,263827,397246,19079,2124,1987,2765
５人以上,F27 電気機械器具製造業,平成21,2009,9月,426934,459861,275694,417946,449939,270994,402040,15906,8988,9922,4700
５人以上,F27 電気機械器具製造業,平成21,2009,10月,446981,488435,289147,425913,463661,282187,407625,18288,21068,24774,6960
５人以上,F27 電気機械器具製造業,平成21,2009,11月,427982,466817,276960,426768,465546,275966,407021,19747,1214,1271,994
５人以上,F27 電気機械器具製造業,平成21,2009,12月,1114833,1220520,701590,419281,459603,261620,389810,29471,695552,760917,439970
５人以上,F28 情報通信機械器具製造業,平成17,2005,年平均,547053,583269,358306,397318,422365,266778,351383,45935,149735,160904,91528
５人以上,F28 情報通信機械器具製造業,平成18,2006,年平均,558541,590388,377133,392182,412629,275713,347434,44748,166359,177759,101420
５人以上,F28 情報通信機械器具製造業,平成19,2007,年平均,591316,622973,428098,427056,448468,316659,388296,38760,164260,174505,111439
５人以上,F28 情報通信機械器具製造業,平成20,2008,年平均,607693,644545,432703,438263,463133,320170,402125,36138,169430,181412,112533
５人以上,F28 情報通信機械器具製造業,平成21,2009,年平均,597489,655160,384081,438164,476054,297953,410600,27564,159325,179106,86128
５人以上,F28 情報通信機械器具製造業,平成21,2009,1月,491931,542386,304540,441691,483223,287440,413428,28263,50240,59163,17100
５人以上,F28 情報通信機械器具製造業,平成21,2009,2月,443496,481866,296090,441871,480088,295053,412197,29674,1625,1778,1037
５人以上,F28 情報通信機械器具製造業,平成21,2009,3月,443539,484215,293185,435735,475805,287618,407101,28634,7804,8410,5567
５人以上,F28 情報通信機械器具製造業,平成21,2009,4月,439656,475607,304728,437067,472646,303534,407946,29121,2589,2961,1194
５人以上,F28 情報通信機械器具製造業,平成21,2009,5月,451545,485766,321380,416622,450487,287809,389050,27572,34923,35279,33571
５人以上,F28 情報通信機械器具製造業,平成21,2009,6月,571980,627575,367322,431713,469609,292210,406575,25138,140267,157966,75112
５人以上,F28 情報通信機械器具製造業,平成21,2009,7月,1128645,1256665,664234,437457,475173,300639,411415,26042,691188,781492,363595
５人以上,F28 情報通信機械器具製造業,平成21,2009,8月,442791,481035,303324,437808,476088,298207,411745,26063,4983,4947,5117
５人以上,F28 情報通信機械器具製造業,平成21,2009,9月,439647,477222,301620,433883,470835,298145,409255,24628,5764,6387,3475
５人以上,F28 情報通信機械器具製造業,平成21,2009,10月,450578,489530,307588,448023,486525,306684,420417,27606,2555,3005,904
５人以上,F28 情報通信機械器具製造業,平成21,2009,11月,467607,504984,331675,449120,487927,307989,420224,28896,18487,17057,23686
５人以上,F28 情報通信機械器具製造業,平成21,2009,12月,1403900,1567069,805469,447934,485656,309586,418738,29196,955966,1081413,495883
５人以上,F29 電子部品・デバイス製造業,平成17,2005,年平均,518540,578750,300428,406554,451960,242068,374222,32332,111986,126790,58360
５人以上,F29 電子部品・デバイス製造業,平成18,2006,年平均,555526,612819,317321,418315,459409,247459,385083,33232,137211,153410,69862
５人以上,F29 電子部品・デバイス製造業,平成19,2007,年平均,557122,629506,314971,426012,477889,252466,400466,25546,131110,151617,62505
５人以上,F29 電子部品・デバイス製造業,平成20,2008,年平均,565921,650076,309038,417514,475893,239311,392380,25134,148407,174183,69727
５人以上,F29 電子部品・デバイス製造業,平成21,2009,年平均,513926,569740,304891,426168,470033,261884,409556,16612,87758,99707,43007
５人以上,F29 電子部品・デバイス製造業,平成21,2009,1月,424978,470861,257230,423907,469644,256696,408325,15582,1071,1217,534
５人以上,F29 電子部品・デバイス製造業,平成21,2009,2月,419016,463112,255003,415769,459408,253456,400516,15253,3247,3704,1547
５人以上,F29 電子部品・デバイス製造業,平成21,2009,3月,443043,491677,262414,425131,471386,253338,410603,14528,17912,20291,9076
５人以上,F29 電子部品・デバイス製造業,平成21,2009,4月,433298,479118,261461,422196,465409,260135,406185,16011,11102,13709,1326
５人以上,F29 電子部品・デバイス製造業,平成21,2009,5月,421780,465968,252673,420462,464458,252090,405039,15423,1318,1510,583
５人以上,F29 電子部品・デバイス製造業,平成21,2009,6月,825011,926528,433494,422192,463895,261356,405597,16595,402819,462633,172138
５人以上,F29 電子部品・デバイス製造業,平成21,2009,7月,510874,562807,308721,427173,469479,262494,409046,18127,83701,93328,46227
５人以上,F29 電子部品・デバイス製造業,平成21,2009,8月,439123,482380,271017,426810,467357,269239,410396,16414,12313,15023,1778
５人以上,F29 電子部品・デバイス製造業,平成21,2009,9月,432363,473411,275864,424685,465150,270409,409265,15420,7678,8261,5455
５人以上,F29 電子部品・デバイス製造業,平成21,2009,10月,399061,440823,258457,397107,438544,257597,380730,16377,1954,2279,860
５人以上,F29 電子部品・デバイス製造業,平成21,2009,11月,452619,500165,274299,451645,499035,273908,432078,19567,974,1130,391
５人以上,F29 電子部品・デバイス製造業,平成21,2009,12月,994388,1106926,571401,459162,508189,274887,438658,20504,535226,598737,296514
５人以上,F30 輸送用機械器具製造業,平成17,2005,年平均,558506,594799,394640,420084,445861,303700,381719,38365,138422,148938,90940
５人以上,F30 輸送用機械器具製造業,平成18,2006,年平均,530136,572531,346979,405969,438613,264940,370117,35852,124167,133918,82039
５人以上,F30 輸送用機械器具製造業,平成19,2007,年平均,507408,537317,312575,403908,428427,244185,365684,38224,103500,108890,68390
５人以上,F30 輸送用機械器具製造業,平成20,2008,年平均,540491,571817,356469,404469,428617,262612,373164,31305,136022,143200,93857
５人以上,F30 輸送用機械器具製造業,平成21,2009,年平均,567725,617519,415182,434359,473413,314717,419738,14621,133366,144106,100465
５人以上,F30 輸送用機械器具製造業,平成21,2009,1月,440336,479795,310301,439620,479137,309395,420869,18751,716,658,906
５人以上,F30 輸送用機械器具製造業,平成21,2009,2月,452670,497209,317594,451450,496064,316147,437087,14363,1220,1145,1447
５人以上,F30 輸送用機械器具製造業,平成21,2009,3月,449387,489272,330247,433142,470303,322136,416269,16873,16245,18969,8111
５人以上,F30 輸送用機械器具製造業,平成21,2009,4月,488867,539339,334653,438134,477786,316978,424591,13543,50733,61553,17675
５人以上,F30 輸送用機械器具製造業,平成21,2009,5月,424546,462489,307258,421667,459577,304482,412102,9565,2879,2912,2776
５人以上,F30 輸送用機械器具製造業,平成21,2009,6月,631211,700588,414341,426356,460489,319657,414288,12068,204855,240099,94684
５人以上,F30 輸送用機械器具製造業,平成21,2009,7月,1075749,1154400,835777,435181,475291,312801,420115,15066,640568,679109,522976
５人以上,F30 輸送用機械器具製造業,平成21,2009,8月,442279,482737,317610,426797,465919,306246,414107,12690,15482,16818,11364
５人以上,F30 輸送用機械器具製造業,平成21,2009,9月,444520,487866,315054,437561,479800,311399,422955,14606,6959,8066,3655
５人以上,F30 輸送用機械器具製造業,平成21,2009,10月,432345,472631,314230,429024,469082,311577,411822,17202,3321,3549,2653
５人以上,F30 輸送用機械器具製造業,平成21,2009,11月,450975,491124,326291,430361,467528,314937,414742,15619,20614,23596,11354
５人以上,F30 輸送用機械器具製造業,平成21,2009,12月,1042940,1115847,822687,446183,483938,332124,430780,15403,596757,631909,490563
５人以上,F31 精密機械器具製造業,平成17,2005,年平均,467433,524977,282517,375142,419048,234053,349013,26129,92291,105929,48464
５人以上,F31 精密機械器具製造業,平成18,2006,年平均,434955,486356,261020,343020,380942,214697,316210,26810,91935,105414,46323
５人以上,F31 精密機械器具製造業,平成19,2007,年平均,477238,513450,306154,379547,407272,248560,347208,32339,97691,106178,57594
５人以上,F31 精密機械器具製造業,平成20,2008,年平均,480503,528847,301085,373792,408731,244123,345750,28042,106711,120116,56962
５人以上,F31 精密機械器具製造業,平成21,2009,年平均,470209,535631,284871,376932,426324,237005,361029,15903,93277,109307,47866
５人以上,F31 精密機械器具製造業,平成21,2009,1月,377309,428234,233973,373290,423702,231399,355049,18241,4019,4532,2574
５人以上,F31 精密機械器具製造業,平成21,2009,2月,382432,434685,237372,377164,428824,233751,356518,20646,5268,5861,3621
５人以上,F31 精密機械器具製造業,平成21,2009,3月,394263,446650,248409,389968,441968,245192,368427,21541,4295,4682,3217
５人以上,F31 精密機械器具製造業,平成21,2009,4月,406548,464254,246628,395516,450803,242298,378573,16943,11032,13451,4330
５人以上,F31 精密機械器具製造業,平成21,2009,5月,374945,424304,238361,371567,420691,235634,353973,17594,3378,3613,2727
５人以上,F31 精密機械器具製造業,平成21,2009,6月,582342,685131,310122,369206,423046,226621,354440,14766,213136,262085,83501
５人以上,F31 精密機械器具製造業,平成21,2009,7月,647173,732277,394622,377407,424963,236283,363585,13822,269766,307314,158339
５人以上,F31 精密機械器具製造業,平成21,2009,8月,380801,428191,240709,372648,418957,235750,359667,12981,8153,9234,4959
５人以上,F31 精密機械器具製造業,平成21,2009,9月,385008,431104,249376,376648,422105,242894,364121,12527,8360,8999,6482
５人以上,F31 精密機械器具製造業,平成21,2009,10月,387940,437352,246084,378494,426278,241309,365034,13460,9446,11074,4775
５人以上,F31 精密機械器具製造業,平成21,2009,11月,446167,509056,266807,367908,413943,236616,355282,12626,78259,95113,30191
５人以上,F31 精密機械器具製造業,平成21,2009,12月,879380,1007380,511937,373586,421106,237172,357803,15783,505794,586274,274765
５人以上,F32 その他の製造業,平成17,2005,年平均,467836,551968,289021,382036,451879,233592,367463,14573,85800,100089,55429
５人以上,F32 その他の製造業,平成18,2006,年平均,490042,547684,329434,403455,451464,269688,382273,21182,86587,96220,59746
５人以上,F32 その他の製造業,平成19,2007,年平均,469925,535795,299899,369837,418593,243987,358345,11492,100088,117202,55912
５人以上,F32 その他の製造業,平成20,2008,年平均,463767,531819,292676,362358,410242,241972,348589,13769,101409,121577,50704
５人以上,F32 その他の製造業,平成21,2009,年平均,369041,430995,233014,324160,376970,208210,305129,19031,44881,54025,24804
５人以上,F32 その他の製造業,平成21,2009,1月,371503,440203,210287,358456,423566,205663,338661,19795,13047,16637,4624
５人以上,F32 その他の製造業,平成21,2009,2月,345898,398050,221158,341398,392230,219816,316050,25348,4500,5820,1342
５人以上,F32 その他の製造業,平成21,2009,3月,341327,393350,215352,329975,379660,209660,308818,21157,11352,13690,5692
５人以上,F32 その他の製造業,平成21,2009,4月,343887,392265,225306,330001,375970,217326,308709,21292,13886,16295,7980
５人以上,F32 その他の製造業,平成21,2009,5月,391989,446693,260362,320458,365529,212009,304040,16418,71531,81164,48353
５人以上,F32 その他の製造業,平成21,2009,6月,326048,373188,217230,317107,362525,212264,301582,15525,8941,10663,4966
５人以上,F32 その他の製造業,平成21,2009,7月,407167,480544,255980,320155,373167,210928,301657,18498,87012,107377,45052
５人以上,F32 その他の製造業,平成21,2009,8月,352240,408227,237726,321369,374909,211859,302078,19291,30871,33318,25867
５人以上,F32 その他の製造業,平成21,2009,9月,326986,386337,206563,317482,374319,202159,297861,19621,9504,12018,4404
５人以上,F32 その他の製造業,平成21,2009,10月,324156,381263,209146,312556,367868,201160,293139,19417,11600,13395,7986
５人以上,F32 その他の製造業,平成21,2009,11月,309363,362926,202784,308466,361757,202426,292421,16045,897,1169,358
５人以上,F32 その他の製造業,平成21,2009,12月,586809,714889,329616,311644,368967,196536,295770,15874,275165,345922,133080
５人以上,J-1 卸売業,平成17,2005,年平均,548615,629163,349696,417096,473486,277836,402997,14099,131519,155677,71860
５人以上,J-1 卸売業,平成18,2006,年平均,561176,637967,361318,419059,471643,282203,402123,16936,142117,166324,79115
５人以上,J-1 卸売業,平成19,2007,年平均,531368,604397,334700,402225,452453,266961,385700,16525,129143,151944,67739
５人以上,J-1 卸売業,平成20,2008,年平均,529711,598398,344381,402035,449911,272859,384968,17067,127676,148487,71522
５人以上,J-1 卸売業,平成21,2009,年平均,506925,581223,338544,395027,448773,273224,378348,16679,111898,132450,65320
５人以上,J-1 卸売業,平成21,2009,1月,415719,470131,286041,394685,445835,272781,376484,18201,21034,24296,13260
５人以上,J-1 卸売業,平成21,2009,2月,399759,455550,274220,395856,450875,272055,379830,16026,3903,4675,2165
５人以上,J-1 卸売業,平成21,2009,3月,421648,478688,294811,397020,453056,272417,380226,16794,24628,25632,22394
５人以上,J-1 卸売業,平成21,2009,4月,412583,466490,286009,403938,456726,279990,386488,17450,8645,9764,6019
５人以上,J-1 卸売業,平成21,2009,5月,423416,484634,287346,391909,445915,271868,374936,16973,31507,38719,15478
５人以上,J-1 卸売業,平成21,2009,6月,777355,894345,503153,397385,448958,276508,381145,16240,379970,445387,226645
５人以上,J-1 卸売業,平成21,2009,7月,601565,697107,389536,392894,445769,275551,376967,15927,208671,251338,113985
５人以上,J-1 卸売業,平成21,2009,8月,411935,465696,285636,398900,450159,278478,382780,16120,13035,15537,7158
５人以上,J-1 卸売業,平成21,2009,9月,411108,467759,285631,393898,448405,273171,378511,15387,17210,19354,12460
５人以上,J-1 卸売業,平成21,2009,10月,401173,458378,276205,389107,446441,263859,372747,16360,12066,11937,12346
５人以上,J-1 卸売業,平成21,2009,11月,430529,496130,286074,389488,443175,271269,372183,17305,41041,52955,14805
５人以上,J-1 卸売業,平成21,2009,12月,964792,1122869,605597,395421,449968,271475,378050,17371,569371,672901,334122
５人以上,J-2 小売業,平成17,2005,年平均,229999,319899,154923,197924,269069,138510,188277,9647,32075,50830,16413
５人以上,J-2 小売業,平成18,2006,年平均,242848,319402,175078,208413,269057,154727,198639,9774,34435,50345,20351
５人以上,J-2 小売業,平成19,2007,年平均,236636,325169,167062,203037,270526,150001,193382,9655,33599,54643,17061
５人以上,J-2 小売業,平成20,2008,年平均,290984,421831,185215,238580,335694,160078,228768,9812,52404,86137,25137
５人以上,J-2 小売業,平成21,2009,年平均,251139,345715,167674,222067,301073,152343,212191,9876,29072,44642,15331
５人以上,J-2 小売業,平成21,2009,1月,217255,299406,143751,211003,292308,138256,201683,9320,6252,7098,5495
５人以上,J-2 小売業,平成21,2009,2月,240719,327435,167519,227952,312590,156507,217370,10582,12767,14845,11012
５人以上,J-2 小売業,平成21,2009,3月,230372,312395,160067,226820,306218,158765,213355,13465,3552,6177,1302
５人以上,J-2 小売業,平成21,2009,4月,238944,323284,165898,230553,310520,161295,219204,11349,8391,12764,4603
５人以上,J-2 小売業,平成21,2009,5月,220407,299277,146829,214431,289762,144154,205632,8799,5976,9515,2675
５人以上,J-2 小売業,平成21,2009,6月,275468,385371,180901,228589,309632,158855,219001,9588,46879,75739,22046
５人以上,J-2 小売業,平成21,2009,7月,296980,424893,176984,218072,295812,145144,209699,8373,78908,129081,31840
５人以上,J-2 小売業,平成21,2009,8月,236576,320050,164079,225139,304152,156517,214963,10176,11437,15898,7562
５人以上,J-2 小売業,平成21,2009,9月,219050,297244,145560,216456,293728,143833,208245,8211,2594,3516,1727
５人以上,J-2 小売業,平成21,2009,10月,219317,297064,148275,215912,292677,145766,207010,8902,3405,4387,2509
５人以上,J-2 小売業,平成21,2009,11月,245905,339342,166304,225348,304368,158028,215826,9522,20557,34974,8276
５人以上,J-2 小売業,平成21,2009,12月,373406,530394,242853,224521,302705,159502,214328,10193,148885,227689,83351
５人以上,Q80 専門サービス業（他に分類されないもの）,平成17,2005,年平均,499869,557115,361548,423602,474219,301297,394031,29571,76267,82896,60251
５人以上,Q80 専門サービス業（他に分類されないもの）,平成18,2006,年平均,484015,557293,346066,393333,452257,282406,363202,30131,90682,105036,63660
５人以上,Q80 専門サービス業（他に分類されないもの）,平成19,2007,年平均,504714,575453,343604,392233,441936,279034,365346,26887,112481,133517,64570
５人以上,Q80 専門サービス業（他に分類されないもの）,平成20,2008,年平均,501342,578391,332530,397455,454389,272715,368590,28865,103887,124002,59815
５人以上,Q80 専門サービス業（他に分類されないもの）,平成21,2009,年平均,503119,563546,361232,430986,484688,304889,400379,30607,72133,78858,56343
５人以上,Q80 専門サービス業（他に分類されないもの）,平成21,2009,1月,439498,491343,315921,432486,484788,307818,406788,25698,7012,6555,8103
５人以上,Q80 専門サービス業（他に分類されないもの）,平成21,2009,2月,439177,492884,312837,437863,491350,312041,397123,40740,1314,1534,796
５人以上,Q80 専門サービス業（他に分類されないもの）,平成21,2009,3月,493153,560860,324373,461001,521499,310191,425235,35766,32152,39361,14182
５人以上,Q80 専門サービス業（他に分類されないもの）,平成21,2009,4月,473124,527336,340782,442118,493652,316314,406740,35378,31006,33684,24468
５人以上,Q80 専門サービス業（他に分類されないもの）,平成21,2009,5月,442104,489642,319312,438143,485062,316949,394752,43391,3961,4580,2363
５人以上,Q80 専門サービス業（他に分類されないもの）,平成21,2009,6月,620902,676391,476551,436585,483250,315188,392813,43772,184317,193141,161363
５人以上,Q80 専門サービス業（他に分類されないもの）,平成21,2009,7月,609134,671244,461037,413373,462897,295286,386910,26463,195761,208347,165751
５人以上,Q80 専門サービス業（他に分類されないもの）,平成21,2009,8月,431024,487849,302275,418816,471094,300370,395806,23010,12208,16755,1905
５人以上,Q80 専門サービス業（他に分類されないもの）,平成21,2009,9月,404644,458231,282937,399561,453750,276486,371550,28011,5083,4481,6451
５人以上,Q80 専門サービス業（他に分類されないもの）,平成21,2009,10月,440638,498350,314486,428985,485851,304683,409721,19264,11653,12499,9803
５人以上,Q80 専門サービス業（他に分類されないもの）,平成21,2009,11月,435741,497391,304490,431630,492833,301331,407256,24374,4111,4558,3159
５人以上,Q80 専門サービス業（他に分類されないもの）,平成21,2009,12月,806650,911116,579720,432074,490359,305462,410370,21704,374576,420757,274258
５人以上,Q81 学術・開発研究機関,平成17,2005,年平均,645758,696429,455106,475807,512520,337671,453761,22046,169951,183909,117435
５人以上,Q81 学術・開発研究機関,平成18,2006,年平均,640575,688418,458346,476502,510093,348556,452757,23745,164073,178325,109790
５人以上,Q81 学術・開発研究機関,平成19,2007,年平均,598070,652679,390780,455838,494713,308273,428399,27439,142232,157966,82507
５人以上,Q81 学術・開発研究機関,平成20,2008,年平均,589748,650752,363721,436264,479157,277340,409717,26547,153484,171595,86381
５人以上,Q81 学術・開発研究機関,平成21,2009,年平均,551820,620399,364894,423702,470289,296718,402303,21399,128118,150110,68176
５人以上,Q81 学術・開発研究機関,平成21,2009,1月,415136,465458,282036,412717,462411,281278,392963,19754,2419,3047,758
５人以上,Q81 学術・開発研究機関,平成21,2009,2月,423070,473148,290237,420800,470547,288846,399518,21282,2270,2601,1391
５人以上,Q81 学術・開発研究機関,平成21,2009,3月,445764,494834,314066,425893,474518,295389,402311,23582,19871,20316,18677
５人以上,Q81 学術・開発研究機関,平成21,2009,4月,451676,494579,332226,441438,481999,328509,416610,24828,10238,12580,3717
５人以上,Q81 学術・開発研究機関,平成21,2009,5月,425544,467810,303329,419249,460126,301049,398350,20899,6295,7684,2280
５人以上,Q81 学術・開発研究機関,平成21,2009,6月,1056098,1201016,681587,419405,465267,300885,397872,21533,636693,735749,380702
５人以上,Q81 学術・開発研究機関,平成21,2009,7月,463272,525731,313287,432061,482184,311697,409137,22924,31211,43547,1590
５人以上,Q81 学術・開発研究機関,平成21,2009,8月,427280,477502,305831,424590,474535,303812,402646,21944,2690,2967,2019
５人以上,Q81 学術・開発研究機関,平成21,2009,9月,431217,482863,306604,424840,475868,301719,404660,20180,6377,6995,4885
５人以上,Q81 学術・開発研究機関,平成21,2009,10月,434240,479247,290401,424470,468205,284696,404671,19799,9770,11042,5705
５人以上,Q81 学術・開発研究機関,平成21,2009,11月,452389,501661,297405,419000,463048,280448,399076,19924,33389,38613,16957
５人以上,Q81 学術・開発研究機関,平成21,2009,12月,1182987,1346240,675245,420437,466369,277581,400061,20376,762550,879871,397664
５人以上,Q84 娯楽業,平成17,2005,年平均,303119,361704,225702,255011,295756,201169,246141,8870,48108,65948,24533
５人以上,Q84 娯楽業,平成18,2006,年平均,301769,350275,228118,253748,291431,196529,243720,10028,48021,58844,31589
５人以上,Q84 娯楽業,平成19,2007,年平均,298107,359408,202868,245783,287305,181272,237548,8235,52324,72103,21596
５人以上,Q84 娯楽業,平成20,2008,年平均,291765,347461,204116,243035,283671,179086,234934,8101,48730,63790,25030
５人以上,Q84 娯楽業,平成21,2009,年平均,237631,304954,154326,213489,269332,144389,203718,9771,24142,35622,9937
５人以上,Q84 娯楽業,平成21,2009,1月,215872,271347,140711,214872,269970,140221,204179,10693,1000,1377,490
５人以上,Q84 娯楽業,平成21,2009,2月,211929,270331,137946,211670,269956,137832,202600,9070,259,375,114
５人以上,Q84 娯楽業,平成21,2009,3月,210669,268666,137342,205622,263133,132910,196974,8648,5047,5533,4432
５人以上,Q84 娯楽業,平成21,2009,4月,216151,271764,146142,212207,266807,143473,200904,11303,3944,4957,2669
５人以上,Q84 娯楽業,平成21,2009,5月,240302,318313,142738,210561,267852,138909,200562,9999,29741,50461,3829
５人以上,Q84 娯楽業,平成21,2009,6月,237605,302520,157598,208137,263549,139842,198909,9228,29468,38971,17756
５人以上,Q84 娯楽業,平成21,2009,7月,265524,335999,172910,216678,266713,150926,207617,9061,48846,69286,21984
５人以上,Q84 娯楽業,平成21,2009,8月,226073,280721,154883,222212,274132,154575,213179,9033,3861,6589,308
５人以上,Q84 娯楽業,平成21,2009,9月,221603,281575,148467,216776,273773,147268,207533,9243,4827,7802,1199
５人以上,Q84 娯楽業,平成21,2009,10月,218075,274729,149917,215979,272077,148490,206887,9092,2096,2652,1427
５人以上,Q84 娯楽業,平成21,2009,11月,214863,273609,149519,214846,273577,149519,204250,10596,17,32,0
５人以上,Q84 娯楽業,平成21,2009,12月,370748,517910,208947,212228,270698,147941,200966,11262,158520,247212,61006
５人以上,"Q86,87 自動車整備業、機械等修理業",平成17,2005,年平均,464973,497322,273777,358648,383618,211066,316156,42492,106325,113704,62711
５人以上,"Q86,87 自動車整備業、機械等修理業",平成18,2006,年平均,442226,478341,248433,356626,385857,199773,319021,37605,85600,92484,48660
５人以上,"Q86,87 自動車整備業、機械等修理業",平成19,2007,年平均,460706,489806,267751,368580,389363,230772,334069,34511,92126,100443,36979
５人以上,"Q86,87 自動車整備業、機械等修理業",平成20,2008,年平均,429007,456737,255580,350332,370904,221672,318842,31490,78675,85833,33908
５人以上,"Q86,87 自動車整備業、機械等修理業",平成21,2009,年平均,460159,488810,278131,364481,386813,222599,332026,32455,95678,101997,55532
５人以上,"Q86,87 自動車整備業、機械等修理業",平成21,2009,1月,373042,400248,211447,369097,396031,209116,336366,32731,3945,4217,2331
５人以上,"Q86,87 自動車整備業、機械等修理業",平成21,2009,2月,372509,398463,214790,368797,394343,213556,337455,31342,3712,4120,1234
５人以上,"Q86,87 自動車整備業、機械等修理業",平成21,2009,3月,409225,439844,217139,371767,397621,209572,337888,33879,37458,42223,7567
５人以上,"Q86,87 自動車整備業、機械等修理業",平成21,2009,4月,373309,396301,229618,365829,389032,220819,333491,32338,7480,7269,8799
５人以上,"Q86,87 自動車整備業、機械等修理業",平成21,2009,5月,396033,422723,227098,357915,381392,209318,331399,26516,38118,41331,17780
５人以上,"Q86,87 自動車整備業、機械等修理業",平成21,2009,6月,676007,714831,430085,359161,380699,222731,332598,26563,316846,334132,207354
５人以上,"Q86,87 自動車整備業、機械等修理業",平成21,2009,7月,537340,565574,348008,367053,385906,240624,336823,30230,170287,179668,107384
５人以上,"Q86,87 自動車整備業、機械等修理業",平成21,2009,8月,370535,389962,238584,367617,386912,236559,336175,31442,2918,3050,2025
５人以上,"Q86,87 自動車整備業、機械等修理業",平成21,2009,9月,385957,406792,248990,373114,392925,242875,341114,32000,12843,13867,6115
５人以上,"Q86,87 自動車整備業、機械等修理業",平成21,2009,10月,361241,382339,222018,355129,375799,218732,318830,36299,6112,6540,3286
５人以上,"Q86,87 自動車整備業、機械等修理業",平成21,2009,11月,397273,421074,245945,357991,378897,225071,322323,35668,39282,42177,20874
５人以上,"Q86,87 自動車整備業、機械等修理業",平成21,2009,12月,874129,934673,504502,360304,382371,225582,319816,40488,513825,552302,278920
５人以上,Q82 洗濯・理容・美容・浴場業,平成17,2005,年平均,252791,303357,217397,236175,281732,204287,230022,6153,16616,21625,13110
５人以上,Q82 洗濯・理容・美容・浴場業,平成18,2006,年平均,258601,313153,206293,241276,291464,193153,231825,9451,17325,21689,13140
５人以上,Q82 洗濯・理容・美容・浴場業,平成19,2007,年平均,220295,272979,186644,209338,258520,177923,203473,5865,10957,14459,8721
５人以上,Q82 洗濯・理容・美容・浴場業,平成20,2008,年平均,213030,251744,191788,202279,237406,183005,198020,4259,10751,14338,8783
５人以上,Q82 洗濯・理容・美容・浴場業,平成21,2009,年平均,261205,332096,218906,238164,297630,202682,228083,10081,23041,34466,16224
５人以上,Q82 洗濯・理容・美容・浴場業,平成21,2009,1月,259862,320606,225272,233043,292222,199343,225402,7641,26819,28384,25929
５人以上,Q82 洗濯・理容・美容・浴場業,平成21,2009,2月,263755,337825,220522,255359,333705,209630,248281,7078,8396,4120,10892
５人以上,Q82 洗濯・理容・美容・浴場業,平成21,2009,3月,249308,322038,211893,248913,321096,211779,241711,7202,395,942,114
５人以上,Q82 洗濯・理容・美容・浴場業,平成21,2009,4月,246929,296011,221756,246456,295436,221335,238495,7961,473,575,421
５人以上,Q82 洗濯・理容・美容・浴場業,平成21,2009,5月,240506,295930,210082,240077,295431,209691,233964,6113,429,499,391
５人以上,Q82 洗濯・理容・美容・浴場業,平成21,2009,6月,271362,315840,245972,235029,295465,200530,221947,13082,36333,20375,45442
５人以上,Q82 洗濯・理容・美容・浴場業,平成21,2009,7月,302855,411194,234283,238620,290673,205673,215015,23605,64235,120521,28610
５人以上,Q82 洗濯・理容・美容・浴場業,平成21,2009,8月,227993,292251,187050,226652,291318,185449,221788,4864,1341,933,1601
５人以上,Q82 洗濯・理容・美容・浴場業,平成21,2009,9月,235040,290459,198088,233144,289185,195777,210608,22536,1896,1274,2311
５人以上,Q82 洗濯・理容・美容・浴場業,平成21,2009,10月,238654,293924,202991,238654,293924,202991,233010,5644,0,0,0
５人以上,Q82 洗濯・理容・美容・浴場業,平成21,2009,11月,227267,287134,189110,223282,280405,186874,215933,7349,3985,6729,2236
５人以上,Q82 洗濯・理容・美容・浴場業,平成21,2009,12月,373330,512947,280426,239015,297867,199854,231338,7677,134315,215080,80572
５人以上,Q89 広告業,平成17,2005,年平均,542482,592847,407178,458735,500383,346849,432426,26309,83747,92464,60329
５人以上,Q89 広告業,平成18,2006,年平均,555341,614743,405102,448125,495330,328735,420537,27588,107216,119413,76367
５人以上,Q89 広告業,平成19,2007,年平均,477261,561965,326704,409859,482417,280891,391657,18202,67402,79548,45813
５人以上,Q89 広告業,平成20,2008,年平均,479052,563478,332666,412101,484728,286173,382055,30046,66951,78750,46493
５人以上,Q89 広告業,平成21,2009,年平均,486345,561745,345259,415255,476798,300098,377651,37604,71090,84947,45161
５人以上,Q89 広告業,平成21,2009,1月,411039,473729,298673,404461,468864,289025,367769,36692,6578,4865,9648
５人以上,Q89 広告業,平成21,2009,2月,409283,471124,296625,408375,470292,295580,371565,36810,908,832,1045
５人以上,Q89 広告業,平成21,2009,3月,437016,504321,311547,422820,487185,302831,382943,39877,14196,17136,8716
５人以上,Q89 広告業,平成21,2009,4月,453843,517491,334006,429637,490595,314866,386358,43279,24206,26896,19140
５人以上,Q89 広告業,平成21,2009,5月,417358,476982,302730,411967,470164,300081,373979,37988,5391,6818,2649
５人以上,Q89 広告業,平成21,2009,6月,718000,842424,469441,403414,455559,299245,366451,36963,314586,386865,170196
５人以上,Q89 広告業,平成21,2009,7月,505913,572726,373229,422501,478918,310461,382056,40445,83412,93808,62768
５人以上,Q89 広告業,平成21,2009,8月,439803,502700,325724,418862,484905,299077,379078,39784,20941,17795,26647
５人以上,Q89 広告業,平成21,2009,9月,426778,488025,309213,419768,480385,303414,384118,35650,7010,7640,5799
５人以上,Q89 広告業,平成21,2009,10月,425735,493227,303296,421249,488117,299942,384337,36912,4486,5110,3354
５人以上,Q89 広告業,平成21,2009,11月,428256,493513,307781,404924,466779,290729,380611,24313,23332,26734,17052
５人以上,Q89 広告業,平成21,2009,12月,762161,898999,515054,415099,480668,296692,372629,42470,347062,418331,218362
５人以上,QS-1 一括分,平成17,2005,年平均,390029,481224,250112,319914,390240,212016,299307,20607,70115,90984,38096
５人以上,QS-1 一括分,平成18,2006,年平均,383656,470390,256842,311777,375662,218371,290193,21584,71879,94728,38471
５人以上,QS-1 一括分,平成19,2007,年平均,375266,454052,265799,305826,364561,224218,281752,24074,69440,89491,41581
５人以上,QS-1 一括分,平成20,2008,年平均,379378,454758,273987,308582,364515,230379,285994,22588,70796,90243,43608
５人以上,QS-1 一括分,平成21,2009,年平均,359021,452451,251112,299977,368821,220464,280292,19685,59044,83630,30648
５人以上,QS-1 一括分,平成21,2009,1月,313592,391849,221885,301034,373775,215791,280350,20684,12558,18074,6094
５人以上,QS-1 一括分,平成21,2009,2月,306303,379351,220873,303117,374719,219379,281582,21535,3186,4632,1494
５人以上,QS-1 一括分,平成21,2009,3月,315788,389371,226835,300638,366988,220429,279968,20670,15150,22383,6406
５人以上,QS-1 一括分,平成21,2009,4月,307819,383066,226489,298722,370541,221098,278548,20174,9097,12525,5391
５人以上,QS-1 一括分,平成21,2009,5月,303494,385058,215703,290289,364075,210870,270610,19679,13205,20983,4833
５人以上,QS-1 一括分,平成21,2009,6月,524585,693382,331240,299223,367082,221495,281110,18113,225362,326300,109745
５人以上,QS-1 一括分,平成21,2009,7月,369427,466009,265539,299478,369539,224117,280477,19001,69949,96470,41422
５人以上,QS-1 一括分,平成21,2009,8月,311588,381946,227602,303941,370903,224009,286346,17595,7647,11043,3593
５人以上,QS-1 一括分,平成21,2009,9月,308260,374096,228858,300206,363032,224433,281402,18804,8054,11064,4425
５人以上,QS-1 一括分,平成21,2009,10月,314410,386587,227722,303892,371574,222602,284379,19513,10518,15013,5120
５人以上,QS-1 一括分,平成21,2009,11月,324069,402386,232259,300105,366480,222295,279843,20262,23964,35906,9964
５人以上,QS-1 一括分,平成21,2009,12月,615764,806187,392499,299151,366663,219995,279179,19972,316613,439524,172504
,,,,,,,,,,,,,,,
東京都の賃金、労働時間及び雇用の動き（毎月勤労統計調査）平成21年確報,,,,,,,,,,,,,,,
第１－１表　産業、性別常用労働者の１人平均月間現金給与額　（事業所規模５人以上）,,,,,,,,,,,,,,,
