事業所規模,産業,和暦年,西暦年,年平均・月,現金給与総額／計(円),現金給与総額／男(円),現金給与総額／女(円),きまって支給する給与／計(円),きまって支給する給与／男(円),きまって支給する給与／女(円),所定内給与(円),所定外給与(円),特別に支払われた給与／計(円),特別に支払われた給与／男(円),特別に支払われた給与／女(円)
30人以上,TL 調査産業計,平成17,2005,年平均,485455,578241,308985,376360,444836,246126,347840,28520,109095,133405,62859
30人以上,TL 調査産業計,平成18,2006,年平均,489455,584977,312629,374252,443004,246981,345002,29250,115203,141973,65648
30人以上,TL 調査産業計,平成19,2007,年平均,488551,577529,318891,374024,436871,254190,345788,28236,114527,140658,64701
30人以上,TL 調査産業計,平成20,2008,年平均,499966,586585,329177,380682,442060,259661,352711,27971,119284,144525,69516
30人以上,TL 調査産業計,平成21,2009,年平均,466643,557125,311082,369146,436510,253330,342915,26231,97497,120615,57752
30人以上,TL 調査産業計,平成21,2009,1月,387416,459102,261378,366353,435275,245175,339272,27081,21063,23827,16203
30人以上,TL 調査産業計,平成21,2009,2月,383926,453362,263354,371233,439066,253445,343383,27850,12693,14296,9909
30人以上,TL 調査産業計,平成21,2009,3月,402451,474857,276874,375239,444247,255555,346971,28268,27212,30610,21319
30人以上,TL 調査産業計,平成21,2009,4月,392342,463509,270199,375250,442346,260095,347264,27986,17092,21163,10104
30人以上,TL 調査産業計,平成21,2009,5月,394321,467596,267689,362706,428318,249318,336127,26579,31615,39278,18371
30人以上,TL 調査産業計,平成21,2009,6月,709379,860531,448112,369678,435555,255809,343925,25753,339701,424976,192303
30人以上,TL 調査産業計,平成21,2009,7月,508595,614327,328284,368176,435106,254036,342772,25404,140419,179221,74248
30人以上,TL 調査産業計,平成21,2009,8月,381573,452642,261182,369138,436406,255187,344758,24380,12435,16236,5995
30人以上,TL 調査産業計,平成21,2009,9月,376347,444645,258738,366260,432776,251720,341919,24341,10087,11869,7018
30人以上,TL 調査産業計,平成21,2009,10月,380255,450410,259871,367961,435473,252113,342690,25271,12294,14937,7758
30人以上,TL 調査産業計,平成21,2009,11月,403620,483419,268796,368191,436032,253571,342317,25874,35429,47387,15225
30人以上,TL 調査産業計,平成21,2009,12月,877534,1060385,566002,369665,437673,253796,343649,26016,507869,622712,312206
30人以上,D 鉱業,平成17,2005,年平均,687071,754997,384855,457838,500728,267011,448824,9014,229233,254269,117844
30人以上,D 鉱業,平成18,2006,年平均,703153,772912,385894,453473,494582,266513,444886,8587,249680,278330,119381
30人以上,D 鉱業,平成19,2007,年平均,667289,728738,394115,466148,508569,277563,434236,31912,201141,220169,116552
30人以上,D 鉱業,平成20,2008,年平均,719236,780702,424473,475703,515127,286645,446451,29252,243533,265575,137828
30人以上,D 鉱業,平成21,2009,年平均,731346,803410,466954,492725,538440,325003,472371,20354,238621,264970,141951
30人以上,D 鉱業,平成21,2009,1月,523628,575356,341013,520659,571727,340375,499307,21352,2969,3629,638
30人以上,D 鉱業,平成21,2009,2月,510538,562051,327691,506269,558287,321629,484425,21844,4269,3764,6062
30人以上,D 鉱業,平成21,2009,3月,549253,601132,364577,503366,553190,326007,480806,22560,45887,47942,38570
30人以上,D 鉱業,平成21,2009,4月,514521,563047,344408,509212,557529,339832,482960,26252,5309,5518,4576
30人以上,D 鉱業,平成21,2009,5月,517018,569619,333772,502832,553336,326889,482806,20026,14186,16283,6883
30人以上,D 鉱業,平成21,2009,6月,1433521,1628620,755432,493487,543144,320897,476940,16547,940034,1085476,434535
30人以上,D 鉱業,平成21,2009,7月,773203,814366,613048,496999,536692,342561,474705,22294,276204,277674,270487
30人以上,D 鉱業,平成21,2009,8月,578617,634873,360140,477945,518292,321254,460097,17848,100672,116581,38886
30人以上,D 鉱業,平成21,2009,9月,515527,559229,347190,479195,522076,314019,462859,16336,36332,37153,33171
30人以上,D 鉱業,平成21,2009,10月,493052,537587,321745,485767,529370,318047,464313,21454,7285,8217,3698
30人以上,D 鉱業,平成21,2009,11月,472520,514606,314244,469910,511481,313570,450166,19744,2610,3125,674
30人以上,D 鉱業,平成21,2009,12月,1872335,2058853,1174464,469009,510355,314310,450709,18300,1403326,1548498,860154
30人以上,E 建設業,平成17,2005,年平均,535192,562386,319911,439710,462693,257762,413105,26605,95482,99693,62149
30人以上,E 建設業,平成18,2006,年平均,521741,548150,312921,426418,448269,253634,398714,27704,95323,99881,59287
30人以上,E 建設業,平成19,2007,年平均,518836,548764,317835,415565,440055,251087,384480,31085,103271,108709,66748
30人以上,E 建設業,平成20,2008,年平均,507331,535446,315152,407560,430466,250986,375690,31870,99771,104980,64166
30人以上,E 建設業,平成21,2009,年平均,542781,576187,317214,434079,460272,257220,395894,38185,108702,115915,59994
30人以上,E 建設業,平成21,2009,1月,433830,458926,254966,429390,454071,253483,392509,36881,4440,4855,1483
30人以上,E 建設業,平成21,2009,2月,442095,468339,255659,433521,458953,252856,394508,39013,8574,9386,2803
30人以上,E 建設業,平成21,2009,3月,459007,483639,279657,445647,469929,268847,403673,41974,13360,13710,10810
30人以上,E 建設業,平成21,2009,4月,491622,517348,305319,446579,470372,274275,404490,42089,45043,46976,31044
30人以上,E 建設業,平成21,2009,5月,455963,483537,272900,414413,439639,246935,379522,34891,41550,43898,25965
30人以上,E 建設業,平成21,2009,6月,808810,872971,399331,436375,463532,263057,399654,36721,372435,409439,136274
30人以上,E 建設業,平成21,2009,7月,611205,646682,383920,436150,463596,260318,399461,36689,175055,183086,123602
30人以上,E 建設業,平成21,2009,8月,497989,529809,293849,430220,458550,248467,393428,36792,67769,71259,45382
30人以上,E 建設業,平成21,2009,9月,453142,481046,270235,442350,470077,260600,403276,39074,10792,10969,9635
30人以上,E 建設業,平成21,2009,10月,436361,463311,251865,433197,459966,249944,394249,38948,3164,3345,1921
30人以上,E 建設業,平成21,2009,11月,507730,539762,294159,431950,458522,254784,393241,38709,75780,81240,39375
30人以上,E 建設業,平成21,2009,12月,910675,969769,523363,429404,456042,254817,392849,36555,481271,513727,268546
30人以上,F 製造業,平成17,2005,年平均,533669,595212,328622,402853,446609,257068,369714,33139,130816,148603,71554
30人以上,F 製造業,平成18,2006,年平均,539502,600367,336558,401556,443630,261266,368073,33483,137946,156737,75292
30人以上,F 製造業,平成19,2007,年平均,556032,623150,338681,414451,461661,261569,384945,29506,141581,161489,77112
30人以上,F 製造業,平成20,2008,年平均,556920,621507,345776,416378,462462,265724,387591,28787,140542,159045,80052
30人以上,F 製造業,平成21,2009,年平均,529900,589804,347265,410212,454688,274614,386699,23513,119688,135116,72651
30人以上,F 製造業,平成21,2009,1月,425889,474659,275270,414307,460823,270651,389508,24799,11582,13836,4619
30人以上,F 製造業,平成21,2009,2月,414791,456893,279689,411121,452974,276820,386191,24930,3670,3919,2869
30人以上,F 製造業,平成21,2009,3月,453536,499871,312673,415100,460870,275953,390547,24553,38436,39001,36720
30人以上,F 製造業,平成21,2009,4月,441587,488207,301130,415770,460128,282128,390849,24921,25817,28079,19002
30人以上,F 製造業,平成21,2009,5月,433382,473081,311222,402148,444492,271851,380047,22101,31234,28589,39371
30人以上,F 製造業,平成21,2009,6月,712502,800412,440989,408894,451433,277511,387498,21396,303608,348979,163478
30人以上,F 製造業,平成21,2009,7月,707324,791156,455253,407223,451816,273138,385073,22150,300101,339340,182115
30人以上,F 製造業,平成21,2009,8月,426100,474013,282083,410496,456730,271523,388225,22271,15604,17283,10560
30人以上,F 製造業,平成21,2009,9月,419444,465761,280190,408718,454100,272275,387158,21560,10726,11661,7915
30人以上,F 製造業,平成21,2009,10月,420240,467354,282482,408267,453979,274608,383875,24392,11973,13375,7874
30人以上,F 製造業,平成21,2009,11月,428333,474865,286966,409846,454371,274573,385434,24412,18487,20494,12393
30人以上,F 製造業,平成21,2009,12月,1072972,1205319,662228,410964,454926,274527,386170,24794,662008,750393,387701
30人以上,G 電気・ガス・熱供給・水道業,平成17,2005,年平均,724575,765424,454964,527717,556872,335291,468327,59390,196858,208552,119673
30人以上,G 電気・ガス・熱供給・水道業,平成18,2006,年平均,719901,760008,459875,526614,554685,344621,468305,58309,193287,205323,115254
30人以上,G 電気・ガス・熱供給・水道業,平成19,2007,年平均,663881,709198,457333,482533,514951,334777,434357,48176,181348,194247,122556
30人以上,G 電気・ガス・熱供給・水道業,平成20,2008,年平均,681176,724596,477916,491060,521922,346587,443624,47436,190116,202674,131329
30人以上,G 電気・ガス・熱供給・水道業,平成21,2009,年平均,703730,731352,507441,526603,546823,382911,448199,78404,177127,184529,124530
30人以上,G 電気・ガス・熱供給・水道業,平成21,2009,1月,524252,544345,374367,524206,544308,374249,445407,78799,46,37,118
30人以上,G 電気・ガス・熱供給・水道業,平成21,2009,2月,527911,547702,379516,524581,544641,374172,443114,81467,3330,3061,5344
30人以上,G 電気・ガス・熱供給・水道業,平成21,2009,3月,550987,571088,403174,535759,555982,387050,446787,88972,15228,15106,16124
30人以上,G 電気・ガス・熱供給・水道業,平成21,2009,4月,554300,573031,418453,541085,559830,405137,458288,82797,13215,13201,13316
30人以上,G 電気・ガス・熱供給・水道業,平成21,2009,5月,520763,539937,384122,520708,539887,384035,445435,75273,55,50,87
30人以上,G 電気・ガス・熱供給・水道業,平成21,2009,6月,1568088,1635495,1088677,522247,540976,389041,447743,74504,1045841,1094519,699636
30人以上,G 電気・ガス・熱供給・水道業,平成21,2009,7月,528369,547802,392575,528344,547774,392575,448715,79629,25,28,0
30人以上,G 電気・ガス・熱供給・水道業,平成21,2009,8月,514391,534773,374217,514391,534773,374217,443791,70600,0,0,0
30人以上,G 電気・ガス・熱供給・水道業,平成21,2009,9月,526938,548236,380252,526938,548236,380252,449893,77045,0,0,0
30人以上,G 電気・ガス・熱供給・水道業,平成21,2009,10月,551546,573403,400570,539036,560722,389247,455141,83895,12510,12681,11323
30人以上,G 電気・ガス・熱供給・水道業,平成21,2009,11月,524670,546015,376427,524623,545961,376427,447227,77396,47,54,0
30人以上,G 電気・ガス・熱供給・水道業,平成21,2009,12月,1543670,1607374,1099515,517616,538955,368841,446690,70926,1026054,1068419,730674
30人以上,H 情報通信業,平成17,2005,年平均,553746,597950,402613,427372,460554,313922,376944,50428,126374,137396,88691
30人以上,H 情報通信業,平成18,2006,年平均,549214,593086,394218,423604,455972,309249,374936,48668,125610,137114,84969
30人以上,H 情報通信業,平成19,2007,年平均,513151,549362,373543,391181,416954,291815,350867,40314,121970,132408,81728
30人以上,H 情報通信業,平成20,2008,年平均,513137,548914,373196,398598,425262,294302,358517,40081,114539,123652,78894
30人以上,H 情報通信業,平成21,2009,年平均,530187,572024,408029,409546,440727,318501,367351,42195,120641,131297,89528
30人以上,H 情報通信業,平成21,2009,1月,463884,498920,349020,405026,436781,300918,359481,45545,58858,62139,48102
30人以上,H 情報通信業,平成21,2009,2月,420884,449045,332234,413265,442659,320734,367552,45713,7619,6386,11500
30人以上,H 情報通信業,平成21,2009,3月,442528,474088,344052,420286,451274,323596,373834,46452,22242,22814,20456
30人以上,H 情報通信業,平成21,2009,4月,434054,465645,337597,412975,443341,320259,368466,44509,21079,22304,17338
30人以上,H 情報通信業,平成21,2009,5月,418137,450967,318250,401078,431492,308542,359358,41720,17059,19475,9708
30人以上,H 情報通信業,平成21,2009,6月,882555,949166,676053,406113,435789,314113,367072,39041,476442,513377,361940
30人以上,H 情報通信業,平成21,2009,7月,535074,589804,387744,412822,446348,322571,371383,41439,122252,143456,65173
30人以上,H 情報通信業,平成21,2009,8月,422267,451837,342358,409307,440115,326052,369942,39365,12960,11722,16306
30人以上,H 情報通信業,平成21,2009,9月,418399,452185,326804,407664,440059,319842,368188,39476,10735,12126,6962
30人以上,H 情報通信業,平成21,2009,10月,424654,458254,331811,404732,436973,315642,364570,40162,19922,21281,16169
30人以上,H 情報通信業,平成21,2009,11月,465159,508168,345213,409806,441074,322606,367429,42377,55353,67094,22607
30人以上,H 情報通信業,平成21,2009,12月,1035917,1120612,801051,411854,443319,324600,371057,40797,624063,677293,476451
30人以上,I 運輸業,平成17,2005,年平均,424538,452616,286113,349281,373584,229469,296455,52826,75257,79032,56644
30人以上,I 運輸業,平成18,2006,年平均,437294,484627,277209,353062,394731,212136,297227,55835,84232,89896,65073
30人以上,I 運輸業,平成19,2007,年平均,439176,458936,301130,357798,374371,242017,305006,52792,81378,84565,59113
30人以上,I 運輸業,平成20,2008,年平均,451701,470413,319481,358731,374139,249860,307191,51540,92970,96274,69621
30人以上,I 運輸業,平成21,2009,年平均,449078,477456,325439,372607,396087,270309,331329,41278,76471,81369,55130
30人以上,I 運輸業,平成21,2009,1月,406842,434409,277875,370915,395344,256631,330080,40835,35927,39065,21244
30人以上,I 運輸業,平成21,2009,2月,380982,404446,270461,370863,394424,259885,330392,40471,10119,10022,10576
30人以上,I 運輸業,平成21,2009,3月,389070,413999,273986,368552,392558,257730,325875,42677,20518,21441,16256
30人以上,I 運輸業,平成21,2009,4月,393469,414929,294507,377391,397352,285341,334504,42887,16078,17577,9166
30人以上,I 運輸業,平成21,2009,5月,406863,435733,285624,372562,397216,269030,332137,40425,34301,38517,16594
30人以上,I 運輸業,平成21,2009,6月,580191,629089,375634,372886,397660,269249,334825,38061,207305,231429,106385
30人以上,I 運輸業,平成21,2009,7月,507269,530059,410669,371035,394361,272159,329820,41215,136234,135698,138510
30人以上,I 運輸業,平成21,2009,8月,382576,407035,280581,370832,394497,272148,332225,38607,11744,12538,8433
30人以上,I 運輸業,平成21,2009,9月,391229,410876,306983,377221,399939,279810,336285,40936,14008,10937,27173
30人以上,I 運輸業,平成21,2009,10月,381672,404522,281073,368450,389523,275674,325108,43342,13222,14999,5399
30人以上,I 運輸業,平成21,2009,11月,399623,427103,286179,372155,396085,273368,330666,41489,27468,31018,12811
30人以上,I 運輸業,平成21,2009,12月,765766,819312,542223,378306,404123,270527,333836,44470,387460,415189,271696
30人以上,J 卸売・小売業,平成17,2005,年平均,481308,623845,263941,359771,457338,210983,343884,15887,121537,166507,52958
30人以上,J 卸売・小売業,平成18,2006,年平均,500146,637061,283779,370677,462824,225058,352531,18146,129469,174237,58721
30人以上,J 卸売・小売業,平成19,2007,年平均,469437,603119,259337,351492,439989,212407,333564,17928,117945,163130,46930
30人以上,J 卸売・小売業,平成20,2008,年平均,506460,632589,286988,375496,461015,226687,357581,17915,130964,171574,60301
30人以上,J 卸売・小売業,平成21,2009,年平均,450647,566557,269682,353554,437428,222604,335937,17617,97093,129129,47078
30人以上,J 卸売・小売業,平成21,2009,1月,360183,446905,216824,347875,431603,209466,329376,18499,12308,15302,7358
30人以上,J 卸売・小売業,平成21,2009,2月,376431,465279,242236,363721,453034,228824,345944,17777,12710,12245,13412
30人以上,J 卸売・小売業,平成21,2009,3月,382776,475154,244449,362929,450264,232154,341598,21331,19847,24890,12295
30人以上,J 卸売・小売業,平成21,2009,4月,374995,459695,242321,363948,446590,234498,344820,19128,11047,13105,7823
30人以上,J 卸売・小売業,平成21,2009,5月,369720,462541,221686,343121,425436,211842,326176,16945,26599,37105,9844
30人以上,J 卸売・小売業,平成21,2009,6月,678056,873594,376232,359852,443733,230377,342384,17468,318204,429861,145855
30人以上,J 卸売・小売業,平成21,2009,7月,532201,681584,294368,344962,426808,214654,329292,15670,187239,254776,79714
30人以上,J 卸売・小売業,平成21,2009,8月,366736,454376,231789,357616,441883,227862,340689,16927,9120,12493,3927
30人以上,J 卸売・小売業,平成21,2009,9月,361833,446832,223757,347551,428873,215448,332399,15152,14282,17959,8309
30人以上,J 卸売・小売業,平成21,2009,10月,355205,440119,219813,343475,427345,209747,327213,16262,11730,12774,10066
30人以上,J 卸売・小売業,平成21,2009,11月,395145,498245,241348,351766,435607,226699,333823,17943,43379,62638,14649
30人以上,J 卸売・小売業,平成21,2009,12月,843860,1085519,472066,356202,439450,228123,337790,18412,487658,646069,243943
30人以上,K 金融・保険業,平成17,2005,年平均,659549,832394,411095,493947,616736,317446,459820,34127,165602,215658,93649
30人以上,K 金融・保険業,平成18,2006,年平均,665970,854670,405286,477733,604344,302824,443159,34574,188237,250326,102462
30人以上,K 金融・保険業,平成19,2007,年平均,689196,882674,414861,501964,629055,321760,469262,32702,187232,253619,93101
30人以上,K 金融・保険業,平成20,2008,年平均,703715,910842,418454,495376,626095,315346,463518,31858,208339,284747,103108
30人以上,K 金融・保険業,平成21,2009,年平均,651627,807414,406567,499287,612130,321778,465376,33911,152340,195284,84789
30人以上,K 金融・保険業,平成21,2009,1月,528838,646959,331382,498449,602398,324683,461306,37143,30389,44561,6699
30人以上,K 金融・保険業,平成21,2009,2月,586052,719384,371455,493324,603372,316202,458725,34599,92728,116012,55253
30人以上,K 金融・保険業,平成21,2009,3月,548948,672439,349629,508022,621018,325642,471402,36620,40926,51421,23987
30人以上,K 金融・保険業,平成21,2009,4月,532652,647670,350233,510928,616435,343594,471801,39127,21724,31235,6639
30人以上,K 金融・保険業,平成21,2009,5月,659461,819893,409307,488698,596766,320192,454628,34070,170763,223127,89115
30人以上,K 金融・保険業,平成21,2009,6月,1093950,1395519,626872,495396,608301,320526,461702,33694,598554,787218,306346
30人以上,K 金融・保険業,平成21,2009,7月,582160,722022,366422,504806,625383,318814,469859,34947,77354,96639,47608
30人以上,K 金融・保険業,平成21,2009,8月,512726,632780,327370,502332,620586,319755,470026,32306,10394,12194,7615
30人以上,K 金融・保険業,平成21,2009,9月,508379,621151,332821,494983,607795,319362,466506,28477,13396,13356,13459
30人以上,K 金融・保険業,平成21,2009,10月,514301,637479,323262,493527,607737,316395,461177,32350,20774,29742,6867
30人以上,K 金融・保険業,平成21,2009,11月,581431,718403,369546,499116,617749,315599,466912,32204,82315,100654,53947
30人以上,K 金融・保険業,平成21,2009,12月,1156890,1445534,707531,502152,618517,320996,470654,31498,654738,827017,386535
30人以上,L 不動産業,平成17,2005,年平均,487709,578381,271356,370030,434779,215533,348941,21089,117679,143602,55823
30人以上,L 不動産業,平成18,2006,年平均,510886,604684,290160,376647,441400,224269,354203,22444,134239,163284,65891
30人以上,L 不動産業,平成19,2007,年平均,492626,571667,300647,372630,428126,237839,350078,22552,119996,143541,62808
30人以上,L 不動産業,平成20,2008,年平均,486318,563144,303845,371785,426925,240820,348233,23552,114533,136219,63025
30人以上,L 不動産業,平成21,2009,年平均,447289,531659,269841,351540,413809,220575,328868,22672,95749,117850,49266
30人以上,L 不動産業,平成21,2009,1月,397055,464537,253209,355975,417605,224603,330755,25220,41080,46932,28606
30人以上,L 不動産業,平成21,2009,2月,358212,423046,223218,353481,417802,219553,328603,24878,4731,5244,3665
30人以上,L 不動産業,平成21,2009,3月,371515,440620,226739,351042,416063,214824,328593,22449,20473,24557,11915
30人以上,L 不動産業,平成21,2009,4月,365966,431625,230840,354438,418084,223453,331890,22548,11528,13541,7387
30人以上,L 不動産業,平成21,2009,5月,362744,422037,235106,357974,416632,231703,334628,23346,4770,5405,3403
30人以上,L 不動産業,平成21,2009,6月,778720,947985,418762,359793,423922,223416,337170,22623,418927,524063,195346
30人以上,L 不動産業,平成21,2009,7月,439951,520964,267781,353453,414323,224091,330625,22828,86498,106641,43690
30人以上,L 不動産業,平成21,2009,8月,378504,448580,232865,343136,404567,215464,321898,21238,35368,44013,17401
30人以上,L 不動産業,平成21,2009,9月,368507,434078,229791,350335,413627,216439,330625,19710,18172,20451,13352
30人以上,L 不動産業,平成21,2009,10月,357834,423560,223668,345206,408029,216967,322836,22370,12628,15531,6701
30人以上,L 不動産業,平成21,2009,11月,378902,448954,229208,345571,405022,218531,322862,22709,33331,43932,10677
30人以上,L 不動産業,平成21,2009,12月,808791,971021,468262,347937,409819,218043,325834,22103,460854,561202,250219
30人以上,"M 飲食店,宿泊業",平成17,2005,年平均,217897,294804,136134,193583,258579,124484,181489,12094,24314,36225,11650
30人以上,"M 飲食店,宿泊業",平成18,2006,年平均,200659,272914,129696,178471,237650,120350,166728,11743,22188,35264,9346
30人以上,"M 飲食店,宿泊業",平成19,2007,年平均,266642,357157,156411,226784,297289,140923,211288,15496,39858,59868,15488
30人以上,"M 飲食店,宿泊業",平成20,2008,年平均,291668,385270,166970,240510,311104,146464,225656,14854,51158,74166,20506
30人以上,"M 飲食店,宿泊業",平成21,2009,年平均,197071,272615,125701,176626,240214,116551,165606,11020,20445,32401,9150
30人以上,"M 飲食店,宿泊業",平成21,2009,1月,181928,260103,107112,165185,231853,101382,154175,11010,16743,28250,5730
30人以上,"M 飲食店,宿泊業",平成21,2009,2月,178260,245875,114347,177151,244209,113766,167241,9910,1109,1666,581
30人以上,"M 飲食店,宿泊業",平成21,2009,3月,188325,261407,119847,183567,254204,117380,173822,9745,4758,7203,2467
30人以上,"M 飲食店,宿泊業",平成21,2009,4月,185512,247613,126660,181222,241220,124362,169309,11913,4290,6393,2298
30人以上,"M 飲食店,宿泊業",平成21,2009,5月,165417,224582,106621,162612,220719,104868,151872,10740,2805,3863,1753
30人以上,"M 飲食店,宿泊業",平成21,2009,6月,217117,306839,132959,177377,237022,121430,167180,10197,39740,69817,11529
30人以上,"M 飲食店,宿泊業",平成21,2009,7月,226945,320552,139599,182484,249185,120244,171824,10660,44461,71367,19355
30人以上,"M 飲食店,宿泊業",平成21,2009,8月,189783,257955,126021,176379,235066,121489,164943,11436,13404,22889,4532
30人以上,"M 飲食店,宿泊業",平成21,2009,9月,173387,236173,112578,169688,231150,110161,158738,10950,3699,5023,2417
30人以上,"M 飲食店,宿泊業",平成21,2009,10月,193210,265819,127086,189047,259759,124651,177551,11496,4163,6060,2435
30人以上,"M 飲食店,宿泊業",平成21,2009,11月,199816,263160,141819,181106,242360,125023,169575,11531,18710,20800,16796
30人以上,"M 飲食店,宿泊業",平成21,2009,12月,268280,386873,154955,174194,237547,113654,161414,12780,94086,149326,41301
30人以上,"N 医療,福祉",平成17,2005,年平均,415748,566866,355428,323693,436008,278862,300964,22729,92055,130858,76566
30人以上,"N 医療,福祉",平成18,2006,年平均,419640,581505,351120,321949,439532,272174,298773,23176,97691,141973,78946
30人以上,"N 医療,福祉",平成19,2007,年平均,409266,540523,368412,324920,438187,289666,304927,19993,84346,102336,78746
30人以上,"N 医療,福祉",平成20,2008,年平均,423360,560119,381152,333384,451207,297020,311480,21904,89976,108912,84132
30人以上,"N 医療,福祉",平成21,2009,年平均,373962,454182,345931,306913,384954,279644,286860,20053,67049,69228,66287
30人以上,"N 医療,福祉",平成21,2009,1月,341836,396906,323908,303483,390186,275257,282062,21421,38353,6720,48651
30人以上,"N 医療,福祉",平成21,2009,2月,310701,378891,286120,307112,377519,281731,283737,23375,3589,1372,4389
30人以上,"N 医療,福祉",平成21,2009,3月,345674,414331,321470,305290,379615,279088,285702,19588,40384,34716,42382
30人以上,"N 医療,福祉",平成21,2009,4月,319983,399169,291719,312696,391737,284484,294067,18629,7287,7432,7235
30人以上,"N 医療,福祉",平成21,2009,5月,330383,389520,309508,311128,384569,285204,290506,20622,19255,4951,24304
30人以上,"N 医療,福祉",平成21,2009,6月,524606,658435,477859,308007,381915,282191,286980,21027,216599,276520,195668
30人以上,"N 医療,福祉",平成21,2009,7月,365416,440725,339170,314021,395596,285592,295357,18664,51395,45129,53578
30人以上,"N 医療,福祉",平成21,2009,8月,305540,384195,279323,304729,383892,278342,286067,18662,811,303,981
30人以上,"N 医療,福祉",平成21,2009,9月,310295,390134,282137,308426,389209,279935,290769,17657,1869,925,2202
30人以上,"N 医療,福祉",平成21,2009,10月,310421,390104,282147,307459,386884,279276,287308,20151,2962,3220,2871
30人以上,"N 医療,福祉",平成21,2009,11月,303471,389252,273033,302653,388631,272146,283351,19302,818,621,887
30人以上,"N 医療,福祉",平成21,2009,12月,715883,812044,682066,297869,369828,272563,276227,21642,418014,442216,409503
30人以上,"O 教育,学習支援業",平成17,2005,年平均,463678,541219,372754,341567,393876,280230,332608,8959,122111,147343,92524
30人以上,"O 教育,学習支援業",平成18,2006,年平均,469498,550103,377972,345513,401048,282453,336051,9462,123985,149055,95519
30人以上,"O 教育,学習支援業",平成19,2007,年平均,552051,641962,438632,400882,464028,321227,381401,19481,151169,177934,117405
30人以上,"O 教育,学習支援業",平成20,2008,年平均,561473,650041,431093,401015,457786,317443,382050,18965,160458,192255,113650
30人以上,"O 教育,学習支援業",平成21,2009,年平均,500162,587360,388988,367913,428470,290705,360474,7439,132249,158890,98283
30人以上,"O 教育,学習支援業",平成21,2009,1月,370863,435569,290838,368743,432554,289826,362054,6689,2120,3015,1012
30人以上,"O 教育,学習支援業",平成21,2009,2月,385662,449628,305274,367148,426637,292386,359318,7830,18514,22991,12888
30人以上,"O 教育,学習支援業",平成21,2009,3月,450046,526087,352222,379827,439319,303293,371433,8394,70219,86768,48929
30人以上,"O 教育,学習支援業",平成21,2009,4月,400528,468996,313447,375164,440190,292461,366253,8911,25364,28806,20986
30人以上,"O 教育,学習支援業",平成21,2009,5月,394912,461685,309654,373651,432002,299147,364158,9493,21261,29683,10507
30人以上,"O 教育,学習支援業",平成21,2009,6月,833136,951880,682546,368619,427391,294085,361702,6917,464517,524489,388461
30人以上,"O 教育,学習支援業",平成21,2009,7月,527474,630825,394836,370073,432620,289801,362525,7548,157401,198205,105035
30人以上,"O 教育,学習支援業",平成21,2009,8月,360169,420562,283298,358482,418733,281792,351324,7158,1687,1829,1506
30人以上,"O 教育,学習支援業",平成21,2009,9月,369109,431440,289572,361924,423507,283340,356613,5311,7185,7933,6232
30人以上,"O 教育,学習支援業",平成21,2009,10月,393403,457093,311316,369925,429658,292938,363519,6406,23478,27435,18378
30人以上,"O 教育,学習支援業",平成21,2009,11月,387412,456368,298489,359056,416223,285336,351714,7342,28356,40145,13153
30人以上,"O 教育,学習支援業",平成21,2009,12月,1124211,1345834,837477,362535,423073,284211,355241,7294,761676,922761,553266
30人以上,P 複合サービス事業,平成17,2005,年平均,368163,439753,146738,292080,346248,124541,264652,27428,76083,93505,22197
30人以上,P 複合サービス事業,平成18,2006,年平均,369620,443153,146366,289024,343777,122790,255570,33454,80596,99376,23576
30人以上,P 複合サービス事業,平成19,2007,年平均,429003,475460,230255,346314,384923,181142,315214,31100,82689,90537,49113
30人以上,P 複合サービス事業,平成20,2008,年平均,524226,572247,305606,406220,441513,245546,381252,24968,118006,130734,60060
30人以上,P 複合サービス事業,平成21,2009,年平均,541531,624728,307436,412413,472107,244450,387403,25010,129118,152621,62986
30人以上,P 複合サービス事業,平成21,2009,1月,426715,490064,255501,411002,472180,245655,381308,29694,15713,17884,9846
30人以上,P 複合サービス事業,平成21,2009,2月,403130,465159,232933,402280,464032,232841,377811,24469,850,1127,92
30人以上,P 複合サービス事業,平成21,2009,3月,407835,471154,233084,404150,467089,230449,378808,25342,3685,4065,2635
30人以上,P 複合サービス事業,平成21,2009,4月,441275,503689,266933,436120,497366,265043,409318,26802,5155,6323,1890
30人以上,P 複合サービス事業,平成21,2009,5月,415658,474802,248669,413707,472397,248000,386301,27406,1951,2405,669
30人以上,P 複合サービス事業,平成21,2009,6月,1124746,1318118,583223,418190,478543,249178,392721,25469,706556,839575,334045
30人以上,P 複合サービス事業,平成21,2009,7月,439695,505754,253632,402791,463015,233161,376422,26369,36904,42739,20471
30人以上,P 複合サービス事業,平成21,2009,8月,406597,466170,238460,406141,465630,238243,385000,21141,456,540,217
30人以上,P 複合サービス事業,平成21,2009,9月,402939,460824,238633,402426,460130,238633,383400,19026,513,694,0
30人以上,P 複合サービス事業,平成21,2009,10月,452436,516109,270399,450495,513814,269469,426663,23832,1941,2295,930
30人以上,P 複合サービス事業,平成21,2009,11月,400114,455973,239057,397605,454003,234994,372259,25346,2509,1970,4063
30人以上,P 複合サービス事業,平成21,2009,12月,1168788,1350649,635374,404500,457741,248340,379398,25102,764288,892908,387034
30人以上,Q サービス業（他に分類されないもの）,平成17,2005,年平均,443575,539628,276431,359853,433340,231977,333728,26125,83722,106288,44454
30人以上,Q サービス業（他に分類されないもの）,平成18,2006,年平均,437782,533676,282818,349860,419820,236804,323344,26516,87922,113856,46014
30人以上,Q サービス業（他に分類されないもの）,平成19,2007,年平均,429558,518393,284021,341633,404757,238218,313966,27667,87925,113636,45803
30人以上,Q サービス業（他に分類されないもの）,平成20,2008,年平均,427934,514063,285872,342618,404726,240176,315077,27541,85316,109337,45696
30人以上,Q サービス業（他に分類されないもの）,平成21,2009,年平均,409500,507264,270040,339251,412679,234505,313509,25742,70249,94585,35535
30人以上,Q サービス業（他に分類されないもの）,平成21,2009,1月,344123,421778,234267,338845,416196,229420,313523,25322,5278,5582,4847
30人以上,Q サービス業（他に分類されないもの）,平成21,2009,2月,345825,422246,236848,343229,418771,235505,313683,29546,2596,3475,1343
30人以上,Q サービス業（他に分類されないもの）,平成21,2009,3月,366342,450175,243426,345488,421210,234465,318209,27279,20854,28965,8961
30人以上,Q サービス業（他に分類されないもの）,平成21,2009,4月,354316,435783,244339,340925,417850,237078,313513,27412,13391,17933,7261
30人以上,Q サービス業（他に分類されないもの）,平成21,2009,5月,348662,433244,232079,332875,409215,227653,303790,29085,15787,24029,4426
30人以上,Q サービス業（他に分類されないもの）,平成21,2009,6月,604666,766743,369132,337760,407772,236018,309548,28212,266906,358971,133114
30人以上,Q サービス業（他に分類されないもの）,平成21,2009,7月,431710,528470,292912,335084,403637,236749,310125,24959,96626,124833,56163
30人以上,Q サービス業（他に分類されないもの）,平成21,2009,8月,348821,423420,240089,340239,410792,237405,318182,22057,8582,12628,2684
30人以上,Q サービス業（他に分類されないもの）,平成21,2009,9月,340778,411834,238151,332401,401217,233010,307350,25051,8377,10617,5141
30人以上,Q サービス業（他に分類されないもの）,平成21,2009,10月,352511,428882,241307,343464,416750,236752,320959,22505,9047,12132,4555
30人以上,Q サービス業（他に分類されないもの）,平成21,2009,11月,363899,446896,245704,339555,412860,235162,316028,23527,24344,34036,10542
30人以上,Q サービス業（他に分類されないもの）,平成21,2009,12月,717642,922675,426422,340957,415415,235200,317271,23686,376685,507260,191222
30人以上,"F09、10 食料品,飲料・たばこ・飼料製造業",平成17,2005,年平均,434609,526840,257977,345103,413451,214208,317870,27233,89506,113389,43769
30人以上,"F09、10 食料品,飲料・たばこ・飼料製造業",平成18,2006,年平均,447761,544692,268207,347503,413953,224413,318547,28956,100258,130739,43794
30人以上,"F09、10 食料品,飲料・たばこ・飼料製造業",平成19,2007,年平均,394847,516750,221209,308406,396374,183104,280259,28147,86441,120376,38105
30人以上,"F09、10 食料品,飲料・たばこ・飼料製造業",平成20,2008,年平均,396722,521196,223521,308519,398489,183330,280319,28200,88203,122707,40191
30人以上,"F09、10 食料品,飲料・たばこ・飼料製造業",平成21,2009,年平均,483978,597451,266888,367722,451537,207373,336298,31424,116256,145914,59515
30人以上,"F09、10 食料品,飲料・たばこ・飼料製造業",平成21,2009,1月,374229,459315,208588,370246,454635,205963,339787,30459,3983,4680,2625
30人以上,"F09、10 食料品,飲料・たばこ・飼料製造業",平成21,2009,2月,377781,447738,228439,368556,436400,223724,336558,31998,9225,11338,4715
30人以上,"F09、10 食料品,飲料・たばこ・飼料製造業",平成21,2009,3月,410908,503673,235589,372791,458647,210530,341338,31453,38117,45026,25059
30人以上,"F09、10 食料品,飲料・たばこ・飼料製造業",平成21,2009,4月,469711,577043,271286,376422,462791,216751,343250,33172,93289,114252,54535
30人以上,"F09、10 食料品,飲料・たばこ・飼料製造業",平成21,2009,5月,388111,465399,240010,361336,445716,199643,330230,31106,26775,19683,40367
30人以上,"F09、10 食料品,飲料・たばこ・飼料製造業",平成21,2009,6月,688782,863582,353603,368429,450358,211329,340191,28238,320353,413224,142274
30人以上,"F09、10 食料品,飲料・たばこ・飼料製造業",平成21,2009,7月,498899,614237,278724,361233,445570,200238,329697,31536,137666,168667,78486
30人以上,"F09、10 食料品,飲料・たばこ・飼料製造業",平成21,2009,8月,431742,539476,227208,365768,452795,200546,335903,29865,65974,86681,26662
30人以上,"F09、10 食料品,飲料・たばこ・飼料製造業",平成21,2009,9月,400198,493995,223771,363523,450219,200451,334614,28909,36675,43776,23320
30人以上,"F09、10 食料品,飲料・たばこ・飼料製造業",平成21,2009,10月,374834,463485,210194,366108,452678,205333,333903,32205,8726,10807,4861
30人以上,"F09、10 食料品,飲料・たばこ・飼料製造業",平成21,2009,11月,371158,457002,210346,369599,455027,209567,334951,34648,1559,1975,779
30人以上,"F09、10 食料品,飲料・たばこ・飼料製造業",平成21,2009,12月,1021669,1287786,513956,369037,454507,205973,335427,33610,652632,833279,307983
30人以上,F11 繊維工業（衣類、その他の繊維製品を除く）,平成17,2005,年平均,×,×,×,×,×,×,×,×,×,×,×
30人以上,F11 繊維工業（衣類、その他の繊維製品を除く）,平成18,2006,年平均,×,×,×,×,×,×,×,×,×,×,×
30人以上,F11 繊維工業（衣類、その他の繊維製品を除く）,平成19,2007,年平均,×,×,×,×,×,×,×,×,×,×,×
30人以上,F11 繊維工業（衣類、その他の繊維製品を除く）,平成20,2008,年平均,×,×,×,×,×,×,×,×,×,×,×
30人以上,F11 繊維工業（衣類、その他の繊維製品を除く）,平成21,2009,年平均,475255,540196,285004,404405,463089,232486,398945,5460,70850,77107,52518
30人以上,F11 繊維工業（衣類、その他の繊維製品を除く）,平成21,2009,1月,447786,498216,270263,444041,494882,265071,433192,10849,3745,3334,5192
30人以上,F11 繊維工業（衣類、その他の繊維製品を除く）,平成21,2009,2月,437901,491044,253098,432914,486024,248227,423308,9606,4987,5020,4871
30人以上,F11 繊維工業（衣類、その他の繊維製品を除く）,平成21,2009,3月,433468,484994,256513,424706,476864,245581,420762,3944,8762,8130,10932
30人以上,F11 繊維工業（衣類、その他の繊維製品を除く）,平成21,2009,4月,401048,462024,233001,396572,458100,227004,392252,4320,4476,3924,5997
30人以上,F11 繊維工業（衣類、その他の繊維製品を除く）,平成21,2009,5月,376694,432705,219467,374162,430316,216535,369513,4649,2532,2389,2932
30人以上,F11 繊維工業（衣類、その他の繊維製品を除く）,平成21,2009,6月,676651,771526,409336,379354,433545,226668,375583,3771,297297,337981,182668
30人以上,F11 繊維工業（衣類、その他の繊維製品を除く）,平成21,2009,7月,383283,437175,231086,381154,435055,228930,376686,4468,2129,2120,2156
30人以上,F11 繊維工業（衣類、その他の繊維製品を除く）,平成21,2009,8月,415530,481953,228622,412315,478393,226378,407159,5156,3215,3560,2244
30人以上,F11 繊維工業（衣類、その他の繊維製品を除く）,平成21,2009,9月,436950,507844,238469,431256,503081,230168,425944,5312,5694,4763,8301
30人以上,F11 繊維工業（衣類、その他の繊維製品を除く）,平成21,2009,10月,400883,458762,240287,397173,455705,234765,391438,5735,3710,3057,5522
30人以上,F11 繊維工業（衣類、その他の繊維製品を除く）,平成21,2009,11月,392194,453656,226295,390277,451762,224316,386158,4119,1917,1894,1979
30人以上,F11 繊維工業（衣類、その他の繊維製品を除く）,平成21,2009,12月,888382,998908,588382,390635,451063,226614,386936,3699,497747,547845,361768
30人以上,F12 衣類・その他の繊維製品製造業,平成17,2005,年平均,333854,444998,260133,289489,376942,231483,280188,9301,44365,68056,28650
30人以上,F12 衣類・その他の繊維製品製造業,平成18,2006,年平均,350965,473761,268958,296256,388020,234973,285859,10397,54709,85741,33985
30人以上,F12 衣類・その他の繊維製品製造業,平成19,2007,年平均,371331,482865,307317,308869,398102,257655,298174,10695,62462,84763,49662
30人以上,F12 衣類・その他の繊維製品製造業,平成20,2008,年平均,381791,492119,314787,317708,404914,264747,307765,9943,64083,87205,50040
30人以上,F12 衣類・その他の繊維製品製造業,平成21,2009,年平均,347798,456847,284754,317815,406574,266501,310154,7661,29983,50273,18253
30人以上,F12 衣類・その他の繊維製品製造業,平成21,2009,1月,330234,404306,291890,327902,400274,290437,321490,6412,2332,4032,1453
30人以上,F12 衣類・その他の繊維製品製造業,平成21,2009,2月,330871,419437,284252,328938,416571,282810,321420,7518,1933,2866,1442
30人以上,F12 衣類・その他の繊維製品製造業,平成21,2009,3月,315242,394102,269546,313865,392500,268300,306001,7864,1377,1602,1246
30人以上,F12 衣類・その他の繊維製品製造業,平成21,2009,4月,319325,404129,271512,316687,400593,269380,306621,10066,2638,3536,2132
30人以上,F12 衣類・その他の繊維製品製造業,平成21,2009,5月,370956,505956,282067,328760,449997,248932,314474,14286,42196,55959,33135
30人以上,F12 衣類・その他の繊維製品製造業,平成21,2009,6月,474098,662939,349703,323715,432825,251841,313115,10600,150383,230114,97862
30人以上,F12 衣類・その他の繊維製品製造業,平成21,2009,7月,331864,444701,267599,307338,393433,258304,302464,4874,24526,51268,9295
30人以上,F12 衣類・その他の繊維製品製造業,平成21,2009,8月,307401,395430,256895,304803,392183,254669,300117,4686,2598,3247,2226
30人以上,F12 衣類・その他の繊維製品製造業,平成21,2009,9月,308841,389438,261993,306904,387914,259815,302854,4050,1937,1524,2178
30人以上,F12 衣類・その他の繊維製品製造業,平成21,2009,10月,314765,395488,267961,312216,391812,266066,305117,7099,2549,3676,1895
30人以上,F12 衣類・その他の繊維製品製造業,平成21,2009,11月,344836,445800,286380,319924,409291,268182,311626,8298,24912,36509,18198
30人以上,F12 衣類・その他の繊維製品製造業,平成21,2009,12月,609068,882678,423299,338785,457572,258133,326455,12330,270283,425106,165166
30人以上,F13 木材・木製品製造業（家具を除く）,平成17,2005,年平均,×,×,×,×,×,×,×,×,×,×,×
30人以上,F13 木材・木製品製造業（家具を除く）,平成18,2006,年平均,×,×,×,×,×,×,×,×,×,×,×
30人以上,F13 木材・木製品製造業（家具を除く）,平成19,2007,年平均,×,×,×,×,×,×,×,×,×,×,×
30人以上,F13 木材・木製品製造業（家具を除く）,平成20,2008,年平均,×,×,×,×,×,×,×,×,×,×,×
30人以上,F13 木材・木製品製造業（家具を除く）,平成21,2009,年平均,×,×,×,×,×,×,×,×,×,×,×
30人以上,F13 木材・木製品製造業（家具を除く）,平成21,2009,1月,×,×,×,×,×,×,×,×,×,×,×
30人以上,F13 木材・木製品製造業（家具を除く）,平成21,2009,2月,×,×,×,×,×,×,×,×,×,×,×
30人以上,F13 木材・木製品製造業（家具を除く）,平成21,2009,3月,×,×,×,×,×,×,×,×,×,×,×
30人以上,F13 木材・木製品製造業（家具を除く）,平成21,2009,4月,×,×,×,×,×,×,×,×,×,×,×
30人以上,F13 木材・木製品製造業（家具を除く）,平成21,2009,5月,×,×,×,×,×,×,×,×,×,×,×
30人以上,F13 木材・木製品製造業（家具を除く）,平成21,2009,6月,×,×,×,×,×,×,×,×,×,×,×
30人以上,F13 木材・木製品製造業（家具を除く）,平成21,2009,7月,×,×,×,×,×,×,×,×,×,×,×
30人以上,F13 木材・木製品製造業（家具を除く）,平成21,2009,8月,×,×,×,×,×,×,×,×,×,×,×
30人以上,F13 木材・木製品製造業（家具を除く）,平成21,2009,9月,×,×,×,×,×,×,×,×,×,×,×
30人以上,F13 木材・木製品製造業（家具を除く）,平成21,2009,10月,×,×,×,×,×,×,×,×,×,×,×
30人以上,F13 木材・木製品製造業（家具を除く）,平成21,2009,11月,×,×,×,×,×,×,×,×,×,×,×
30人以上,F13 木材・木製品製造業（家具を除く）,平成21,2009,12月,×,×,×,×,×,×,×,×,×,×,×
30人以上,F14 家具・装備品製造業,平成17,2005,年平均,×,×,×,×,×,×,×,×,×,×,×
30人以上,F14 家具・装備品製造業,平成18,2006,年平均,×,×,×,×,×,×,×,×,×,×,×
30人以上,F14 家具・装備品製造業,平成19,2007,年平均,×,×,×,×,×,×,×,×,×,×,×
30人以上,F14 家具・装備品製造業,平成20,2008,年平均,×,×,×,×,×,×,×,×,×,×,×
30人以上,F14 家具・装備品製造業,平成21,2009,年平均,×,×,×,×,×,×,×,×,×,×,×
30人以上,F14 家具・装備品製造業,平成21,2009,1月,×,×,×,×,×,×,×,×,×,×,×
30人以上,F14 家具・装備品製造業,平成21,2009,2月,×,×,×,×,×,×,×,×,×,×,×
30人以上,F14 家具・装備品製造業,平成21,2009,3月,×,×,×,×,×,×,×,×,×,×,×
30人以上,F14 家具・装備品製造業,平成21,2009,4月,×,×,×,×,×,×,×,×,×,×,×
30人以上,F14 家具・装備品製造業,平成21,2009,5月,×,×,×,×,×,×,×,×,×,×,×
30人以上,F14 家具・装備品製造業,平成21,2009,6月,×,×,×,×,×,×,×,×,×,×,×
30人以上,F14 家具・装備品製造業,平成21,2009,7月,×,×,×,×,×,×,×,×,×,×,×
30人以上,F14 家具・装備品製造業,平成21,2009,8月,×,×,×,×,×,×,×,×,×,×,×
30人以上,F14 家具・装備品製造業,平成21,2009,9月,×,×,×,×,×,×,×,×,×,×,×
30人以上,F14 家具・装備品製造業,平成21,2009,10月,×,×,×,×,×,×,×,×,×,×,×
30人以上,F14 家具・装備品製造業,平成21,2009,11月,×,×,×,×,×,×,×,×,×,×,×
30人以上,F14 家具・装備品製造業,平成21,2009,12月,×,×,×,×,×,×,×,×,×,×,×
30人以上,F15 パルプ・紙・紙加工品製造業,平成17,2005,年平均,448298,547881,319541,356292,418736,275554,326836,29456,92006,129145,43987
30人以上,F15 パルプ・紙・紙加工品製造業,平成18,2006,年平均,443195,530590,314150,340689,393332,262957,309739,30950,102506,137258,51193
30人以上,F15 パルプ・紙・紙加工品製造業,平成19,2007,年平均,523890,586149,320794,379965,424219,235604,353825,26140,143925,161930,85190
30人以上,F15 パルプ・紙・紙加工品製造業,平成20,2008,年平均,520121,571009,326965,389047,426336,247509,362904,26143,131074,144673,79456
30人以上,F15 パルプ・紙・紙加工品製造業,平成21,2009,年平均,452705,516306,265187,352596,399357,214729,326114,26482,100109,116949,50458
30人以上,F15 パルプ・紙・紙加工品製造業,平成21,2009,1月,349071,392360,222738,345144,388600,218322,313737,31407,3927,3760,4416
30人以上,F15 パルプ・紙・紙加工品製造業,平成21,2009,2月,360426,412400,209382,344207,393184,201871,323708,20499,16219,19216,7511
30人以上,F15 パルプ・紙・紙加工品製造業,平成21,2009,3月,360127,410169,214237,349601,397076,211195,331511,18090,10526,13093,3042
30人以上,F15 パルプ・紙・紙加工品製造業,平成21,2009,4月,360902,406685,226771,355146,400531,222181,326199,28947,5756,6154,4590
30人以上,F15 パルプ・紙・紙加工品製造業,平成21,2009,5月,346082,392695,210266,340706,386983,205868,315110,25596,5376,5712,4398
30人以上,F15 パルプ・紙・紙加工品製造業,平成21,2009,6月,529244,629048,238277,358628,409602,210018,330543,28085,170616,219446,28259
30人以上,F15 パルプ・紙・紙加工品製造業,平成21,2009,7月,732300,819879,473889,356553,402318,221520,331185,25368,375747,417561,252369
30人以上,F15 パルプ・紙・紙加工品製造業,平成21,2009,8月,368021,416514,226185,351925,397970,217249,325720,26205,16096,18544,8936
30人以上,F15 パルプ・紙・紙加工品製造業,平成21,2009,9月,361092,410749,215789,352984,400651,213506,324082,28902,8108,10098,2283
30人以上,F15 パルプ・紙・紙加工品製造業,平成21,2009,10月,351571,394400,224148,345227,387771,218654,320902,24325,6344,6629,5494
30人以上,F15 パルプ・紙・紙加工品製造業,平成21,2009,11月,357944,403607,219017,353114,398843,213988,324256,28858,4830,4764,5029
30人以上,F15 パルプ・紙・紙加工品製造業,平成21,2009,12月,950435,1095037,507067,377440,428012,222380,346279,31161,572995,667025,284687
30人以上,F16 印刷・同関連業,平成17,2005,年平均,435066,485560,274404,358841,398100,233925,318457,40384,76225,87460,40479
30人以上,F16 印刷・同関連業,平成18,2006,年平均,435985,484678,284300,357911,395111,242026,316210,41701,78074,89567,42274
30人以上,F16 印刷・同関連業,平成19,2007,年平均,481914,523636,322232,417791,453930,279477,381666,36125,64123,69706,42755
30人以上,F16 印刷・同関連業,平成20,2008,年平均,482397,522743,324277,418994,453980,281883,384049,34945,63403,68763,42394
30人以上,F16 印刷・同関連業,平成21,2009,年平均,417661,450594,286129,348960,375161,244316,310227,38733,68701,75433,41813
30人以上,F16 印刷・同関連業,平成21,2009,1月,337797,364135,232441,332160,358289,227637,292975,39185,5637,5846,4804
30人以上,F16 印刷・同関連業,平成21,2009,2月,345426,370147,244478,341880,366655,240714,295511,46369,3546,3492,3764
30人以上,F16 印刷・同関連業,平成21,2009,3月,356649,383103,251310,343993,368902,244807,302469,41524,12656,14201,6503
30人以上,F16 印刷・同関連業,平成21,2009,4月,369073,397580,260768,354512,382801,247037,312471,42041,14561,14779,13731
30人以上,F16 印刷・同関連業,平成21,2009,5月,351864,379417,241916,346212,373369,237847,310982,35230,5652,6048,4069
30人以上,F16 印刷・同関連業,平成21,2009,6月,580363,634813,362096,357601,383187,255038,323382,34219,222762,251626,107058
30人以上,F16 印刷・同関連業,平成21,2009,7月,472151,505491,339275,352141,378569,246810,318638,33503,120010,126922,92465
30人以上,F16 印刷・同関連業,平成21,2009,8月,361159,388050,255971,349488,375282,248592,315058,34430,11671,12768,7379
30人以上,F16 印刷・同関連業,平成21,2009,9月,357001,383865,247989,352601,379187,244715,318062,34539,4400,4678,3274
30人以上,F16 印刷・同関連業,平成21,2009,10月,368780,396495,257591,355084,382701,244289,315592,39492,13696,13794,13302
30人以上,F16 印刷・同関連業,平成21,2009,11月,355247,381196,250504,351961,377544,248694,309066,42895,3286,3652,1810
30人以上,F16 印刷・同関連業,平成21,2009,12月,758138,823056,493724,350396,376064,245848,309245,41151,407742,446992,247876
30人以上,F17 化学工業,平成17,2005,年平均,746219,810635,517000,510863,553115,360514,485986,24877,235356,257520,156486
30人以上,F17 化学工業,平成18,2006,年平均,722983,786576,512397,495555,536938,358517,474051,21504,227428,249638,153880
30人以上,F17 化学工業,平成19,2007,年平均,717913,817084,488852,498646,564838,345759,472014,26632,219267,252246,143093
30人以上,F17 化学工業,平成20,2008,年平均,694704,777843,497359,492471,551585,352153,466661,25810,202233,226258,145206
30人以上,F17 化学工業,平成21,2009,年平均,635293,722360,444729,469064,529173,337503,448924,20140,166229,193187,107226
30人以上,F17 化学工業,平成21,2009,1月,472179,534584,332819,470467,532984,330859,451541,18926,1712,1600,1960
30人以上,F17 化学工業,平成21,2009,2月,470841,531237,335148,469657,530094,333871,448657,21000,1184,1143,1277
30人以上,F17 化学工業,平成21,2009,3月,670651,749273,493911,480815,542742,341605,459405,21410,189836,206531,152306
30人以上,F17 化学工業,平成21,2009,4月,501894,562176,368364,473121,530403,346235,450777,22344,28773,31773,22129
30人以上,F17 化学工業,平成21,2009,5月,588229,642132,472221,452228,507706,332832,432584,19644,136001,134426,139389
30人以上,F17 化学工業,平成21,2009,6月,713838,839518,443652,463479,523084,335339,444965,18514,250359,316434,108313
30人以上,F17 化学工業,平成21,2009,7月,996509,1162058,640818,461675,519502,337430,441545,20130,534834,642556,303388
30人以上,F17 化学工業,平成21,2009,8月,494120,567374,336139,488431,560705,332563,469824,18607,5689,6669,3576
30人以上,F17 化学工業,平成21,2009,9月,474083,536312,337855,471191,532876,336155,453471,17720,2892,3436,1700
30人以上,F17 化学工業,平成21,2009,10月,486398,545272,356956,463390,519566,339879,442318,21072,23008,25706,17077
30人以上,F17 化学工業,平成21,2009,11月,517000,581769,376324,466850,524204,342279,444346,22504,50150,57565,34045
30人以上,F17 化学工業,平成21,2009,12月,1232630,1417368,832601,468517,527208,341428,448568,19949,764113,890160,491173
30人以上,F18 石油製品・石炭製品製造業,平成17,2005,年平均,736655,794908,348755,476854,511838,243896,461613,15241,259801,283070,104859
30人以上,F18 石油製品・石炭製品製造業,平成18,2006,年平均,747697,814072,411340,513695,557669,290853,499904,13791,234002,256403,120487
30人以上,F18 石油製品・石炭製品製造業,平成19,2007,年平均,521709,544410,379151,354228,367912,268292,334237,19991,167481,176498,110859
30人以上,F18 石油製品・石炭製品製造業,平成20,2008,年平均,633757,669837,462537,438834,461334,332059,416701,22133,194923,208503,130478
30人以上,F18 石油製品・石炭製品製造業,平成21,2009,年平均,706632,766324,501719,505882,551828,348159,491399,14483,200750,214496,153560
30人以上,F18 石油製品・石炭製品製造業,平成21,2009,1月,508507,556163,341012,503576,550585,338353,489434,14142,4931,5578,2659
30人以上,F18 石油製品・石炭製品製造業,平成21,2009,2月,510699,557428,345501,509244,555763,344786,493567,15677,1455,1665,715
30人以上,F18 石油製品・石炭製品製造業,平成21,2009,3月,533173,579431,370391,510328,555014,353078,495778,14550,22845,24417,17313
30人以上,F18 石油製品・石炭製品製造業,平成21,2009,4月,532593,579284,378250,525007,571078,372714,511180,13827,7586,8206,5536
30人以上,F18 石油製品・石炭製品製造業,平成21,2009,5月,507044,552378,345647,493381,535065,344979,476158,17223,13663,17313,668
30人以上,F18 石油製品・石炭製品製造業,平成21,2009,6月,1554082,1679774,1118713,499806,542491,351955,486530,13276,1054276,1137283,766758
30人以上,F18 石油製品・石炭製品製造業,平成21,2009,7月,521690,567262,364565,488240,533261,333014,474825,13415,33450,34001,31551
30人以上,F18 石油製品・石炭製品製造業,平成21,2009,8月,510059,558682,342446,499475,546462,337503,484377,15098,10584,12220,4943
30人以上,F18 石油製品・石炭製品製造業,平成21,2009,9月,521449,571078,352114,498254,545829,335931,487896,10358,23195,25249,16183
30人以上,F18 石油製品・石炭製品製造業,平成21,2009,10月,504028,552147,339391,501162,548659,338654,488904,12258,2866,3488,737
30人以上,F18 石油製品・石炭製品製造業,平成21,2009,11月,508062,558060,345274,506290,556013,344398,490037,16253,1772,2047,876
30人以上,F18 石油製品・石炭製品製造業,平成21,2009,12月,1808988,1936316,1387311,536327,583209,381065,518645,17682,1272661,1353107,1006246
30人以上,F19 プラスチック製品製造業,平成17,2005,年平均,456083,480262,328169,393327,414894,279232,369377,23950,62756,65368,48937
30人以上,F19 プラスチック製品製造業,平成18,2006,年平均,613940,651110,393761,414657,435532,291003,399415,15242,199283,215578,102758
30人以上,F19 プラスチック製品製造業,平成19,2007,年平均,472556,544759,276185,362112,415984,215597,344519,17593,110444,128775,60588
30人以上,F19 プラスチック製品製造業,平成20,2008,年平均,477225,546721,296145,366810,419431,229700,349175,17635,110415,127290,66445
30人以上,F19 プラスチック製品製造業,平成21,2009,年平均,476325,535540,267223,396793,445212,225817,380364,16429,79532,90328,41406
30人以上,F19 プラスチック製品製造業,平成21,2009,1月,422358,472097,242889,422358,472097,242889,396950,25408,0,0,0
30人以上,F19 プラスチック製品製造業,平成21,2009,2月,401313,450376,229172,393727,442312,223261,377155,16572,7586,8064,5911
30人以上,F19 プラスチック製品製造業,平成21,2009,3月,383347,431963,214289,383038,431565,214289,373184,9854,309,398,0
30人以上,F19 プラスチック製品製造業,平成21,2009,4月,395460,445417,221646,394751,444587,221355,381565,13186,709,830,291
30人以上,F19 プラスチック製品製造業,平成21,2009,5月,403172,455404,220388,383769,432578,212964,366558,17211,19403,22826,7424
30人以上,F19 プラスチック製品製造業,平成21,2009,6月,840605,932782,480913,406276,448917,239882,395075,11201,434329,483865,241031
30人以上,F19 プラスチック製品製造業,平成21,2009,7月,414499,464285,239796,405139,453638,234952,383575,21564,9360,10647,4844
30人以上,F19 プラスチック製品製造業,平成21,2009,8月,398833,449011,226065,398833,449011,226065,378331,20502,0,0,0
30人以上,F19 プラスチック製品製造業,平成21,2009,9月,392344,442182,221765,392344,442182,221765,376596,15748,0,0,0
30人以上,F19 プラスチック製品製造業,平成21,2009,10月,395464,444485,227270,395464,444485,227270,378548,16916,0,0,0
30人以上,F19 プラスチック製品製造業,平成21,2009,11月,402175,451682,229563,390853,438975,223068,376382,14471,11322,12707,6495
30人以上,F19 プラスチック製品製造業,平成21,2009,12月,900674,1011111,497422,393034,439719,222568,379337,13697,507640,571392,274854
30人以上,F20 ゴム製品製造業,平成17,2005,年平均,524052,551021,349186,367146,384577,254123,345329,21817,156906,166444,95063
30人以上,F20 ゴム製品製造業,平成18,2006,年平均,535315,564714,352800,379391,398165,262841,356280,23111,155924,166549,89959
30人以上,F20 ゴム製品製造業,平成19,2007,年平均,551790,572781,391204,392276,405306,292593,369013,23263,159514,167475,98611
30人以上,F20 ゴム製品製造業,平成20,2008,年平均,537696,558506,385795,392553,405532,297811,366427,26126,145143,152974,87984
30人以上,F20 ゴム製品製造業,平成21,2009,年平均,432162,459450,297110,317270,333678,236064,299172,18098,114892,125772,61046
30人以上,F20 ゴム製品製造業,平成21,2009,1月,323846,344292,225233,319588,340204,220158,301156,18432,4258,4088,5075
30人以上,F20 ゴム製品製造業,平成21,2009,2月,319404,336983,233950,317511,335123,231901,303235,14276,1893,1860,2049
30人以上,F20 ゴム製品製造業,平成21,2009,3月,314832,332844,226472,313423,331343,225514,299670,13753,1409,1501,958
30人以上,F20 ゴム製品製造業,平成21,2009,4月,322681,337778,248833,320958,335880,247966,308023,12935,1723,1898,867
30人以上,F20 ゴム製品製造業,平成21,2009,5月,311579,329880,222643,310221,328313,222298,295749,14472,1358,1567,345
30人以上,F20 ゴム製品製造業,平成21,2009,6月,923584,1006868,517183,309675,324610,236796,294895,14780,613909,682258,280387
30人以上,F20 ゴム製品製造業,平成21,2009,7月,357406,373973,273572,313384,329060,234057,297431,15953,44022,44913,39515
30人以上,F20 ゴム製品製造業,平成21,2009,8月,345633,356874,287258,321749,335679,249408,302264,19485,23884,21195,37850
30人以上,F20 ゴム製品製造業,平成21,2009,9月,324609,340607,242190,323338,339294,241138,299842,23496,1271,1313,1052
30人以上,F20 ゴム製品製造業,平成21,2009,10月,326325,342731,244137,325128,341386,243683,298996,26132,1197,1345,454
30人以上,F20 ゴム製品製造業,平成21,2009,11月,323775,340006,244342,320789,336912,241885,297588,23201,2986,3094,2457
30人以上,F20 ゴム製品製造業,平成21,2009,12月,994131,1073904,601871,312267,326771,240948,290982,21285,681864,747133,360923
30人以上,F21 なめし革・同製品・毛皮製造業,平成17,2005,年平均,284694,383637,186085,253833,342785,165182,249469,4364,30861,40852,20903
30人以上,F21 なめし革・同製品・毛皮製造業,平成18,2006,年平均,278703,384203,183546,249640,345152,163492,245111,4529,29063,39051,20054
30人以上,F21 なめし革・同製品・毛皮製造業,平成19,2007,年平均,328034,392199,230373,289693,341233,211246,284252,5441,38341,50966,19127
30人以上,F21 なめし革・同製品・毛皮製造業,平成20,2008,年平均,316413,379837,221670,281243,332875,204115,276575,4668,35170,46962,17555
30人以上,F21 なめし革・同製品・毛皮製造業,平成21,2009,年平均,368864,444553,220585,330232,396363,200676,324864,5368,38632,48190,19909
30人以上,F21 なめし革・同製品・毛皮製造業,平成21,2009,1月,327302,394357,194497,327302,394357,194497,321417,5885,0,0,0
30人以上,F21 なめし革・同製品・毛皮製造業,平成21,2009,2月,325706,391567,197468,325706,391567,197468,321133,4573,0,0,0
30人以上,F21 なめし革・同製品・毛皮製造業,平成21,2009,3月,328796,397655,196748,322446,390888,191197,318100,4346,6350,6767,5551
30人以上,F21 なめし革・同製品・毛皮製造業,平成21,2009,4月,342183,412005,208941,341739,411495,208621,336226,5513,444,510,320
30人以上,F21 なめし革・同製品・毛皮製造業,平成21,2009,5月,320951,387830,193671,320951,387830,193671,315813,5138,0,0,0
30人以上,F21 なめし革・同製品・毛皮製造業,平成21,2009,6月,412676,506247,234400,333054,402064,201573,326297,6757,79622,104183,32827
30人以上,F21 なめし革・同製品・毛皮製造業,平成21,2009,7月,516376,632812,293827,326250,396432,192108,322085,4165,190126,236380,101719
30人以上,F21 なめし革・同製品・毛皮製造業,平成21,2009,8月,324250,391465,192649,323975,391131,192490,319405,4570,275,334,159
30人以上,F21 なめし革・同製品・毛皮製造業,平成21,2009,9月,345287,407965,219847,342528,405129,217243,336293,6235,2759,2836,2604
30人以上,F21 なめし革・同製品・毛皮製造業,平成21,2009,10月,337088,400073,209199,337088,400073,209199,331663,5425,0,0,0
30人以上,F21 なめし革・同製品・毛皮製造業,平成21,2009,11月,332429,393829,207068,332429,393829,207068,326948,5481,0,0,0
30人以上,F21 なめし革・同製品・毛皮製造業,平成21,2009,12月,509427,614565,297246,329205,391323,203844,322897,6308,180222,223242,93402
30人以上,F22 窯業・土石製品製造業,平成17,2005,年平均,469842,543552,291628,355286,406572,231288,336411,18875,114556,136980,60340
30人以上,F22 窯業・土石製品製造業,平成18,2006,年平均,467095,541085,294750,351851,404207,229896,333907,17944,115244,136878,64854
30人以上,F22 窯業・土石製品製造業,平成19,2007,年平均,621503,674911,391642,487599,532074,296185,465393,22206,133904,142837,95457
30人以上,F22 窯業・土石製品製造業,平成20,2008,年平均,632995,694428,397049,492503,543738,295725,470752,21751,140492,150690,101324
30人以上,F22 窯業・土石製品製造業,平成21,2009,年平均,656838,724224,383920,469267,514890,284490,456989,12278,187571,209334,99430
30人以上,F22 窯業・土石製品製造業,平成21,2009,1月,470689,517718,276767,470416,517436,276529,458988,11428,273,282,238
30人以上,F22 窯業・土石製品製造業,平成21,2009,2月,485111,532216,290187,484880,532147,289284,470295,14585,231,69,903
30人以上,F22 窯業・土石製品製造業,平成21,2009,3月,470519,514443,287447,470190,514053,287371,457252,12938,329,390,76
30人以上,F22 窯業・土石製品製造業,平成21,2009,4月,482044,525043,301869,462688,506345,279758,448648,14040,19356,18698,22111
30人以上,F22 窯業・土石製品製造業,平成21,2009,5月,449607,491799,276901,448383,490621,275490,434558,13825,1224,1178,1411
30人以上,F22 窯業・土石製品製造業,平成21,2009,6月,754501,829583,455851,470195,517046,283838,456206,13989,284306,312537,172013
30人以上,F22 窯業・土石製品製造業,平成21,2009,7月,1284385,1438217,675376,460647,507412,275510,447969,12678,823738,930805,399866
30人以上,F22 窯業・土石製品製造業,平成21,2009,8月,484469,531502,297200,484238,531432,296328,471728,12510,231,70,872
30人以上,F22 窯業・土石製品製造業,平成21,2009,9月,471757,515482,296779,471360,515194,295946,462908,8452,397,288,833
30人以上,F22 窯業・土石製品製造業,平成21,2009,10月,491010,537189,307198,470361,516971,284837,459249,11112,20649,20218,22361
30人以上,F22 窯業・土石製品製造業,平成21,2009,11月,617090,689752,327926,469984,516332,285539,457331,12653,147106,173420,42387
30人以上,F22 窯業・土石製品製造業,平成21,2009,12月,1445938,1604261,811267,469001,515170,283924,460123,8878,976937,1089091,527343
30人以上,F23 鉄鋼業,平成17,2005,年平均,808114,878942,453834,490217,527274,304857,473797,16420,317897,351668,148977
30人以上,F23 鉄鋼業,平成18,2006,年平均,807336,883786,455681,489811,530146,304279,472857,16954,317525,353640,151402
30人以上,F23 鉄鋼業,平成19,2007,年平均,1246668,1422923,597135,493486,535617,338226,473822,19664,753182,887306,258909
30人以上,F23 鉄鋼業,平成20,2008,年平均,883565,992592,485248,499297,540418,349067,481064,18233,384268,452174,136181
30人以上,F23 鉄鋼業,平成21,2009,年平均,712451,785616,417482,464030,504333,301547,443475,20555,248421,281283,115935
30人以上,F23 鉄鋼業,平成21,2009,1月,471172,512305,299487,470072,511164,298559,451503,18569,1100,1141,928
30人以上,F23 鉄鋼業,平成21,2009,2月,473108,511601,312666,465045,505446,296648,449481,15564,8063,6155,16018
30人以上,F23 鉄鋼業,平成21,2009,3月,476329,517071,307547,472467,512790,305420,451483,20984,3862,4281,2127
30人以上,F23 鉄鋼業,平成21,2009,4月,474897,512059,318140,473660,510569,317969,453728,19932,1237,1490,171
30人以上,F23 鉄鋼業,平成21,2009,5月,446798,481840,296103,444716,479495,295149,428222,16494,2082,2345,954
30人以上,F23 鉄鋼業,平成21,2009,6月,1854279,2090629,920607,442716,480145,294857,425023,17693,1411563,1610484,625750
30人以上,F23 鉄鋼業,平成21,2009,7月,483750,525448,317984,469049,509905,306630,448262,20787,14701,15543,11354
30人以上,F23 鉄鋼業,平成21,2009,8月,484441,525896,325629,472381,516914,301777,454843,17538,12060,8982,23852
30人以上,F23 鉄鋼業,平成21,2009,9月,468292,509873,302865,464508,505385,301882,440468,24040,3784,4488,983
30人以上,F23 鉄鋼業,平成21,2009,10月,470223,511369,306270,469089,510019,305999,443462,25627,1134,1350,271
30人以上,F23 鉄鋼業,平成21,2009,11月,467609,511766,298281,465475,509369,297153,439514,25961,2134,2397,1128
30人以上,F23 鉄鋼業,平成21,2009,12月,1943518,2199557,954854,461746,504314,297375,437971,23775,1481772,1695243,657479
30人以上,F24 非鉄金属製造業,平成17,2005,年平均,598700,659661,339626,441182,483610,260872,418239,22943,157518,176051,78754
30人以上,F24 非鉄金属製造業,平成18,2006,年平均,632201,688597,366359,439336,474974,271344,416683,22653,192865,213623,95015
30人以上,F24 非鉄金属製造業,平成19,2007,年平均,670935,778420,330079,463050,530324,249710,441596,21454,207885,248096,80369
30人以上,F24 非鉄金属製造業,平成20,2008,年平均,659004,764922,340498,460593,532670,243850,441076,19517,198411,232252,96648
30人以上,F24 非鉄金属製造業,平成21,2009,年平均,527580,579106,355103,402347,443137,265807,391996,10351,125233,135969,89296
30人以上,F24 非鉄金属製造業,平成21,2009,1月,414487,456412,271186,412411,454250,269406,402756,9655,2076,2162,1780
30人以上,F24 非鉄金属製造業,平成21,2009,2月,406811,447881,267626,406541,447551,267559,397325,9216,270,330,67
30人以上,F24 非鉄金属製造業,平成21,2009,3月,481523,476467,498420,409116,451680,266846,400094,9022,72407,24787,231574
30人以上,F24 非鉄金属製造業,平成21,2009,4月,408474,448894,274481,406301,446578,272783,395728,10573,2173,2316,1698
30人以上,F24 非鉄金属製造業,平成21,2009,5月,401391,442164,267503,400513,441230,266805,391416,9097,878,934,698
30人以上,F24 非鉄金属製造業,平成21,2009,6月,1064168,1181139,679008,405184,446228,270037,395699,9485,658984,734911,408971
30人以上,F24 非鉄金属製造業,平成21,2009,7月,438859,484428,288468,400356,439871,269946,391179,9177,38503,44557,18522
30人以上,F24 非鉄金属製造業,平成21,2009,8月,399290,439417,267257,396550,436367,265535,387798,8752,2740,3050,1722
30人以上,F24 非鉄金属製造業,平成21,2009,9月,426349,466005,295161,402444,442076,271336,390998,11446,23905,23929,23825
30人以上,F24 非鉄金属製造業,平成21,2009,10月,398130,443239,248335,395966,440987,246464,384783,11183,2164,2252,1871
30人以上,F24 非鉄金属製造業,平成21,2009,11月,399422,442138,253737,399148,441796,253695,387949,11199,274,342,42
30人以上,F24 非鉄金属製造業,平成21,2009,12月,1095856,1219284,662560,393640,429055,269315,378203,15437,702216,790229,393245
30人以上,F25 金属製品製造業,平成17,2005,年平均,435814,502810,275394,348649,402571,219535,310466,38183,87165,100239,55859
30人以上,F25 金属製品製造業,平成18,2006,年平均,391639,447713,242232,327022,375911,196759,283801,43221,64617,71802,45473
30人以上,F25 金属製品製造業,平成19,2007,年平均,393937,452326,221067,330922,378403,190348,319359,11563,63015,73923,30719
30人以上,F25 金属製品製造業,平成20,2008,年平均,448156,497084,251558,370462,408468,217752,354780,15682,77694,88616,33806
30人以上,F25 金属製品製造業,平成21,2009,年平均,371918,401759,242255,326551,352886,212122,312381,14170,45367,48873,30133
30人以上,F25 金属製品製造業,平成21,2009,1月,327354,362417,191068,325716,360727,189630,314639,11077,1638,1690,1438
30人以上,F25 金属製品製造業,平成21,2009,2月,321844,349147,218360,320402,347574,217414,310530,9872,1442,1573,946
30人以上,F25 金属製品製造業,平成21,2009,3月,313281,342296,206743,310756,339606,204821,301547,9209,2525,2690,1922
30人以上,F25 金属製品製造業,平成21,2009,4月,311809,342458,180660,305792,336732,173396,295150,10642,6017,5726,7264
30人以上,F25 金属製品製造業,平成21,2009,5月,323044,343535,216075,320952,341375,214333,310507,10445,2092,2160,1742
30人以上,F25 金属製品製造業,平成21,2009,6月,376391,401163,248247,328655,350173,217341,318163,10492,47736,50990,30906
30人以上,F25 金属製品製造業,平成21,2009,7月,522252,551927,370103,329155,350241,221042,323494,5661,193097,201686,149061
30人以上,F25 金属製品製造業,平成21,2009,8月,330614,351696,222508,329081,350125,221172,313653,15428,1533,1571,1336
30人以上,F25 金属製品製造業,平成21,2009,9月,324649,347930,213948,321740,344963,211314,300940,20800,2909,2967,2634
30人以上,F25 金属製品製造業,平成21,2009,10月,336553,362481,222854,330313,356585,215103,308218,22095,6240,5896,7751
30人以上,F25 金属製品製造業,平成21,2009,11月,380211,412014,251841,378263,409891,250602,351211,27052,1948,2123,1239
30人以上,F25 金属製品製造業,平成21,2009,12月,586083,643109,369849,320701,348221,216349,302076,18625,265382,294888,153500
30人以上,F26 一般機械器具製造業,平成17,2005,年平均,574893,610480,368134,433643,459906,281055,392115,41528,141250,150574,87079
30人以上,F26 一般機械器具製造業,平成18,2006,年平均,588468,625516,380179,436246,463626,282310,391891,44355,152222,161890,97869
30人以上,F26 一般機械器具製造業,平成19,2007,年平均,622695,686182,340544,430403,471647,247104,400708,29695,192292,214535,93440
30人以上,F26 一般機械器具製造業,平成20,2008,年平均,618645,678495,354853,426398,465813,252672,395670,30728,192247,212682,102181
30人以上,F26 一般機械器具製造業,平成21,2009,年平均,513654,549595,376967,407854,436090,300472,387277,20577,105800,113505,76495
30人以上,F26 一般機械器具製造業,平成21,2009,1月,421146,449744,310163,412313,441710,298229,386445,25868,8833,8034,11934
30人以上,F26 一般機械器具製造業,平成21,2009,2月,401182,421389,294472,400916,421169,293962,380303,20613,266,220,510
30人以上,F26 一般機械器具製造業,平成21,2009,3月,441028,473584,319747,430667,463231,309355,405314,25353,10361,10353,10392
30人以上,F26 一般機械器具製造業,平成21,2009,4月,437189,466345,332302,420545,449033,318060,395712,24833,16644,17312,14242
30人以上,F26 一般機械器具製造業,平成21,2009,5月,405343,434803,301537,400718,429966,297658,380267,20451,4625,4837,3879
30人以上,F26 一般機械器具製造業,平成21,2009,6月,861697,907140,700272,412985,442105,309545,389242,23743,448712,465035,390727
30人以上,F26 一般機械器具製造業,平成21,2009,7月,509750,547675,382358,405431,437162,298845,383558,21873,104319,110513,83513
30人以上,F26 一般機械器具製造業,平成21,2009,8月,411100,443675,301998,408057,441335,296598,387452,20605,3043,2340,5400
30人以上,F26 一般機械器具製造業,平成21,2009,9月,422881,457193,307478,413848,447654,300146,395539,18309,9033,9539,7332
30人以上,F26 一般機械器具製造業,平成21,2009,10月,423116,457174,309354,406790,439468,297639,385213,21577,16326,17706,11715
30人以上,F26 一般機械器具製造業,平成21,2009,11月,390961,412388,288722,386639,408024,284598,374708,11931,4322,4364,4124
30人以上,F26 一般機械器具製造業,平成21,2009,12月,1028608,1094854,701711,395657,416047,295041,383956,11701,632951,678807,406670
30人以上,F27 電気機械器具製造業,平成17,2005,年平均,568116,620063,340614,432901,471021,265956,400758,32143,135215,149042,74658
30人以上,F27 電気機械器具製造業,平成18,2006,年平均,598662,639539,384214,449646,479814,291380,416937,32709,149016,159725,92834
30人以上,F27 電気機械器具製造業,平成19,2007,年平均,618439,659462,389910,444007,472121,287389,412104,31903,174432,187341,102521
30人以上,F27 電気機械器具製造業,平成20,2008,年平均,606556,648155,386447,441026,470310,286079,410029,30997,165530,177845,100368
30人以上,F27 電気機械器具製造業,平成21,2009,年平均,576871,625269,371183,446395,482986,290885,425150,21245,130476,142283,80298
30人以上,F27 電気機械器具製造業,平成21,2009,1月,503474,548348,305069,466533,504215,299926,441502,25031,36941,44133,5143
30人以上,F27 電気機械器具製造業,平成21,2009,2月,461029,498097,302810,457494,494951,297614,433582,23912,3535,3146,5196
30人以上,F27 電気機械器具製造業,平成21,2009,3月,471004,510720,301181,459611,498151,294820,437971,21640,11393,12569,6361
30人以上,F27 電気機械器具製造業,平成21,2009,4月,458009,492431,310909,455123,489694,307389,433097,22026,2886,2737,3520
30人以上,F27 電気機械器具製造業,平成21,2009,5月,448644,480364,314441,446582,478540,311374,430400,16182,2062,1824,3067
30人以上,F27 電気機械器具製造業,平成21,2009,6月,823672,877158,572419,433423,465015,285018,419233,14190,390249,412143,287401
30人以上,F27 電気機械器具製造業,平成21,2009,7月,697808,764931,387239,439398,473563,281319,422550,16848,258410,291368,105920
30人以上,F27 電気機械器具製造業,平成21,2009,8月,438322,472455,279626,436542,470825,277148,414881,21661,1780,1630,2478
30人以上,F27 電気機械器具製造業,平成21,2009,9月,444194,478167,288538,435021,468168,283153,417415,17606,9173,9999,5385
30人以上,F27 電気機械器具製造業,平成21,2009,10月,470928,516099,303584,446476,487187,295656,425915,20561,24452,28912,7928
30人以上,F27 電気機械器具製造業,平成21,2009,11月,447975,489764,289590,446557,488272,288453,424232,22325,1418,1492,1137
30人以上,F27 電気機械器具製造業,平成21,2009,12月,1216474,1337648,756014,437821,481539,271694,404915,32906,778653,856109,484320
30人以上,F28 情報通信機械器具製造業,平成17,2005,年平均,565170,591660,406145,405994,424104,297278,357965,48029,159176,167556,108867
30人以上,F28 情報通信機械器具製造業,平成18,2006,年平均,580342,606283,418576,402338,418596,300957,354245,48093,178004,187687,117619
30人以上,F28 情報通信機械器具製造業,平成19,2007,年平均,617914,649777,450274,442037,463029,331595,400530,41507,175877,186748,118679
30人以上,F28 情報通信機械器具製造業,平成20,2008,年平均,626685,661764,449359,448423,471596,331282,410706,37717,178262,190168,118077
30人以上,F28 情報通信機械器具製造業,平成21,2009,年平均,608384,667298,388073,442415,480658,299401,414297,28118,165969,186640,88672
30人以上,F28 情報通信機械器具製造業,平成21,2009,1月,501818,552869,307956,447517,489054,289784,419051,28466,54301,63815,18172
30人以上,F28 情報通信機械器具製造業,平成21,2009,2月,447870,485665,299014,446400,484010,298274,417133,29267,1470,1655,740
30人以上,F28 情報通信機械器具製造業,平成21,2009,3月,446653,486820,295253,438908,478398,290059,410573,28335,7745,8422,5194
30人以上,F28 情報通信機械器具製造業,平成21,2009,4月,445449,481421,308027,442743,478335,306776,413130,29613,2706,3086,1251
30人以上,F28 情報通信機械器具製造業,平成21,2009,5月,450410,484448,318658,421436,455498,289593,392853,28583,28974,28950,29065
30人以上,F28 情報通信機械器具製造業,平成21,2009,6月,569904,625632,361675,437301,475440,294793,411414,25887,132603,150192,66882
30人以上,F28 情報通信機械器具製造業,平成21,2009,7月,1175093,1309991,684004,441183,479821,300523,414419,26764,733910,830170,383481
30人以上,F28 情報通信機械器具製造業,平成21,2009,8月,445842,484734,303838,440596,479567,298302,413654,26942,5246,5167,5536
30人以上,F28 情報通信機械器具製造業,平成21,2009,9月,442533,480864,301433,436609,474223,298149,411493,25116,5924,6641,3284
30人以上,F28 情報通信機械器具製造業,平成21,2009,10月,454647,494517,308056,451958,491363,307077,423308,28650,2689,3154,979
30人以上,F28 情報通信機械器具製造業,平成21,2009,11月,472732,510901,333885,452732,492449,308254,423127,29605,20000,18452,25631
30人以上,F28 情報通信機械器具製造業,平成21,2009,12月,1453446,1625428,821383,452544,491211,310439,422331,30213,1000902,1134217,510944
30人以上,F29 電子部品・デバイス製造業,平成17,2005,年平均,518430,572006,305590,398500,438508,239562,362938,35562,119930,133498,66028
30人以上,F29 電子部品・デバイス製造業,平成18,2006,年平均,544436,607560,313795,406780,452350,240277,372555,34225,137656,155210,73518
30人以上,F29 電子部品・デバイス製造業,平成19,2007,年平均,593156,665843,336717,439081,489973,259535,411501,27580,154075,175870,77182
30人以上,F29 電子部品・デバイス製造業,平成20,2008,年平均,597606,675753,329666,429121,481877,248238,401209,27912,168485,193876,81428
30人以上,F29 電子部品・デバイス製造業,平成21,2009,年平均,547738,601054,326927,450234,491721,278413,431751,18483,97504,109333,48514
30人以上,F29 電子部品・デバイス製造業,平成21,2009,1月,454120,499186,273640,452892,497782,273118,434904,17988,1228,1404,522
30人以上,F29 電子部品・デバイス製造業,平成21,2009,2月,447754,489094,277398,444055,484895,275758,426636,17419,3699,4199,1640
30人以上,F29 電子部品・デバイス製造業,平成21,2009,3月,470853,516696,282450,449975,493506,271072,433924,16051,20878,23190,11378
30人以上,F29 電子部品・デバイス製造業,平成21,2009,4月,460960,504224,280737,448028,488555,279207,429748,18280,12932,15669,1530
30人以上,F29 電子部品・デバイス製造業,平成21,2009,5月,446840,488382,269705,445524,486892,269131,427841,17683,1316,1490,574
30人以上,F29 電子部品・デバイス製造業,平成21,2009,6月,911715,1009563,494368,445423,484561,278489,427198,18225,466292,525002,215879
30人以上,F29 電子部品・デバイス製造業,平成21,2009,7月,519258,570282,300928,448765,489092,276206,428958,19807,70493,81190,24722
30人以上,F29 電子部品・デバイス製造業,平成21,2009,8月,462803,504212,286014,448737,487309,284057,430756,17981,14066,16903,1957
30人以上,F29 電子部品・デバイス製造業,平成21,2009,9月,455246,493324,293347,446381,483978,286527,429533,16848,8865,9346,6820
30人以上,F29 電子部品・デバイス製造業,平成21,2009,10月,416611,456798,269509,414622,454538,268513,396860,17762,1989,2260,996
30人以上,F29 電子部品・デバイス製造業,平成21,2009,11月,476762,521508,289663,475837,520461,289246,454309,21528,925,1047,417
30人以上,F29 電子部品・デバイス製造業,平成21,2009,12月,1072525,1178310,629228,483835,529526,292368,461292,22543,588690,648784,336860
30人以上,F30 輸送用機械器具製造業,平成17,2005,年平均,588126,625853,403084,436467,464355,299683,394256,42211,151659,161498,103401
30人以上,F30 輸送用機械器具製造業,平成18,2006,年平均,584270,617789,411348,439931,465753,306716,398782,41149,144339,152036,104632
30人以上,F30 輸送用機械器具製造業,平成19,2007,年平均,544008,560497,381607,437745,451929,298049,395857,41888,106263,108568,83558
30人以上,F30 輸送用機械器具製造業,平成20,2008,年平均,577513,596525,407394,435390,450671,298659,398089,37301,142123,145854,108735
30人以上,F30 輸送用機械器具製造業,平成21,2009,年平均,605715,654943,452031,457251,495760,337029,441454,15797,148464,159183,115002
30人以上,F30 輸送用機械器具製造業,平成21,2009,1月,466714,503633,339652,465887,502880,338570,445140,20747,827,753,1082
30人以上,F30 輸送用機械器具製造業,平成21,2009,2月,484218,528554,346950,482773,527205,345209,467243,15530,1445,1349,1741
30人以上,F30 輸送用機械器具製造業,平成21,2009,3月,475309,513448,359471,460678,496454,352019,441903,18775,14631,16994,7452
30人以上,F30 輸送用機械器具製造業,平成21,2009,4月,525943,576646,367408,466199,504548,346292,451624,14575,59744,72098,21116
30人以上,F30 輸送用機械器具製造業,平成21,2009,5月,447470,484217,331655,444172,480882,328473,434040,10132,3298,3335,3182
30人以上,F30 輸送用機械器具製造業,平成21,2009,6月,673195,743000,451180,450444,483212,346224,437400,13044,222751,259788,104956
30人以上,F30 輸送用機械器具製造業,平成21,2009,7月,1182881,1263629,933819,456022,496763,330358,439868,16154,726859,766866,603461
30人以上,F30 輸送用機械器具製造業,平成21,2009,8月,461540,501477,336026,446486,485174,324897,432953,13533,15054,16303,11129
30人以上,F30 輸送用機械器具製造業,平成21,2009,9月,464696,508421,332367,457108,499712,328171,441287,15821,7588,8709,4196
30人以上,F30 輸送用機械器具製造業,平成21,2009,10月,452537,493098,331800,448730,489033,328762,429862,18868,3807,4065,3038
30人以上,F30 輸送用機械器具製造業,平成21,2009,11月,471574,514030,339364,447858,486887,326320,431209,16649,23716,27143,13044
30人以上,F30 輸送用機械器具製造業,平成21,2009,12月,1117406,1184198,910329,467029,503365,354376,450860,16169,650377,680833,555953
30人以上,F31 精密機械器具製造業,平成17,2005,年平均,484068,545754,254521,372249,418214,201204,341175,31074,111819,127540,53317
30人以上,F31 精密機械器具製造業,平成18,2006,年平均,457251,511617,255310,346812,386010,201211,313984,32828,110439,125607,54099
30人以上,F31 精密機械器具製造業,平成19,2007,年平均,519220,549893,345120,404246,426142,279966,366131,38115,114974,123751,65154
30人以上,F31 精密機械器具製造業,平成20,2008,年平均,528189,557248,364392,399556,420181,283301,364556,35000,128633,137067,81091
30人以上,F31 精密機械器具製造業,平成21,2009,年平均,514282,564050,329733,401161,438043,264398,381654,19507,113121,126007,65335
30人以上,F31 精密機械器具製造業,平成21,2009,1月,403376,437940,269183,397977,432291,264757,374502,23475,5399,5649,4426
30人以上,F31 精密機械器具製造業,平成21,2009,2月,411111,448187,268867,404077,440942,262644,379464,24613,7034,7245,6223
30人以上,F31 精密機械器具製造業,平成21,2009,3月,428429,464499,289620,422709,458727,284097,396349,26360,5720,5772,5523
30人以上,F31 精密機械器具製造業,平成21,2009,4月,443575,484493,288275,428891,467876,280929,408525,20366,14684,16617,7346
30人以上,F31 精密機械器具製造業,平成21,2009,5月,401675,436545,270603,398544,433497,267159,376725,21819,3131,3048,3444
30人以上,F31 精密機械器具製造業,平成21,2009,6月,676953,751909,400486,396584,433383,260856,378347,18237,280369,318526,139630
30人以上,F31 精密機械器具製造業,平成21,2009,7月,695951,765944,442327,396539,434303,259698,380150,16389,299412,331641,182629
30人以上,F31 精密機械器具製造業,平成21,2009,8月,395009,432116,260263,390220,427123,256215,374762,15458,4789,4993,4048
30人以上,F31 精密機械器具製造業,平成21,2009,9月,406857,444141,272089,397009,433989,263339,381750,15259,9848,10152,8750
30人以上,F31 精密機械器具製造業,平成21,2009,10月,410502,449914,267632,399307,437141,262157,382108,17199,11195,12773,5475
30人以上,F31 精密機械器具製造業,平成21,2009,11月,487998,541353,296182,387356,424734,252979,371545,15811,100642,116619,43203
30人以上,F31 精密機械器具製造業,平成21,2009,12月,1004915,1110911,619709,395554,432844,260034,376083,19471,609361,678067,359675
30人以上,F32 その他の製造業,平成17,2005,年平均,526824,598559,347854,416008,474614,269795,394792,21216,110816,123945,78059
30人以上,F32 その他の製造業,平成18,2006,年平均,532461,601318,353880,421797,477231,278029,397298,24499,110664,124087,75851
30人以上,F32 その他の製造業,平成19,2007,年平均,506268,589230,310557,384556,441825,249457,370585,13971,121712,147405,61100
30人以上,F32 その他の製造業,平成20,2008,年平均,524337,608037,318223,395287,453035,253080,377414,17873,129050,155002,65143
30人以上,F32 その他の製造業,平成21,2009,年平均,414613,470665,273247,357939,405216,238704,333634,24305,56674,65449,34543
30人以上,F32 その他の製造業,平成21,2009,1月,421500,494813,233022,411373,481356,231455,383570,27803,10127,13457,1567
30人以上,F32 その他の製造業,平成21,2009,2月,379981,426194,257255,372675,417054,254822,342996,29679,7306,9140,2433
30人以上,F32 その他の製造業,平成21,2009,3月,381069,431369,246113,362363,409538,235791,335109,27254,18706,21831,10322
30人以上,F32 その他の製造業,平成21,2009,4月,385232,428718,267398,362038,402282,252990,337300,24738,23194,26436,14408
30人以上,F32 その他の製造業,平成21,2009,5月,474088,525044,336312,354960,394403,248315,332669,22291,119128,130641,87997
30人以上,F32 その他の製造業,平成21,2009,6月,351423,394484,243188,348293,390776,241511,325812,22481,3130,3708,1677
30人以上,F32 その他の製造業,平成21,2009,7月,435464,494742,287290,353791,398246,242668,331024,22767,81673,96496,44622
30人以上,F32 その他の製造業,平成21,2009,8月,405084,449761,294792,360366,404747,250807,334060,26306,44718,45014,43985
30人以上,F32 その他の製造業,平成21,2009,9月,364556,415738,239137,348917,396933,231257,324809,24108,15639,18805,7880
30人以上,F32 その他の製造業,平成21,2009,10月,369624,420379,244096,352512,400130,234744,325481,27031,17112,20249,9352
30人以上,F32 その他の製造業,平成21,2009,11月,336760,384354,227704,335856,383131,227533,316127,19729,904,1223,171
30人以上,F32 その他の製造業,平成21,2009,12月,664137,778928,397088,333194,382953,217436,315443,17751,330943,395975,179652
30人以上,J-1 卸売業,平成17,2005,年平均,618104,701780,391918,450061,506093,298601,432269,17792,168043,195687,93317
30人以上,J-1 卸売業,平成18,2006,年平均,639298,719255,412939,458851,511429,310002,437598,21253,180447,207826,102937
30人以上,J-1 卸売業,平成19,2007,年平均,591652,669440,365626,428177,478461,282067,406609,21568,163475,190979,83559
30人以上,J-1 卸売業,平成20,2008,年平均,594514,661262,385041,430577,475006,291146,408540,22037,163937,186256,93895
30人以上,J-1 卸売業,平成21,2009,年平均,554606,627033,375484,415718,465597,292361,394538,21180,138888,161436,83123
30人以上,J-1 卸売業,平成21,2009,1月,437540,485485,309338,419120,464822,296916,395510,23610,18420,20663,12422
30人以上,J-1 卸売業,平成21,2009,2月,423107,476372,293793,419240,471907,291379,398963,20277,3867,4465,2414
30人以上,J-1 卸売業,平成21,2009,3月,449476,504069,318966,419164,472048,292739,397575,21589,30312,32021,26227
30人以上,J-1 卸売業,平成21,2009,4月,434370,481669,311275,423936,470036,303962,401611,22325,10434,11633,7313
30人以上,J-1 卸売業,平成21,2009,5月,456083,517063,310729,412419,463752,290059,390760,21659,43664,53311,20670
30人以上,J-1 卸売業,平成21,2009,6月,937044,1060321,622061,419672,467862,296543,399025,20647,517372,592459,325518
30人以上,J-1 卸売業,平成21,2009,7月,649037,746971,415442,411269,461976,290322,390964,20305,237768,284995,125120
30人以上,J-1 卸売業,平成21,2009,8月,434349,484812,303972,420117,468080,296197,399741,20376,14232,16732,7775
30人以上,J-1 卸売業,平成21,2009,9月,438698,490904,311702,414993,464761,293927,395851,19142,23705,26143,17775
30人以上,J-1 卸売業,平成21,2009,10月,424451,477765,297843,407777,461601,279959,387173,20604,16674,16164,17884
30人以上,J-1 卸売業,平成21,2009,11月,463524,528366,307977,406712,456115,288202,384817,21895,56812,72251,19775
30人以上,J-1 卸売業,平成21,2009,12月,1084556,1238739,697859,414884,464651,290068,393082,21802,669672,774088,407791
30人以上,J-2 小売業,平成17,2005,年平均,264718,401148,172062,216814,318022,148079,203943,12871,47904,83126,23983
30人以上,J-2 小売業,平成18,2006,年平均,278667,401884,192665,230337,323753,165135,217137,13200,48330,78131,27530
30人以上,J-2 小売業,平成19,2007,年平均,274762,406430,187139,229342,325892,165089,217212,12130,45420,80538,22050
30人以上,J-2 小売業,平成20,2008,年平均,373636,559545,222117,292409,425373,184041,280711,11698,81227,134172,38076
30人以上,J-2 小売業,平成21,2009,年平均,304906,436964,189728,266405,377066,169890,253782,12623,38501,59898,19838
30人以上,J-2 小売業,平成21,2009,1月,254135,366628,150503,250206,362481,146775,238712,11494,3929,4147,3728
30人以上,J-2 小売業,平成21,2009,2月,312376,441598,204338,287532,412749,182843,273185,14347,24844,28849,21495
30人以上,J-2 小売業,平成21,2009,3月,290913,413349,188982,285480,403702,187057,264504,20976,5433,9647,1925
30人以上,J-2 小売業,平成21,2009,4月,292671,411318,193630,280774,394973,185446,266079,14695,11897,16345,8184
30人以上,J-2 小売業,平成21,2009,5月,250141,354058,150210,247171,349198,149057,236752,10419,2970,4860,1153
30人以上,J-2 小売業,平成21,2009,6月,317947,460128,200999,276676,390305,183213,263628,13048,41271,69823,17786
30人以上,J-2 小売業,平成21,2009,7月,369720,550430,197128,252749,356267,153882,243524,9225,116971,194163,43246
30人以上,J-2 小売業,平成21,2009,8月,272235,385609,180977,270260,382693,179759,258155,12105,1975,2916,1218
30人以上,J-2 小売業,平成21,2009,9月,252296,356208,152012,251442,355077,151426,241976,9466,854,1131,586
30人以上,J-2 小売業,平成21,2009,10月,256208,362377,155356,251546,356604,151749,241492,10054,4662,5773,3607
30人以上,J-2 小売業,平成21,2009,11月,296468,429165,190458,272474,388574,179724,260233,12241,23994,40591,10734
30人以上,J-2 小売業,平成21,2009,12月,493557,729352,302483,270796,380870,181599,257317,13479,222761,348482,120884
30人以上,Q80 専門サービス業（他に分類されないもの）,平成17,2005,年平均,570047,628375,414115,467484,516418,336664,427124,40360,102563,111957,77451
30人以上,Q80 専門サービス業（他に分類されないもの）,平成18,2006,年平均,562046,621738,412087,448261,495766,328918,408681,39580,113785,125972,83169
30人以上,Q80 専門サービス業（他に分類されないもの）,平成19,2007,年平均,574254,622848,404997,434166,467509,318029,397435,36731,140088,155339,86968
30人以上,Q80 専門サービス業（他に分類されないもの）,平成20,2008,年平均,565207,627711,380418,436621,481486,303982,399248,37373,128586,146225,76436
30人以上,Q80 専門サービス業（他に分類されないもの）,平成21,2009,年平均,566371,618055,423174,475574,520558,350941,434473,41101,90797,97497,72233
30人以上,Q80 専門サービス業（他に分類されないもの）,平成21,2009,1月,475188,524379,348336,467458,516297,341513,433344,34114,7730,8082,6823
30人以上,Q80 専門サービス業（他に分類されないもの）,平成21,2009,2月,476101,525877,349030,474421,524039,347754,418272,56149,1680,1838,1276
30人以上,Q80 専門サービス業（他に分類されないもの）,平成21,2009,3月,554879,618559,372023,504775,559194,348511,459210,45565,50104,59365,23512
30人以上,Q80 専門サービス業（他に分類されないもの）,平成21,2009,4月,518354,565053,387432,486537,531190,361351,438768,47769,31817,33863,26081
30人以上,Q80 専門サービス業（他に分類されないもの）,平成21,2009,5月,481363,516109,372230,477161,511710,368648,414968,62193,4202,4399,3582
30人以上,Q80 専門サービス業（他に分類されないもの）,平成21,2009,6月,715295,754534,593301,467841,503319,357542,407602,60239,247454,251215,235759
30人以上,Q80 専門サービス業（他に分類されないもの）,平成21,2009,7月,677266,731737,529916,443770,484698,333055,408409,35361,233496,247039,196861
30人以上,Q80 専門サービス業（他に分類されないもの）,平成21,2009,8月,489364,538400,356553,473294,517228,354301,442818,30476,16070,21172,2252
30人以上,Q80 専門サービス業（他に分類されないもの）,平成21,2009,9月,449126,492723,327781,440983,485879,316021,403407,37576,8143,6844,11760
30人以上,Q80 専門サービス業（他に分類されないもの）,平成21,2009,10月,495673,542084,370100,487109,533450,361726,462606,24503,8564,8634,8374
30人以上,Q80 専門サービス業（他に分類されないもの）,平成21,2009,11月,497094,546420,364422,491788,540779,360016,459294,32494,5306,5641,4406
30人以上,Q80 専門サービス業（他に分類されないもの）,平成21,2009,12月,958725,1051182,710239,492719,540948,363099,465197,27522,466006,510234,347140
30人以上,Q81 学術・開発研究機関,平成17,2005,年平均,664041,709721,465859,486467,519217,344382,462382,24085,177574,190504,121477
30人以上,Q81 学術・開発研究機関,平成18,2006,年平均,654107,697769,461697,479010,510111,341950,453135,25875,175097,187658,119747
30人以上,Q81 学術・開発研究機関,平成19,2007,年平均,603236,656505,381297,452258,490988,290893,422666,29592,150978,165517,90404
30人以上,Q81 学術・開発研究機関,平成20,2008,年平均,614950,672432,382733,451881,492083,289472,423660,28221,163069,180349,93261
30人以上,Q81 学術・開発研究機関,平成21,2009,年平均,557505,622153,370677,426676,470067,301280,404392,22284,130829,152086,69397
30人以上,Q81 学術・開発研究機関,平成21,2009,1月,423293,472866,291276,420625,469511,290436,399197,21428,2668,3355,840
30人以上,Q81 学術・開発研究機関,平成21,2009,2月,431593,481304,298789,429089,478440,297247,406162,22927,2504,2864,1542
30人以上,Q81 学術・開発研究機関,平成21,2009,3月,456749,505328,325248,434790,482929,304480,409406,25384,21959,22399,20768
30人以上,Q81 学術・開発研究機関,平成21,2009,4月,459578,499135,340071,448261,485518,335705,422789,25472,11317,13617,4366
30人以上,Q81 学術・開発研究機関,平成21,2009,5月,434227,474848,314792,427526,466735,312244,404992,22534,6701,8113,2548
30人以上,Q81 学術・開発研究機関,平成21,2009,6月,1120232,1277705,711500,427375,472648,309866,404284,23091,692857,805057,401634
30人以上,Q81 学術・開発研究機関,平成21,2009,7月,434203,480216,314686,430739,476132,312833,408055,22684,3464,4084,1853
30人以上,Q81 学術・開発研究機関,平成21,2009,8月,425372,470656,306901,422805,468006,304549,400607,22198,2567,2650,2352
30人以上,Q81 学術・開発研究機関,平成21,2009,9月,430769,476650,311118,424109,469616,305436,403118,20991,6660,7034,5682
30人以上,Q81 学術・開発研究機関,平成21,2009,10月,433281,472947,291255,423005,461705,284436,402422,20583,10276,11242,6819
30人以上,Q81 学術・開発研究機関,平成21,2009,11月,452307,496443,296741,415843,455368,276529,395723,20120,36464,41075,20212
30人以上,Q81 学術・開発研究機関,平成21,2009,12月,1174049,1321781,655253,417650,458366,274665,397263,20387,756399,863415,380588
30人以上,Q84 娯楽業,平成17,2005,年平均,324690,401334,230631,265503,320214,198360,255610,9893,59187,81120,32271
30人以上,Q84 娯楽業,平成18,2006,年平均,327493,407671,231046,263173,320848,193795,250792,12381,64320,86823,37251
30人以上,Q84 娯楽業,平成19,2007,年平均,350267,440653,219497,279595,339008,193636,269717,9878,70672,101645,25861
30人以上,Q84 娯楽業,平成20,2008,年平均,349994,421989,234641,281956,331111,203197,273207,8749,68038,90878,31444
30人以上,Q84 娯楽業,平成21,2009,年平均,268862,366538,151081,233202,312361,137750,221035,12167,35660,54177,13331
30人以上,Q84 娯楽業,平成21,2009,1月,243909,319354,139482,242120,316914,138594,228500,13620,1789,2440,888
30人以上,Q84 娯楽業,平成21,2009,2月,241699,315358,141050,241480,315134,140839,229845,11635,219,224,211
30人以上,Q84 娯楽業,平成21,2009,3月,239437,321362,131626,234928,315609,128753,222788,12140,4509,5753,2873
30人以上,Q84 娯楽業,平成21,2009,4月,245645,325962,142214,242517,322209,139892,228694,13823,3128,3753,2322
30人以上,Q84 娯楽業,平成21,2009,5月,293209,408913,145582,241951,320916,141199,228425,13526,51258,87997,4383
30人以上,Q84 娯楽業,平成21,2009,6月,282727,371093,170858,234109,309300,138919,221774,12335,48618,61793,31939
30人以上,Q84 娯楽業,平成21,2009,7月,290453,401582,162096,221940,295640,136815,210513,11427,68513,105942,25281
30人以上,Q84 娯楽業,平成21,2009,8月,236327,319366,141577,229775,307514,141072,216533,13242,6552,11852,505
30人以上,Q84 娯楽業,平成21,2009,9月,231726,318811,136205,224794,306958,134670,213376,11418,6932,11853,1535
30人以上,Q84 娯楽業,平成21,2009,10月,230968,315695,138434,227439,311165,135998,216738,10701,3529,4530,2436
30人以上,Q84 娯楽業,平成21,2009,11月,229725,315010,138027,229694,314950,138027,218418,11276,31,60,0
30人以上,Q84 娯楽業,平成21,2009,12月,462639,686058,222089,227656,310673,138274,216873,10783,234983,375385,83815
30人以上,"Q86,87 自動車整備業、機械等修理業",平成17,2005,年平均,523242,564839,304337,392673,424051,227546,340991,51682,130569,140788,76791
30人以上,"Q86,87 自動車整備業、機械等修理業",平成18,2006,年平均,494122,535450,286451,386115,418252,224627,336565,49550,108007,117198,61824
30人以上,"Q86,87 自動車整備業、機械等修理業",平成19,2007,年平均,511630,535290,315830,395026,410951,263238,350032,44994,116604,124339,52592
30人以上,"Q86,87 自動車整備業、機械等修理業",平成20,2008,年平均,487134,511485,309071,380506,396976,260073,340302,40204,106628,114509,48998
30人以上,"Q86,87 自動車整備業、機械等修理業",平成21,2009,年平均,523692,542751,364763,402699,417832,276507,364789,37910,120993,124919,88256
30人以上,"Q86,87 自動車整備業、機械等修理業",平成21,2009,1月,420376,438675,271981,416775,434905,269748,376166,40609,3601,3770,2233
30人以上,"Q86,87 自動車整備業、機械等修理業",平成21,2009,2月,417439,435032,276387,411813,429002,274004,374055,37758,5626,6030,2383
30人以上,"Q86,87 自動車整備業、機械等修理業",平成21,2009,3月,432544,450107,285222,411743,428594,270392,370503,41240,20801,21513,14830
30人以上,"Q86,87 自動車整備業、機械等修理業",平成21,2009,4月,425679,440050,306282,414862,429983,289239,375834,39028,10817,10067,17043
30人以上,"Q86,87 自動車整備業、機械等修理業",平成21,2009,5月,460507,477083,317441,402493,416467,281884,370264,32229,58014,60616,35557
30人以上,"Q86,87 自動車整備業、機械等修理業",平成21,2009,6月,886991,905071,727075,405696,416894,306647,374177,31519,481295,488177,420428
30人以上,"Q86,87 自動車整備業、機械等修理業",平成21,2009,7月,568576,586251,409466,404713,416094,302264,372026,32687,163863,170157,107202
30人以上,"Q86,87 自動車整備業、機械等修理業",平成21,2009,8月,405671,419123,287238,401846,415173,284515,368769,33077,3825,3950,2723
30人以上,"Q86,87 自動車整備業、機械等修理業",平成21,2009,9月,417808,432228,297709,400385,414076,286358,366168,34217,17423,18152,11351
30人以上,"Q86,87 自動車整備業、機械等修理業",平成21,2009,10月,392258,408164,257701,384257,399948,251516,342042,42215,8001,8216,6185
30人以上,"Q86,87 自動車整備業、機械等修理業",平成21,2009,11月,444693,464620,286569,385193,402462,248161,343729,41464,59500,62158,38408
30人以上,"Q86,87 自動車整備業、機械等修理業",平成21,2009,12月,1017734,1066583,652931,392880,410647,260199,343959,48921,624854,655936,392732
30人以上,Q82 洗濯・理容・美容・浴場業,平成17,2005,年平均,312434,364209,258595,270135,315424,223041,260361,9774,42299,48785,35554
30人以上,Q82 洗濯・理容・美容・浴場業,平成18,2006,年平均,306054,370437,241662,266938,323595,210272,256307,10631,39116,46842,31390
30人以上,Q82 洗濯・理容・美容・浴場業,平成19,2007,年平均,214234,265262,178095,194344,239850,162116,185544,8800,19890,25412,15979
30人以上,Q82 洗濯・理容・美容・浴場業,平成20,2008,年平均,214816,262536,180286,195933,238164,165375,186944,8989,18883,24372,14911
30人以上,Q82 洗濯・理容・美容・浴場業,平成21,2009,年平均,336635,428522,264841,288578,355135,236575,271197,17381,48057,73387,28266
30人以上,Q82 洗濯・理容・美容・浴場業,平成21,2009,1月,362383,400407,323511,284395,341796,225714,275281,9114,77988,58611,97797
30人以上,Q82 洗濯・理容・美容・浴場業,平成21,2009,2月,322559,412577,232862,320688,412577,229127,311863,8825,1871,0,3735
30人以上,Q82 洗濯・理容・美容・浴場業,平成21,2009,3月,295145,369641,234673,294374,368089,234536,288680,5694,771,1552,137
30人以上,Q82 洗濯・理容・美容・浴場業,平成21,2009,4月,284431,332510,248378,284431,332510,248378,277306,7125,0,0,0
30人以上,Q82 洗濯・理容・美容・浴場業,平成21,2009,5月,281718,340696,239843,281718,340696,239843,273894,7824,0,0,0
30人以上,Q82 洗濯・理容・美容・浴場業,平成21,2009,6月,280097,352393,220415,265493,332372,210283,235682,29811,14604,20021,10132
30人以上,Q82 洗濯・理容・美容・浴場業,平成21,2009,7月,462297,666850,316613,291795,349001,251053,234115,57680,170502,317849,65560
30人以上,Q82 洗濯・理容・美容・浴場業,平成21,2009,8月,280560,352273,223315,280413,352108,223183,275589,4824,147,165,132
30人以上,Q82 洗濯・理容・美容・浴場業,平成21,2009,9月,297498,364189,249734,297498,364189,249734,238952,58546,0,0,0
30人以上,Q82 洗濯・理容・美容・浴場業,平成21,2009,10月,291883,353414,248489,291883,353414,248489,285484,6399,0,0,0
30人以上,Q82 洗濯・理容・美容・浴場業,平成21,2009,11月,284515,358295,233412,273155,339988,226864,266463,6692,11360,18307,6548
30人以上,Q82 洗濯・理容・美容・浴場業,平成21,2009,12月,610464,892525,411856,297956,369605,247506,291924,6032,312508,522920,164350
30人以上,Q89 広告業,平成17,2005,年平均,606607,658451,447826,501173,543299,372157,469958,31215,105434,115152,75669
30人以上,Q89 広告業,平成18,2006,年平均,622640,683899,451931,486173,532640,356684,448320,37853,136467,151259,95247
30人以上,Q89 広告業,平成19,2007,年平均,505387,603238,332577,431168,513326,286073,407807,23361,74219,89912,46504
30人以上,Q89 広告業,平成20,2008,年平均,537350,640952,356442,458733,547807,303192,424918,33815,78617,93145,53250
30人以上,Q89 広告業,平成21,2009,年平均,586388,650464,424743,481405,532213,353231,434277,47128,104983,118251,71512
30人以上,Q89 広告業,平成21,2009,1月,477724,537364,339426,471035,529966,334379,423768,47267,6689,7398,5047
30人以上,Q89 広告業,平成21,2009,2月,475635,528173,348825,474459,526920,347835,427860,46599,1176,1253,990
30人以上,Q89 広告業,平成21,2009,3月,517254,569923,383145,497648,548435,368331,444707,52941,19606,21488,14814
30人以上,Q89 広告業,平成21,2009,4月,529779,581300,399034,500160,549863,374030,446997,53163,29619,31437,25004
30人以上,Q89 広告業,平成21,2009,5月,488494,538422,359812,479667,528187,354614,431734,47933,8827,10235,5198
30人以上,Q89 広告業,平成21,2009,6月,985105,1109202,671917,469527,517704,347941,424379,45148,515578,591498,323976
30人以上,Q89 広告業,平成21,2009,7月,591826,654110,435437,482788,533317,355913,432155,50633,109038,120793,79524
30人以上,Q89 広告業,平成21,2009,8月,482408,533886,351405,480479,532040,349267,432457,48022,1929,1846,2138
30人以上,Q89 広告業,平成21,2009,9月,492391,541685,364735,484364,533666,356690,438486,45878,8027,8019,8045
30人以上,Q89 広告業,平成21,2009,10月,498495,549531,367376,490961,541845,360232,443033,47928,7534,7686,7144
30人以上,Q89 広告業,平成21,2009,11月,503556,551823,376734,464164,511403,340042,437415,26749,39392,40420,36692
30人以上,Q89 広告業,平成21,2009,12月,999497,1114725,707073,481526,533133,350558,428551,52975,517971,581592,356515
30人以上,QS-1 一括分,平成17,2005,年平均,394568,499197,244043,322791,402473,208157,300047,22744,71777,96724,35886
30人以上,QS-1 一括分,平成18,2006,年平均,389576,491399,254879,314833,387804,218304,291961,22872,74743,103595,36575
30人以上,QS-1 一括分,平成19,2007,年平均,385205,473167,271807,311572,374895,229937,284816,26756,73633,98272,41870
30人以上,QS-1 一括分,平成20,2008,年平均,383375,465964,272383,311206,370945,230923,285191,26015,72169,95019,41460
30人以上,QS-1 一括分,平成21,2009,年平均,356801,456043,247429,297123,368696,218244,275573,21550,59678,87347,29185
30人以上,QS-1 一括分,平成21,2009,1月,303422,382985,215324,300709,379431,213543,277801,22908,2713,3554,1781
30人以上,QS-1 一括分,平成21,2009,2月,306702,383307,220849,303744,378905,219510,279475,24269,2958,4402,1339
30人以上,QS-1 一括分,平成21,2009,3月,315236,392663,226338,299506,369411,219245,276784,22722,15730,23252,7093
30人以上,QS-1 一括分,平成21,2009,4月,304192,383467,223729,294723,369438,218889,272507,22216,9469,14029,4840
30人以上,QS-1 一括分,平成21,2009,5月,301854,389395,212544,286687,363689,208129,264830,21857,15167,25706,4415
30人以上,QS-1 一括分,平成21,2009,6月,541133,730505,332132,297459,367084,220617,277165,20294,243674,363421,111515
30人以上,QS-1 一括分,平成21,2009,7月,360414,450344,259501,298153,366312,221670,277770,20383,62261,84032,37831
30人以上,QS-1 一括分,平成21,2009,8月,306803,379392,223912,298649,366794,220832,279653,18996,8154,12598,3080
30人以上,QS-1 一括分,平成21,2009,9月,302971,372364,224660,294479,360319,220177,274258,20221,8492,12045,4483
30人以上,QS-1 一括分,平成21,2009,10月,310234,386667,223758,300229,371501,219593,279171,21058,10005,15166,4165
30人以上,QS-1 一括分,平成21,2009,11月,323570,408049,230703,295453,364312,219757,273638,21815,28117,43737,10946
30人以上,QS-1 一括分,平成21,2009,12月,613245,824521,381091,295298,365707,217930,273795,21503,317947,458814,163161
,,,,,,,,,,,,,,,
東京都の賃金、労働時間及び雇用の動き（毎月勤労統計調査）平成21年確報,,,,,,,,,,,,,,,
第１－２表　産業、性別常用労働者の１人平均月間現金給与額　（事業所規模３０人以上）,,,,,,,,,,,,,,,
