﻿区分・年,西暦(年),実数／総数（千人、％）,実数／15～24歳（千人、％）,実数／25～34歳（千人、％）,実数／35～44歳（千人、％）,実数／45～54歳（千人、％）,実数／55～64歳（千人、％）,実数／65歳以上（千人、％）,対前年増減数／総数（千人、ポイント）,対前年増減数／15～24歳（千人、ポイント）,対前年増減数／25～34歳（千人、ポイント）,対前年増減数／35～44歳（千人、ポイント）,対前年増減数／45～54歳（千人、ポイント）,対前年増減数／55～64歳（千人、ポイント）,対前年増減数／65歳以上（千人、ポイント）,対前年増減率／総数（％）,対前年増減率／15～24歳（％）,対前年増減率／25～34歳（％）,対前年増減率／35～44歳（％）,対前年増減率／45～54歳（％）,対前年増減率／55～64歳（％）,対前年増減率／65歳以上（％）
15歳以上人口／平成15年平均,2003,5358,790,1119,909,812,802,926,41,-23,-4,36,-36,31,37,0.8,-2.8,-0.4,4.1,-4.2,4,4.2
15歳以上人口／平成16年平均,2004,5382,763,1110,939,781,833,957,24,-27,-9,30,-31,31,31,0.4,-3.4,-0.8,3.3,-3.8,3.9,3.3
15歳以上人口／平成17年平均,2005,5412,744,1102,967,759,848,992,30,-19,-8,28,-22,15,35,0.6,-2.5,-0.7,3,-2.8,1.8,3.7
15歳以上人口／平成18年平均,2006,5449,744,1086,994,747,846,1032,37,0,-16,27,-12,-2,40,0.7,0,-1.5,2.8,-1.6,-0.2,4
15歳以上人口／平成19年平均,2007,5594,754,1052,1056,779,871,1081,145,10,-34,62,32,25,49,2.7,1.3,-3.1,6.2,4.3,3,4.7
15歳以上人口／平成20年平均,2008,5622,734,1029,1086,792,860,1122,28,-20,-23,30,13,-11,41,0.5,-2.7,-2.2,2.8,1.7,-1.3,3.8
15歳以上人口／平成21年平均,2009,5637,711,1003,1105,811,843,1164,15,-23,-26,19,19,-17,42,0.3,-3.1,-2.5,1.7,2.4,-2,3.7
15歳以上人口／平成22年平均,2010,5635,678,979,1110,838,840,1190,-2,-33,-24,5,27,-3,26,0,-4.6,-2.4,0.5,3.3,-0.4,2.2
15歳以上人口／平成23年平均,2011,5756,682,1026,1168,873,852,1155,121,4,47,58,35,12,-35,2.1,0.6,4.8,5.2,4.2,1.4,-2.9
15歳以上人口／平成24年平均,2012,5768,670,1008,1167,903,824,1196,12,-12,-18,-1,30,-28,41,0.2,-1.8,-1.8,-0.1,3.4,-3.3,3.5
15歳以上人口／平成25年平均,2013,5787,661,995,1160,938,789,1245,19,-9,-13,-7,35,-35,49,0.3,-1.3,-1.3,-0.6,3.9,-4.2,4.1
労働力人口／平成15年平均,2003,4059,324,1062,890,784,674,325,5,-36,6,35,-36,25,12,0.1,-10,0.6,4.1,-4.4,3.9,3.8
労働力人口／平成16年平均,2004,4022,295,1044,907,745,707,323,-37,-29,-18,17,-39,33,-2,-0.9,-9,-1.7,1.9,-5,4.9,-0.6
労働力人口／平成17年平均,2005,4031,289,1028,936,722,718,338,9,-6,-16,29,-23,11,15,0.2,-2,-1.5,3.2,-3.1,1.6,4.6
労働力人口／平成18年平均,2006,4054,273,1019,960,716,718,367,23,-16,-9,24,-6,0,29,0.6,-5.5,-0.9,2.6,-0.8,0,8.6
労働力人口／平成19年平均,2007,4252,337,984,1021,752,761,397,198,64,-35,61,36,43,30,4.9,23.4,-3.4,6.4,5,6,8.2
労働力人口／平成20年平均,2008,4274,321,980,1055,763,754,401,22,-16,-4,34,11,-7,4,0.5,-4.7,-0.4,3.3,1.5,-0.9,1
労働力人口／平成21年平均,2009,4197,272,946,1068,782,729,400,-77,-49,-34,13,19,-25,-1,-1.8,-15.3,-3.5,1.2,2.5,-3.3,-0.2
労働力人口／平成22年平均,2010,4179,247,918,1070,806,728,410,-18,-25,-28,2,24,-1,10,-0.4,-9.2,-3,0.2,3.1,-0.1,2.5
労働力人口／平成23年平均,2011,4336,270,958,1123,841,740,404,157,23,40,53,35,12,-6,3.8,9.3,4.4,5,4.3,1.6,-1.5
労働力人口／平成24年平均,2012,4328,258,942,1132,871,702,423,-8,-12,-16,9,30,-38,19,-0.2,-4.4,-1.7,0.8,3.6,-5.1,4.7
労働力人口／平成25年平均,2013,4315,262,917,1121,902,666,447,-13,4,-25,-11,31,-36,24,-0.3,1.6,-2.7,-1,3.6,-5.1,5.7
就業者数／平成15年平均,2003,3860,295,1011,858,752,632,312,33,-24,18,35,-34,31,7,0.9,-7.5,1.8,4.3,-4.3,5.2,2.3
就業者数／平成16年平均,2004,3820,267,978,875,717,669,314,-40,-28,-33,17,-35,37,2,-1,-9.5,-3.3,2,-4.7,5.9,0.6
就業者数／平成17年平均,2005,3840,264,974,899,696,680,326,20,-3,-4,24,-21,11,12,0.5,-1.1,-0.4,2.7,-2.9,1.6,3.8
就業者数／平成18年平均,2006,3879,256,960,928,694,684,357,39,-8,-14,29,-2,4,31,1,-3,-1.4,3.2,-0.3,0.6,9.5
就業者数／平成19年平均,2007,4093,318,936,987,731,734,387,214,62,-24,59,37,50,30,5.5,24.2,-2.5,6.4,5.3,7.3,8.4
就業者数／平成20年平均,2008,4118,301,933,1024,742,730,388,25,-17,-3,37,11,-4,1,0.6,-5.3,-0.3,3.7,1.5,-0.5,0.3
就業者数／平成21年平均,2009,4011,254,889,1029,756,699,385,-107,-47,-44,5,14,-31,-3,-2.6,-15.6,-4.7,0.5,1.9,-4.2,-0.8
就業者数／平成22年平均,2010,3941,215,854,1023,775,683,393,-70,-39,-35,-6,19,-16,8,-1.7,-15.4,-3.9,-0.6,2.5,-2.3,2.1
就業者数／平成23年平均,2011,4122,246,900,1073,814,696,393,181,31,46,50,39,13,0,4.6,14.4,5.4,4.9,5,1.9,0
就業者数／平成24年平均,2012,4130,239,895,1081,841,664,408,8,-7,-5,8,27,-32,15,0.2,-2.8,-0.6,0.7,3.3,-4.6,3.8
就業者数／平成25年平均,2013,4130,245,868,1078,870,636,432,0,6,-27,-3,29,-28,24,0,2.5,-3,-0.3,3.4,-4.2,5.9
完全失業者数／平成15年平均,2003,199,29,51,32,32,42,13,-28,-12,-12,0,-2,-6,4,-12.3,-29.3,-19,0,-5.9,-12.5,44.4
完全失業者数／平成16年平均,2004,202,28,66,31,28,38,9,3,-1,15,-1,-4,-4,-4,1.5,-3.4,29.4,-3.1,-12.5,-9.5,-30.8
完全失業者数／平成17年平均,2005,191,25,54,37,26,38,12,-11,-3,-12,6,-2,0,3,-5.4,-10.7,-18.2,19.4,-7.1,0,33.3
完全失業者数／平成18年平均,2006,175,17,59,32,22,34,10,-16,-8,5,-5,-4,-4,-2,-8.4,-32,9.3,-13.5,-15.4,-10.5,-16.7
完全失業者数／平成19年平均,2007,159,19,48,33,20,27,11,-16,2,-11,1,-2,-7,1,-9.1,11.8,-18.6,3.1,-9.1,-20.6,10
完全失業者数／平成20年平均,2008,156,20,47,31,20,24,13,-3,1,-1,-2,0,-3,2,-1.9,5.3,-2.1,-6.1,0,-11.1,18.2
完全失業者数／平成21年平均,2009,186,18,57,39,27,30,15,30,-2,10,8,7,6,2,19.2,-10,21.3,25.8,35,25,15.4
完全失業者数／平成22年平均,2010,238,32,64,48,32,45,17,52,14,7,9,5,15,2,28,77.8,12.3,23.1,18.5,50,13.3
完全失業者数／平成23年平均,2011,214,23,59,50,27,44,12,-24,-9,-5,2,-5,-1,-5,-10.1,-28.1,-7.8,4.2,-15.6,-2.2,-29.4
完全失業者数／平成24年平均,2012,198,19,47,51,29,38,15,-16,-4,-12,1,2,-6,3,-7.5,-17.4,-20.3,2,7.4,-13.6,25
完全失業者数／平成25年平均,2013,185,16,49,43,31,30,15,-13,-3,2,-8,2,-8,0,-6.6,-15.8,4.3,-15.7,6.9,-21.1,0
非労働力人口／平成15年平均,2003,1295,466,55,19,27,127,601,38,14,-9,2,-1,6,26,3,3.1,-14.1,11.8,-3.6,5,4.5
非労働力人口／平成16年平均,2004,1355,467,63,31,35,125,634,60,1,8,12,8,-2,33,4.6,0.2,14.5,63.2,29.6,-1.6,5.5
非労働力人口／平成17年平均,2005,1375,454,72,29,36,130,654,20,-13,9,-2,1,5,20,1.5,-2.8,14.3,-6.5,2.9,4,3.2
非労働力人口／平成18年平均,2006,1392,470,66,34,31,127,665,17,16,-6,5,-5,-3,11,1.2,3.5,-8.3,17.2,-13.9,-2.3,1.7
非労働力人口／平成19年平均,2007,1337,415,68,34,27,110,683,-55,-55,2,0,-4,-17,18,-4,-11.7,3,0,-12.9,-13.4,2.7
非労働力人口／平成20年平均,2008,1346,413,48,30,28,106,721,9,-2,-20,-4,1,-4,38,0.7,-0.5,-29.4,-11.8,3.7,-3.6,5.6
非労働力人口／平成21年平均,2009,1436,436,57,35,29,115,764,90,23,9,5,1,9,43,6.7,5.6,18.8,16.7,3.6,8.5,6
非労働力人口／平成22年平均,2010,1451,429,60,39,31,112,780,15,-7,3,4,2,-3,16,1,-1.6,5.3,11.4,6.9,-2.6,2.1
非労働力人口／平成23年平均,2011,1418,412,68,44,32,111,750,-33,-17,8,5,1,-1,-30,-2.3,-4,13.3,12.8,3.2,-0.9,-3.8
非労働力人口／平成24年平均,2012,1439,412,65,36,32,122,773,21,0,-3,-8,0,11,23,1.5,0,-4.4,-18.2,0,9.9,3.1
非労働力人口／平成25年平均,2013,1468,399,76,37,36,122,798,29,-13,11,1,4,0,25,2,-3.2,16.9,2.8,12.5,0,3.2
労働力人口比率／平成15年平均,2003,75.8,41,94.9,97.9,96.6,84,35.1,-0.4,-3.3,0.9,0,-0.1,-0.2,-0.1,-,-,-,-,-,-,-
労働力人口比率／平成16年平均,2004,74.7,38.7,94.1,96.6,95.4,84.9,33.8,-1.1,-2.3,-0.8,-1.3,-1.2,0.9,-1.3,-,-,-,-,-,-,-
労働力人口比率／平成17年平均,2005,74.5,38.8,93.3,96.8,95.1,84.7,34.1,-0.2,0.1,-0.8,0.2,-0.3,-0.2,0.3,-,-,-,-,-,-,-
労働力人口比率／平成18年平均,2006,74.4,36.7,93.8,96.6,95.9,84.9,35.6,-0.1,-2.1,0.5,-0.2,0.8,0.2,1.5,-,-,-,-,-,-,-
労働力人口比率／平成19年平均,2007,76,44.7,93.5,96.7,96.5,87.4,36.7,1.6,8,-0.3,0.1,0.6,2.5,1.1,-,-,-,-,-,-,-
労働力人口比率／平成20年平均,2008,76,43.7,95.2,97.1,96.3,87.7,35.7,0,-1,1.7,0.4,-0.2,0.3,-1,-,-,-,-,-,-,-
労働力人口比率／平成21年平均,2009,74.5,38.3,94.3,96.7,96.4,86.5,34.4,-1.5,-5.4,-0.9,-0.4,0.1,-1.2,-1.3,-,-,-,-,-,-,-
労働力人口比率／平成22年平均,2010,74.2,36.4,93.8,96.4,96.2,86.7,34.5,-0.3,-1.9,-0.5,-0.3,-0.2,0.2,0.1,-,-,-,-,-,-,-
労働力人口比率／平成23年平均,2011,75.3,39.6,93.4,96.1,96.3,86.9,35,1.1,3.2,-0.4,-0.3,0.1,0.2,0.5,-,-,-,-,-,-,-
労働力人口比率／平成24年平均,2012,75,38.5,93.5,97,96.5,85.2,35.4,-0.3,-1.1,0.1,0.9,0.2,-1.7,0.4,-,-,-,-,-,-,-
労働力人口比率／平成25年平均,2013,74.6,39.6,92.2,96.6,96.2,84.4,35.9,-0.4,1.1,-1.3,-0.4,-0.3,-0.8,0.5,-,-,-,-,-,-,-
就業率／平成20年平均,2008,73.2,41,90.7,94.3,93.7,84.9,34.6,…,…,…,…,…,…,…,-,-,-,-,-,-,-
就業率／平成21年平均,2009,71.2,35.7,88.6,93.1,93.2,82.9,33.1,-2,-5.3,-2.1,-1.2,-0.5,-2,-1.5,-,-,-,-,-,-,-
就業率／平成22年平均,2010,69.9,31.7,87.2,92.2,92.5,81.3,33,-1.3,-4,-1.4,-0.9,-0.7,-1.6,-0.1,-,-,-,-,-,-,-
就業率／平成23年平均,2011,71.6,36.1,87.7,91.9,93.2,81.7,34,1.7,4.4,0.5,-0.3,0.7,0.4,1,-,-,-,-,-,-,-
就業率／平成24年平均,2012,71.6,35.7,88.8,92.6,93.1,80.6,34.1,0,-0.4,1.1,0.7,-0.1,-1.1,0.1,-,-,-,-,-,-,-
就業率／平成25年平均,2013,71.4,37.1,87.2,92.9,92.8,80.6,34.7,-0.2,1.4,-1.6,0.3,-0.3,0,0.6,-,-,-,-,-,-,-
完全失業率／平成15年平均,2003,4.9,9,4.8,3.6,4.1,6.2,4,-0.7,-2.4,-1.2,-0.1,0,-1.2,1.1,-,-,-,-,-,-,-
完全失業率／平成16年平均,2004,5,9.5,6.3,3.4,3.8,5.4,2.8,0.1,0.5,1.5,-0.2,-0.3,-0.8,-1.2,-,-,-,-,-,-,-
完全失業率／平成17年平均,2005,4.7,8.7,5.3,4,3.6,5.3,3.6,-0.3,-0.8,-1,0.6,-0.2,-0.1,0.8,-,-,-,-,-,-,-
完全失業率／平成18年平均,2006,4.3,6.2,5.8,3.3,3.1,4.7,2.7,-0.4,-2.5,0.5,-0.7,-0.5,-0.6,-0.9,-,-,-,-,-,-,-
完全失業率／平成19年平均,2007,3.7,5.6,4.9,3.2,2.7,3.5,2.8,-0.6,-0.6,-0.9,-0.1,-0.4,-1.2,0.1,-,-,-,-,-,-,-
完全失業率／平成20年平均,2008,3.6,6.2,4.8,2.9,2.6,3.2,3.2,-0.1,0.6,-0.1,-0.3,-0.1,-0.3,0.4,-,-,-,-,-,-,-
完全失業率／平成21年平均,2009,4.4,6.6,6,3.7,3.5,4.1,3.8,0.8,0.4,1.2,0.8,0.9,0.9,0.6,-,-,-,-,-,-,-
完全失業率／平成22年平均,2010,5.7,13,7,4.5,4,6.2,4.1,1.3,6.4,1,0.8,0.5,2.1,0.3,-,-,-,-,-,-,-
完全失業率／平成23年平均,2011,4.9,8.5,6.2,4.5,3.2,5.9,3,-0.8,-4.5,-0.8,0,-0.8,-0.3,-1.1,-,-,-,-,-,-,-
完全失業率／平成24年平均,2012,4.6,7.4,5,4.5,3.3,5.4,3.5,-0.3,-1.1,-1.2,0,0.1,-0.5,0.5,-,-,-,-,-,-,-
完全失業率／平成25年平均,2013,4.3,6.1,5.3,3.8,3.4,4.5,3.4,-0.3,-1.3,0.3,-0.7,0.1,-0.9,-0.1,-,-,-,-,-,-,-
,,,,,,,,,,,,,,,,,,,,,,
東京の労働力統計データ（平成25年平均）,,,,,,,,,,,,,,,,,,,,,,
第３表　年齢階級別就業状態（男）,,,,,,,,,,,,,,,,,,,,,,
注)　就業率については、平成20年平均から集計している。,,,,,,,,,,,,,,,,,,,,,,
