地域階層,地域コード,地域,人口総数（日本人＋外国人）,前月人口総数との増減,人口／日本人／総数,人口／日本人／男,人口／日本人／女,人口／外国人／総数,人口／外国人／男,人口／外国人／女,世帯数／総世帯数,世帯数／日本人のみの世帯数,世帯数／外国人のみの世帯数,世帯数／日本人と外国人の複数国籍世帯数
0,13000,総数,13917537,10740,13274995,6513228,6761767,642542,320677,321865,7564301,7078140,391127,95034
1,13100,区部,9645995,10276,9107094,4460067,4647027,538901,270176,268725,5429456,5022906,333249,73301
1,13200,市部,4192681,488,4090572,2013972,2076600,102109,49710,52399,2094026,2015693,57018,21315
2,13300,郡部,54990,-8,53775,26964,26811,1215,638,577,26556,25580,671,305
2,13350,島部,23871,-16,23554,12225,11329,317,153,164,14263,13961,189,113
1,13100,区部,9645995,10276,9107094,4460067,4647027,538901,270176,268725,5429456,5022906,333249,73301
4,13101,千代田区,68726,78,64866,32333,32533,3860,2067,1793,39234,36221,2499,514
4,13102,中央区,176399,417,166151,78838,87313,10248,5090,5158,100649,93186,5871,1592
4,13103,港区,266284,302,245015,114409,130606,21269,10920,10349,152637,137653,11589,3395
4,13104,新宿区,349616,807,305757,152729,153028,43859,22989,20870,227639,192306,32055,3278
4,13105,文京区,232220,535,218263,103611,114652,13957,6883,7074,128621,117357,9763,1501
4,13106,台東区,212127,644,193802,98634,95168,18325,9327,8998,133244,118405,12852,1987
4,13107,墨田区,284371,440,268764,132884,135880,15607,7228,8379,166827,154402,9956,2469
4,13108,江東区,539010,439,502361,246730,255631,36649,17904,18745,289713,265378,19452,4883
4,13109,品川区,408071,533,392736,192098,200638,15335,7713,7622,233500,221895,8873,2732
4,13110,目黒区,279777,-20,269194,126356,142838,10583,5564,5019,159820,151286,6409,2125
4,13111,大田区,734169,55,706084,351162,354922,28085,13745,14340,410184,389318,15909,4957
4,13112,世田谷区,918769,201,893453,421709,471744,25316,13133,12183,496636,476165,15142,5329
4,13113,渋谷区,230983,225,219063,104245,114818,11920,6518,5402,142680,133003,7702,1975
4,13114,中野区,337552,674,316565,159417,157148,20987,11038,9949,213481,195938,15531,2012
4,13115,杉並区,573129,148,554071,265846,288225,19058,9670,9388,329805,314055,13042,2708
4,13116,豊島区,292054,633,259561,129755,129806,32493,16815,15678,185188,157830,25133,2225
4,13117,北区,357804,474,330688,163989,166699,27116,13696,13420,207060,186819,17572,2669
4,13118,荒川区,219243,514,198208,98650,99558,21035,10411,10624,121883,106626,12865,2392
4,13119,板橋区,572962,585,540945,264573,276372,32017,15557,16460,327317,302746,20400,4171
4,13120,練馬区,741707,1112,718708,347852,370856,22999,10933,12066,389771,372021,13635,4115
4,13121,足立区,693073,461,654033,328122,325911,39040,18746,20294,371481,344321,20388,6772
4,13122,葛飾区,467239,461,440609,219686,220923,26630,13068,13562,248511,230176,14524,3811
4,13123,江戸川区,690710,558,648197,326439,321758,42513,21161,21352,353575,325799,22087,5689
1,13200,市部,4192681,488,4090572,2013972,2076600,102109,49710,52399,2094026,2015693,57018,21315
4,13201,八王子市,561083,170,545720,272744,272976,15363,7598,7765,282195,269993,9295,2907
4,13202,立川市,185855,145,180449,89487,90962,5406,2511,2895,96734,92595,3124,1015
4,13203,武蔵野市,148041,-29,144356,69037,75319,3685,1878,1807,78739,75827,2167,745
4,13204,三鷹市,190194,59,185821,90452,95369,4373,2162,2211,96886,93340,2514,1032
4,13205,青梅市,129559,22,127046,63900,63146,2513,1178,1335,65173,63181,1316,676
4,13206,府中市,260196,-62,254214,127375,126839,5982,2727,3255,129875,125178,3390,1307
4,13207,昭島市,114433,21,111291,55374,55917,3142,1479,1663,56761,54467,1635,659
4,13208,調布市,238821,1,233722,113523,120199,5099,2572,2527,123513,119503,2806,1204
4,13209,町田市,430619,-66,421815,205978,215837,8804,4315,4489,206955,200468,4524,1963
4,13210,小金井市,124777,58,121574,59802,61772,3203,1607,1596,62956,60579,1819,558
4,13211,小平市,197026,55,191287,93638,97649,5739,2748,2991,96386,91817,3588,981
4,13212,日野市,187544,43,183798,91816,91982,3746,1887,1859,93273,90360,2136,777
4,13213,東村山市,151738,55,148069,72068,76001,3669,1745,1924,76162,73553,1789,820
4,13214,国分寺市,128741,56,125991,61770,64221,2750,1322,1428,64010,61927,1547,536
4,13215,国立市,75900,-92,74011,35915,38096,1889,914,975,39282,37883,1020,379
4,13218,福生市,56490,15,52414,26297,26117,4076,2027,2049,30967,27821,2630,516
4,13219,狛江市,82312,-83,80842,38965,41877,1470,763,707,43204,42052,798,354
4,13220,東大和市,85146,-5,83754,41241,42513,1392,587,805,40795,39736,660,399
4,13221,清瀬市,74601,22,73131,35232,37899,1470,670,800,36906,35816,691,399
4,13222,東久留米市,116667,32,114073,55422,58651,2594,1142,1452,56526,54733,1105,688
4,13223,武蔵村山市,70984,2,69020,34388,34632,1964,839,1125,32796,31336,1001,459
4,13224,多摩市,147931,27,144571,70727,73844,3360,1639,1721,75120,72461,1926,733
4,13225,稲城市,93808,3,92019,45998,46021,1789,932,857,42844,41589,820,435
4,13227,羽村市,54517,76,52711,26748,25963,1806,888,918,26679,25348,989,342
4,13228,あきる野市,79570,-9,78270,38902,39368,1300,707,593,37137,36085,717,335
4,13229,西東京市,206128,-28,200603,97173,103430,5525,2873,2652,102152,98045,3011,1096
1,13550,町村部,78861,-24,77329,39189,38140,1532,791,741,40819,39541,860,418
2,13300,郡部,54990,-8,53775,26964,26811,1215,638,577,26556,25580,671,305
4,13303,瑞穂町,32048,24,31072,15726,15346,976,539,437,15338,14563,547,228
4,13305,日の出町,16304,-20,16146,7968,8178,158,72,86,7562,7430,79,53
4,13307,檜原村,1996,-3,1985,988,997,11,4,7,1129,1121,4,4
4,13308,奥多摩町,4642,-9,4572,2282,2290,70,23,47,2527,2466,41,20
2,13350,島部,23871,-16,23554,12225,11329,317,153,164,14263,13961,189,113
3,13360,大島支庁,11563,-26,11420,5821,5599,143,104,39,6778,6644,113,21
4,13361,大島町,7012,-12,6900,3557,3343,112,91,21,4331,4228,88,15
4,13362,利島村,315,-2,308,167,141,7,4,3,189,182,5,2
4,13363,新島村,2458,-5,2442,1193,1249,16,2,14,1336,1320,13,3
4,13364,神津島村,1778,-7,1770,904,866,8,7,1,922,914,7,1
3,13380,三宅支庁,2561,-2,2531,1400,1131,30,9,21,1644,1615,15,14
4,13381,三宅村,2267,-3,2238,1243,995,29,9,20,1477,1449,15,13
4,13382,御蔵島村,294,1,293,157,136,1,0,1,167,166,0,1
3,13400,八丈支庁,7141,5,7029,3571,3458,112,19,93,4309,4202,39,68
4,13401,八丈町,6983,7,6871,3481,3390,112,19,93,4193,4086,39,68
4,13402,青ヶ島村,158,-2,158,90,68,0,0,0,116,116,0,0
3,13420,小笠原支庁,2606,7,2574,1433,1141,32,21,11,1532,1500,22,10
4,13421,小笠原村,2606,7,2574,1433,1141,32,21,11,1532,1500,22,10
,,,,,,,,,,,,,,
住民基本台帳による世帯と人口_令和5年11月,,,,,,,,,,,,,,
住民基本台帳による世帯と人口（日本人及び外国人）令和5年11月1日現在,,,,,,,,,,,,,,
注）町村部は、郡部と島部を含む地域である。,,,,,,,,,,,,,,
地域階層（0:総数　1:区部・市部・町村部　2:郡部・島部　3:支庁　4:区市町村）,,,,,,,,,,,,,,
凋,�/�ﾈ瑩ﾀﾒ	�o�/臚ph%-ﾃQtzLtRﾊSzRJﾚS:-�ｫﾝN雑Qx�4`# a櫟�ｸIAv鳴H:xDンﾁK��,*￡�!.蔀ﾋ+*)wﾀFJﾊD 彰ｒｺ�Iu]�	uuUE｢ｺ,ZT"著从ｪ�!蛹ｩ匯･�9++Kc=���畿埈､$NuD蓿瓩逹兆ｺｻG+_rﾓ擯o]ｩjg濔拵�ｿd菷#ｪLｭ鳰�lk(ﾎheF;ﾗｿｱﾃ�Di_H｢優I[�&ﾒ驩Q11	ｴ侘悸iﾙYﾘ陂彦ｼ|ﾃ椪ｪｖﾕﾐﾐ0��655ｦ�(%Um｣ｳf盍ﾍ"ｱﾏ･ｱﾙ護 ｻ�凋�
側ﾂ胚gg�7{ｼﾜT&ｦｧ3�?ffｺ�>額ﾙﾘﾑ3p}c}溿*瀁iaaa��澪]^ZY^,/ｭs}砦Uﾕe(ｬ｢王･ｩ･｣ｧｫ}�＝ﾅ萠93=^ﾏﾀﾎ1U�)筅Pﾐ門泌､肘z膣夛ﾇ殊韭�jﾔw極ｯｨk�,ｼjmem肛巫ﾊ荊､O,ﾏ]8~ﾙﾙ'088$�}ﾓﾓ盟y_淘2'!ｲv蒼[SQX訂4ｹ8ｧ8=$:･ｨ"ﾆｩｶ湲皜｢雄qS]^ﾖ�e�+Oｼ]n>�R��=�Yﾜ�>?50ﾄ�ｺ�f
椿ﾄﾄ蓼�ﾀｳｽｳｻ﨩ﾆ:(a鉎ﾖﾏﾋ_ﾂ5!2ｧCｺ 3:避�ﾄ踟-0ﾍ_�'琥飯ｷ]n~�ｳｽg｡晳	�?ﾍ/.ｮ �>ﾏﾍｽmb紺�ﾀrwｼ`a~7��Mｸｴｼ
産nﾀ(cｼｧ巍ﾅ�ﾈY Wｱ!XﾛXｨ渚ﾌ�盜ｮｯﾎ�ｱkgsk;zze{b�3ﾔ単ｽｹｹｳgtcieﾀｳﾁ~[	噎�ｫｩ	>ﾍ--u��q>�ﾏ沺帛23���ﾏg ﾏ�,{~Dｴｰ/ﾄxПﾈｳﾙ{C_ｿ
ﾗﾖ[ﾋ�,(領ﾎｹ┿ﾄ��'[Zﾟ･ｾ襁V､>�ﾈｮxS_ﾗﾒﾑﾓﾎ[踟U3ﾘ�+ｫ�S\V漏�#�=ｭ55LvGﾓ�:.藁Gｸ<Y抔7ｴ�ts	愉#]�ﾕﾕ%5q^斜>�ｴOﾙ戓ｵ7$\=p�J莢､�
QﾛfXky)Iｱ�9$**�!(ﾂｻｩｬｬHﾒ8esΙ烈vvｷ��ｳwpvｱwtzH}Kvｻdrｯｫ･Mﾒ&i(ﾊ瓠	宙u0(	ﾒ$ﾑﾈRBT\DRθ｢P8� ��蘚Ml�ﾄ･�{ｸ:ﾝｰｱｾ`nJ9apB�I#ﾋ_ﾝﾏﾋﾁ10ﾐCLJFAﾀ｣!ｯD `吋9=-9<-.ｲｧq4z囿捉JﾄH甓hI	qIｼ�2QUﾓ.��/吃ﾞ鋐ｿ^ｴ42ﾔUﾃ�:xX高\(MQYEM��^劬ｪcｨo`ｨ-%屡｡eｰﾒ鑵ﾒｲ*ｦｩ1	:�xﾔ史��$尨�=M｡�5?衄M[;xBw<�ｹｺ!uﾇﾍﾝｪｳ匿ｭ｣ｽ禿m{'7�;ﾄ�x
C褂d�<･xﾝｾ~ﾅﾊﾊﾊ賍｢
4ﾁ妤�ﾄ､,+)&	Sｧ､C>cv烹&SﾈF�S膣�'狩�慎凹眉袁6�b�晒ﾎﾌLML件r�ｸｼﾑ��ﾞ鴆ﾟ躁ｳｹｹｩｩ｡ｾｶｦｺ嘆ﾉxUQU�倢uUeEY)逢ｨ�Bｲﾜgiｩｩ	qﾑ荘4jﾘcｿ霻.ﾗlｮｻｺ�ｽ(eﾔｾｯ瀛nmkkk�莢ﾙ Vﾎ��@｢.��珮t3;�ﾍ�-mmLdZ�e!厦�栁cl|dｨｿｯｿｯ�ﾟﾇ絜ｫyFuwJﾍﾋﾏﾉH｢=轟Kﾉ,ｯ~]忍徽LMﾏﾊﾍ+ﾌO�ﾏﾍ/ﾊKKx≡ﾃbP[i判軌|J�ｿ怐>D1<�ﾔ�a6ｰ�!�ﾚﾟﾆ蠶�v.篦}�0癰ﾀpL&O[[cSCﾝ[ｨ�綻ﾟQMei ﾀ�ﾜﾙフH$
R･臨ﾁ�gEｺ｡+､H�P"MRF:A,�z"B  �R" =ﾒ�逵�ｳﾎ?{ﾏy9�憔{sﾟ}ﾟ�kjｪh宿�!9ﾝ%E�ｻｺ]uモo�n摠�&�?ｯk��歳ｮ��~ｰ'烱鳩ｬll�>2756061ｰｶｰｰ0�+h�鮗ｦ>ﾈﾏﾉﾊﾉﾍ+ﾌyPX^Xﾕ8ｲｱｿｿ益{�`��ﾋﾊ+=ｪi]�y7ﾘﾕﾟCoyﾞﾖX｡疇s�ﾄﾌj粤@錞ｮ>zｴ隆q､ｰ雍�H�侫碓或�O�!EEﾜ&ﾟ	&�%ﾇ%&R2�"/仍Qｳ的q~凌��ﾂﾈ��&ﾇx\o慫鄒ｮ*ｯ､ﾆSﾈtR@ZQIaQﾉﾇ青ﾜｬ飼3ｳﾒｨInｧ盤y�<｢YY,�ｴ､､,ﾘ≧ｨG�ﾊ�h8y,FBQﾕﾌ1-/3+涬^A~v6�'!&ﾂ游轌藥`�T�;/�?'a <X症｢･<ﾂPｮad･�FyoЕﾑ8ｼｼ,FF`$ｯu悁囹幹｢ｼ怩��)%<^4!｡粋QP&ﾉ@62ｷ=oemcrｸtﾉﾁﾆ���樺ｼ<ﾄ艨� ~ｪC柏��ｯｺ�>4Tｹｼ"ｨﾅ�&Pｿ淌o�紵IrTﾄ昜�n&逢煜ｵｭ=ﾛﾛXE%tｩﾗ��8qL�｢ｿ%e趺褂詛ｧS祿ﾂ�}n��ｽ精����ｭ藝C]%)ｴｦｶｶ�ｩ痕ｵ倢C1X壕ｸｴ悗嚀ｦ∋�ｽ擯�麹sinjRFlq紂ﾏ�穉:�8M3ｳH.�?ｿ L�I艘s萼�ｩｩ藷Sﾋ}y�!ｷﾈOﾝ羌ﾋk�[n�只w$<�5ﾈﾇﾋﾋﾞ臟 酋嵩装樗ﾁi�ﾒﾑﾒ>}F_O�剣暮YKK｣�8ﾚﾀH_GK]Eｶ�鶺楓RR7269Dﾒﾒﾓ71259k�RZｪ0�/��}鯆湃OcﾉQ!�ﾔ･楨Zos媽ｯ�&､ﾜKK招;o鈿@N｣R規
*ｳ｢�?Nﾒ�翰rJB�)砌ｻ蒿撃ﾊｨf{y��漾插ｦ憾ﾁ渹lyQzDttr2)21%ｻfXｰｹ:;ﾜ;<ｷｶ43599	｡ﾈ燎Zﾜﾚ埈��ugckw�[ｰｸ*I�ﾛﾜ�﨤�s軈�=ﾏ磋睾sh袞oGﾖ� ﾏ餐ﾒ
ｶｸｶｲｰ29ﾈfｱ�匁輊q1�ｮ�nR>n�"V<k岫sK��vX{�83ｫ媽�+k{刮8縱ｰ興ｱｷwｰｦ�)ﾏ|Xﾏ��ｼｶﾄ溪ﾏｭoq;ﾚ豫硼�狛ﾝ�5v]鰌7暠F{;�ﾊhomを_9<ﾍ沾
#�歇D┰��焉N�､ｳ�8kG澪�<ﾈ｢�d��ｬﾔK6?�Hﾋ	ｺST�$隊p冪+�9>ﾚﾗTQ靭7ｧu�Nｧｳ彧tﾆ ｻ･踵嵌vﾎﾇﾅﾏ��fKsK敘�馗ｾｮｫn澵､ｷ4olｭﾃ#�QUﾟﾍ靍ymkkｸｳｽ澪YZ�4ﾒRRｺ稙~ﾄu�+ｿ;{�ﾎh閖ｪ沁		級at撝z;�:ﾚﾋ�u�'ﾔ	Jﾊ1EE^AYQ[ﾋﾒﾛ逸縷ﾍﾅﾍﾓﾛ馞u/�ﾁﾗp8%%!-&笆ｯ�C崧Zｪjﾚ囹8資@�#躬TDL�&)DB\BDDXRDTL
n･･､薜ﾙGﾒﾞv�2^ｿxJ{H�#偂^tｴ5ｳｲｽxﾍ/彖 � �賃ﾈｫｪ(熾pJI5ｵ4uｬm-Oｪ綸D�	!(擢｣e�謬h券ｨ8ﾌ/.ηｫ�X:咜iﾏｪ�(7�ﾎｿ�?oeｨﾚ���)$dUUﾕﾔｵ�荊q惧�ﾁﾗﾕﾉ�ﾇ`ｰRh	ｴ､ｴｬ､VェclU廼4 b*+)ｩｨkh鳰A=hcememg�'w/OO��ｿﾁ?ﾀﾁ彙/W7wき�5WWO淆7ラdjeyYｭｴｴｸｸR蠹調�pｿ+�,掟Cｽ變a｣ﾄEQ(Q$B�乱妥c･% 甲湛e}[[K��ｦx ､�<ｭｧ･｢j俍ﾒﾅd!ｵ@ﾟﾀ�)x局ﾇ�8lvﾟﾀ蔟a.艘ﾆqｧｻｫ錦ﾞﾖﾚﾚ'ｾｶ�rｽ 靍ﾖ<}T^碍A｣UT 4rsｲ2ﾓS!CﾆFGャ.似ｯx､W=kh|ﾓﾔFo�0o劑=ﾈｰｬ^午ﾕﾙ7ﾈD条  桎d^伃aﾀ"�8�vw鳴�鱧��y襟莢�-ｵｩ7�I炊�)ﾑQ帯d2�K渇Jﾍｯｨ~\迫攝満壮/#%ｳｬ�1-櫟"E�DРie･､ﾐﾐ�陰ﾑ4v?g遂@���7ｼ��ｺ�祥EzGFG降�ﾝ8��ﾓ1咀O-Mo^6ﾔﾃnﾕT?ｭz�)/-��GNqｹ��ﾁﾏ?倨y3陛oﾊ嫉]ﾁ<zｼ｡ﾁﾑ��ﾕVEﾗ�｢灣描omit嶸梔ｹ｡｡�鴛ﾎmUEs毋
%9#;�眦ﾊ夂}薮ｶW煉ｳ_ｾ�ｹﾕY埜XZ\TYﾗ=�~zbｬ��ｶ･ｹｺｾｮmS7wbffvy褫ﾜ{vgKqnz5ﾒ魄ﾏ�ｦﾒ5濱�I�$&ﾒｽＡ霖�E]ｱ昀�C= �錐4C� n陲HﾑE�!@ ｢｢T飩ﾅ�ｹs洽w}g29s譛咸=郛ﾏ�1c�ﾂ)錝B刮ｷb羆_潤�ﾆ�薯�郵尋ﾝﾏﾉ�藍[V[歩跛�ﾉ饉�程
⑧_央ｫ�dｽEｬﾘﾘ侑+yﾙｷ�C3�;iiｷﾙIｿyh詑禪鐐44ｰxM<ェc狠4l�?ﾍｿﾀvﾑ&澑Z飯dq3rs2328)�4ﾘFnn?�|Aｧ｣COA"�	純M	�槍ﾗ@ｩ@QSﾓﾀ枻｡婦ｪ @;ﾊ**ｰk�;喚p ,�>�GOWW寤ﾗﾒ50ﾔ%j蠇gnwﾈﾎｭ､轡ｩ｢牌"ｴ,l)�(�而ﾏ?D17ﾔ7ﾘ｣G9痃�ｴｺ�:;v 柏汎ｦ﨩ｻﾙ叢lｴ訂�wｯｸｧｭﾝ@}｡鞁���朷ﾕﾔﾖﾅ�tw�&T4ﾝｦ2�JJ�)
篏x廼v�NﾟH肆fgeg､･e､&ﾄﾇG�1��@S/�?	Gk+�>c-^ﾟxｯｹﾙ癢肓Cdm｡焉%劍Zﾚ�8y�!�V"+ｽX 洞ﾗﾜﾋsq0ﾖ&ﾚ妬智ﾈｵ7魚羮Z@P｡@ 尹�[囀夢�iq�ｲeｺﾀｳaﾆｷ|�<[^Q�gya硼ﾒ埔�ｹ操ﾁ��+ﾅ��昕8`Eｱｶｶv�Xﾙﾘ�舶ｵM��竟ﾑﾁ｣ｻ0X｢￠ｮ�*防Kｱ51еXZﾙﾛ堆,(�,nﾉ�(wｷgN�=w9ｦkｪ∮ﾋ｡E瀕ｾWr�ﾉｫﾞ��n"褸'9ﾅ\.'?3&{puT*ｩ/-酥DDⅷ$ｲ2ﾋ�^恋ﾏﾋgF+攘ｵM.&q�軻ｧﾇ�v39漿�｢ｸVｶｲ!_尠J^ｯnｮ/ﾏNｿ�≠9>91ｹｰｶ�裃_ <ﾗ7ﾟﾘ弴)_彑Z�+ｲuS卓�屁� <ｵ+�>o�5ｶ?*t纓��l�充ﾛ�>m�檜�3sKKo令ｬ.ｼﾙxﾑﾛ'尸撥貳Gﾇﾇﾑ}�/ｧｷ6�+@x}6ｷｶ�ﾗﾅ�I竧ﾒｷｫ幵ｹ\ｾｵ�064顴ﾇK`ﾒﾉgﾏ?lﾘﾚﾜ�sk雛ﾋｫki�11ﾕﾌﾂﾊ煇ﾝﾍmｽﾒﾅ栽併ｱ�ﾖ{ｵM拯P�澈鑄}
ｽ[C]M}ﾛ璧蕚ﾜﾜ��ｼ��xﾀﾟPｯﾞ�&檮�Y�ﾟ�/ｯｾｮ=wﾒ�繒�ﾎ得ｮｻﾌ粋ﾘｼ�｡ｾ?*w$｣b(�ыA感65wNﾏNｼu55<ni�19=!<ｮｯm�:�ﾖﾗｾloﾉ梦5K贐 旻ﾁ#_]�魄L-yP[^_O���ｦｱk{~ｧj＂｡､Ё�6u<鈕蓊l��%%$ZECﾔ&其pX棧o�硼�Jq｡�%ﾟNｺﾋｸvﾌﾜD沃ﾓ7ﾐ5ﾒ!�4ﾍ�R ﾚA"ﾕTﾕP切ｪj0P($宇�T�､*R毅�ﾃ･Xﾁ菻�Z~ｿH$鞦5ｷﾔ�g$ﾓ�>ｮT
ﾚ4 L鰍:^ﾇhq7ﾉXOG�C2ｶｰｵｶ=ｰ淀Q燾/T関ｯE2"ﾃ�ﾓDk 測hｨｳDﾃ�V	ｿW･Fﾒ�ｽ9}巴	7)纊�ｳBｩ"針ｰh煖>&ﾆﾚ�$惞�!｡C�.$ｯNﾀhbjｻvｰﾐ撩ﾐWﾇ�ﾁ贏ﾑ346ﾙｻﾟＭiC9x皀ｧﾎ8掫>弼u�ﾛ偆ｹCｹ{ｹｸｸPu�｢ﾇ･呆x%eEｼ｢ﾂ｢｢ﾂｂｬｂ\ｶﾏ)KFJ菅�&J*｡*ﾟ密ｦ
�暁`漓ｪk�鋧v8鐐keEｶｳｱ&橡f�f濵�e逶ﾗ.,洄ECﾃ｣cc�#�d族ﾒｺO,矧ﾄR悦�ｿﾚA7渮�kimky�ｦｺｺ礼mM]債;訳�ﾚ)-/.ｾﾃﾍﾍﾉJ遉*ﾀ竟Aｽ�ﾙsｯz1�
ｪｪ��4>mmmｴwt�ﾀ(Aｯﾈ%�･RC6､ｰ8Kﾔふﾝ�ﾆｧ �ﾀ`Ga/>_qﾗ�H*鸙��￣ ｮｨｺI｣Eﾄ･ｧFGЁGﾒイ頡ﾐfTDX媼QW]ｦ俤ｭﾈ�8vJ2'欷ﾆﾋJ	�｢3BYﾙ�鮏gCﾂ��鵫BKj�%b�`.鎮�僘ﾂ,氈ｶDR�j輟ﾃ!ｿｻｻｳEｱﾎv鍖ﾕﾗﾕTﾟｻ{ｿｪｬ｢ｲｬｸ､､�X釆ｾAwq�髓xﾙ硤ﾞT_�雍ｲ�:-*ｵ�1_0 �$B僉043;=Xﾛ?=:21ｻ�>ﾛ紲ﾇﾃｶ66跼iﾛXｰｲｲﾜg�毋+5n�｣�瘢�棒章ｬ@ｹｵ�yｸ0票ﾊ纒V4�HDC=�ﾖﾆﾆ�ﾊ�｡l陥��"�/:KYｬﾛ�ｨDｶﾟ濯�｣'ｨfTTt,鄭	

tｻDｻﾉｼ剴丗ｸr佝de番ｶﾗ�ﾍﾓ5懾`jn\(屁7TTｵ>泱=Jg�1#｢"ｮQ3+較ｲﾘｩ恁御粕､�ｺ�▽合$ﾄ60�M"ｴ Vﾇ+pC$Ｗ�｢�>0ｴ� ,Jﾋﾌ�L'ｧ�尢痢橡IN�/ﾍ�ﾖT免��*ﾍHB!b(

ﾈ(UP@PQ鮨ﾄPt�披�@ｪHGE)
J顴HB鰍ﾒ�4C"0俉毳oﾜ9	�!釵怫s���ｷ~~~槲﨩ﾇｨ���樵ﾁΖ|糾ｲ"F兤�,�$簷ﾒ?ﾁ�ｾ@�凍Y筧4ｺ]擡ｪBR=ｬｩI｣PﾔTﾍ晧ﾏX涸`ｮ(-gﾂﾈﾈ�ﾌ,ﾏY�氛Fli{ﾆﾜ�孝μ�F!ﾞ�8怩ZFF夋�ﾀ妲Uｵs;禦Gﾇ㍉Dｻ]HH-ｮk���Fﾄ袮ﾔ546wｾcｿ疆eﾖ%ｻ�<�L}j8(+�3ﾈ#~PFFﾑ!顴vfVVvfzZZr籖x�h3ﾘ?ﾀﾟﾋ蚰gGｧﾟﾎﾛﾘ�3ｷﾐ?jｨMT｢ﾒｵ�O�<}ﾉﾚ槢i=(�Q憤･ｩ･ｩｫﾖ�ｱｾﾕ｣�$ﾀgNﾑﾈ$ｿ｣｣ｩ｡0ﾕﾋﾆﾐﾌﾒ�105?ｽｴ(ﾚXｨｹﾂﾌ�泗尸拆ﾜ� "�9optfyu]ｼｹｺｾ&ZY恥ﾀ#駱ｫz��-ｯ,ｯm/?0?JUW"濛kqxUM:�Gﾟﾐ莅搗>(ﾆﾔ\U^J�IQV･R(ﾊ�･0$俉ﾒ!yeus3Mｺ嚀ｮ	ﾈﾇﾘ@ﾛ":ｷ�ﾓ?ﾘﾉ暲E{ﾇDﾞlﾏ幇ﾗaｷﾘ已�+｣ﾜ=\<�>dｱ%Z]ｼ|ﾙcｰ~EYﾊｭ{豪Ss�-ﾏ+�._克ﾏ*ﾎ
I祗.ｭｬ佼��1ﾎ,*ﾗ/|弴ｶｾ鎤距�ﾍm銷�;{ﾟw7DK溽ｦｧｦf狠剱[Zﾟｬ�Tvｷ｡溥�ﾗ�ｾｬm|�ｺ�sH�荊ﾚﾍﾝ�ｿﾁ�I|ｱh�ｯ�ｯ�D:{?濵n-ﾌ.!tX鰻D�w晴>LOﾏｮ<穴��#*��?ｰﾖﾙﾜﾘXｯ泓ﾔｲﾙ\N/ｧW0ｺ�0Mｼｵｳﾔ�Uﾄ�8'ﾚ協Gw�ﾚﾙ�ｻｨｹ ｷｻ簍��ﾌ�ｿ匇ｷ`}c}kguqnA4�^ﾀ鰾tｽm仝;dｷvﾈｼｭ/�x�逞蘭総^争G｢拔dｽトﾀ蛋h衢ｪdｬoｶｶ$焉%#襤$�"ｬ隅qpｰｾ閊ｯbBYﾇﾈﾄｧ縁｣cﾓ繃ﾝ2�?�ｾ鱠:�屁[ﾚﾛﾞr?.ﾌO|犖ﾖ7@n囹邨TUｿ�s{ｸ]}mon|ooｮol�ﾅ{ｰ%筑XﾛﾜX�+ｭxUWQY杳�=&
ﾚｿﾜo?﨓w｢稘0(ｰｶ完>
ｲｿHﾉJ氾b$AT*刋ﾃ態tlｯＴ���C!!渓｡�錆NIKOｼ疼ﾆﾔﾂ姶ｦrX憤J
�$4+/ﾔ�拭c1(Y9hﾕ�礰ﾑ9ｨAr
飢隻+剰ﾙeﾔｲ｡y\察ﾀ羌{ｪ滉ﾟvｵ;k｢�"(ﾀ��NIE�U阻ｨE｣ﾒT(ﾚFF"紗H呂pu(<吋ｦ�5mu非de,Kﾀ�5�巉:G�&F�鄧^ｶ=｣G#`､eeﾁ^h�Bﾉc｡	Tｪ][[｣Lｦ_t1:ｬ�
ｧｮD!Q�$ 狭ｦc茫'tuｵ5ｵｴｵ45t� ﾏ�兌Yﾛ]v�ﾁ癧｣岌w`pP(3��珸聽鉈鳰q丁ｷγ起}R^ZR^X
]ｼSXT嵩巵biqﾞ磔硤VZX,JZ�俣燈��>�')穡畝PDｲ:Mﾇﾐﾈﾔﾜｬc|鷂}ﾃ�0司ｪ:ﾅｿ�q\A_�琲萠ﾌﾔﾔﾑ｡~Nｻｫ鈍ﾗﾏ��#ﾐ�匳狹]ﾟﾚX[[SSEｮｮｮｬxV++).-.ﾈﾋﾍﾍﾎHc%ﾝ坐%倔聶黜ﾑﾞﾖﾁ)0袈uﾓ尠70ﾚ$q0ﾀ蘒+fｸｽ 皺P0 nВ~?�3cwｴv"ﾀ疵��8ﾁ��,ｪ:ﾚｻｺ;ﾁ}=]奛1�ﾗﾂ胥ﾆﾆDﾞ�
`у�ﾟ�紀ﾎ,.ｫｬｮｮz^椦亦� -封棊偏潟学- n�｣Gﾙi,ﾈｸLogｷ�ﾐ�ｴﾁ5B� �X�c｡��松｡}x?<<<o�|F�vwﾃｺ ｵA”kkxU�ｳﾊｧOｪ�=~Vｬｴｴ､ｸ､ｼ｢ｪ,#夜礰{癇弐7O/ｿPｿ�Y7C}#帖ｶﾔw館|矜ﾐ症ﾘ4t~椈棡DZﾎ�ﾚ柱屓洋ﾎ�擽ｴv�
嫉殳/疱Br��<�踐ﾞ枻ﾄxg胚ﾌ��蠎ｬ絃�EEｵｰ��}}=暄嵯Mｵ偰f邑ｿ��ｷｳ>716ﾝ�ﾏﾊNｺ
+ﾖﾍﾊﾞﾅ錡ｳﾋ昨�ﾈﾈ傀hfHX0#ﾔ�3!2�+鋧ｳ+w湛�ﾍ||}�qy｣cﾂ浯ﾜ:�荅ｾﾚ�wδ#｣"篦ｽSﾊ�ｳﾒSﾓSY)ｬ�)ｬ､Xｺｲ*I〓､�棧謂F劬�'亭��!#l｡�4U�ｳｱCkﾆ�9鴿%�ﾇ�V麥f�ｿ@�ｧ㈲=]`2r%D=石Dｲ
N坥2X鴎 '��PRズ ,中Tﾕﾔk韋@�P%栃j�4*�,ｧ+�.8[)ﾉ｡｡&�QRｲ��6ﾖ�&ｧ~=ibamy昤ｱ｣ﾚ4ｪ:�+�Bﾀ)琅QRRd'�ﾍ=�{ｦ&j蕨nｾqIYｯ::ｺ:Z_蠧鈺蒄ｼ~Y�?ｦ�;ｨ�,�7ｷ@H｡$@	%ﾒ!還9wQl�.�｡��｢(*E@B､I��IH'A�K退Q閊s3ﾞﾎｾ听�2ﾉ范咸^ﾞm｣ﾑﾞqﾝ亡�!､Fﾌﾜﾃ�S�x ｪ*ｪｪﾚ=｣覲ｳ_Pﾝｿ�O試�x覧ｧ諸歉�,�8}��1[G柔Nz8[ｩ(ｫ"声&ｦﾆ�Gl恷;8;唸塚撞Rﾒ�2ﾚﾆ､��^Fｭ$/寂{1Z23=rwmｹ#紋U8&{?J6?ﾓSGm�k磊ｱｩﾕｭﾍ5甚KK近�" ﾗﾗA�ｭσ/W6?Oﾝｲﾖﾗﾆ｡u�`ﾂUﾕﾐｺX=CK��ﾏnG�;vｧQﾕ5B｣ｵu�<ZP5M｣ﾃ讎x4�1ｷ5ｴ5752ｱv:aGｰｵｷtｹ膝ﾍO�=*�ｳ�9ｯtdvｮ�戓]97鉋ｭ漾rR謫�PHﾃ�Wｽｩｦ5螯ﾖｦ隣ﾗ:ﾚｪh�^�aｲrﾟF<麓Y^3ｨ�-ｰ.	ｯ�ｽv7ｳｫKﾀ�蛻ｦ�(ｶﾗ貮��ｳ/�ｴｹｶ4?;ﾀ37ｿｰｴｾ�ｲ'�.彎籘ﾆ|wg�;w~蓆ｧﾍﾍﾉ鬲?襠�?ｿ�包|ﾙ�ﾖﾐ<
$ｴ��+ｮｽｽ埼ｩ0uｫ++�<� ｰ裘ﾂﾄZE\�､;台JL�ﾖ鄂ﾝm`囲揵敎ｶ&Oﾐ/瑣$cﾓｭ-b#ｵ臟ﾁ�4跪�熔{_ﾁ/Oﾖ�矛ｽ�}�gﾘ�拙ﾋ噴ｮ/ｭ伊ｿ�wcvrfn�ﾓﾓｫTｸ^ｽ奈ZWOcﾊ譁ﾖｷｶﾗ��榕ｿトXｼｽr燵ﾕｵｿﾄｳu 橲-��膾^�2K�v=�褪J�&誣�ｶ7>J%=o�ｫ�'ﾆ�祭-�;ﾚﾛ;�=tFow7�?ｽr維ﾞﾕﾍ剪	:k�餧ｼ~英�ﾋ鳶ｬl+荳鐱� O~ｰF`%67V妖ZkGsCMSz�O<eﾜ'ｹ撼�ｯｦ
Wﾗﾔﾑ7#ｸ^8�ｩ�	ァ瀾Jﾟﾈﾌo�ﾓA｣ﾐ㍽ｺﾝ源C示蝕� ｣AﾌﾜNJKﾏﾊHK�	=ﾒ\Q{ﾑx]ｴ<M Gｮ｡ｦｦ��÷�ｰ�ﾃ｡ﾊPｸLh�4｡05xPHuﾃ#ｶ選ｹ肯}B	ﾈD繊ﾈ�
竑=�)-QﾊJﾊ��ｸ