事業所規模,産業,和暦年,西暦年,年平均・月,一般労働者／現金給与総額(円),一般労働者／きまって支給する給与(円),一般労働者／所定内給与(円),一般労働者／所定外給与(円),一般労働者／特別に支払われた給与(円),パートタイム労働者／現金給与総額(円),パートタイム労働者／きまって支給する給与(円),パートタイム労働者／所定内給与(円),パートタイム労働者／所定外給与(円),パートタイム労働者／特別に支払われた給与(円)
５人以上,TL 調査産業計,平成17,2005,年平均,512455,403284,376119,27165,109171,108162,104962,100909,4053,3200
５人以上,TL 調査産業計,平成18,2006,年平均,516550,401429,373203,28226,115121,109075,106050,101567,4483,3025
５人以上,TL 調査産業計,平成19,2007,年平均,512110,397234,370097,27137,114876,106896,103866,99898,3968,3030
５人以上,TL 調査産業計,平成20,2008,年平均,517251,400655,373585,27070,116596,108279,104814,100542,4272,3465
５人以上,TL 調査産業計,平成21,2009,年平均,494621,395933,369780,26153,98688,106303,103760,99810,3950,2543
５人以上,TL 調査産業計,平成22,2010,年平均,497891,396502,370066,26436,101389,108786,106171,102119,4052,2615
５人以上,TL 調査産業計,平成23,2011,年平均,497890,395670,368952,26718,102220,107665,105180,101583,3597,2485
５人以上,TL 調査産業計,平成23,2011,1月,417183,393700,367628,26072,23483,102715,101964,98200,3764,751
５人以上,TL 調査産業計,平成23,2011,2月,408797,395773,368550,27223,13024,102832,102479,98780,3699,353
５人以上,TL 調査産業計,平成23,2011,3月,431868,397238,368515,28723,34630,102663,101425,97979,3446,1238
５人以上,TL 調査産業計,平成23,2011,4月,420824,399456,370750,28706,21368,105468,104616,101119,3497,852
５人以上,TL 調査産業計,平成23,2011,5月,428322,392480,366592,25888,35842,107249,106731,103295,3436,518
５人以上,TL 調査産業計,平成23,2011,6月,753419,395447,369547,25900,357972,112675,107410,103905,3505,5265
５人以上,TL 調査産業計,平成23,2011,7月,553119,395789,369372,26417,157330,112647,107178,103306,3872,5469
５人以上,TL 調査産業計,平成23,2011,8月,406729,391636,366581,25055,15093,107187,106591,103187,3404,596
５人以上,TL 調査産業計,平成23,2011,9月,406443,394800,369734,25066,11643,107612,106497,103136,3361,1115
５人以上,TL 調査産業計,平成23,2011,10月,410525,395288,369124,26164,15237,106226,105645,102043,3602,581
５人以上,TL 調査産業計,平成23,2011,11月,426507,396407,368870,27537,30100,105596,104962,101449,3513,634
５人以上,TL 調査産業計,平成23,2011,12月,910320,400077,372189,27888,510243,119263,106812,102759,4053,12451
５人以上,C 鉱業，採石業，砂利採取業,平成17,2005,年平均,627530,447134,440007,7127,180396,55619,49905,49905,0,5714
５人以上,C 鉱業，採石業，砂利採取業,平成18,2006,年平均,703499,453691,445099,8592,249808,40074,35852,35852,0,4222
５人以上,C 鉱業，採石業，砂利採取業,平成19,2007,年平均,678091,473173,440651,32522,204918,102823,99062,98989,73,3761
５人以上,C 鉱業，採石業，砂利採取業,平成20,2008,年平均,730537,482660,452894,29766,247877,92078,89633,88919,714,2445
５人以上,C 鉱業，採石業，砂利採取業,平成21,2009,年平均,734124,494185,473764,20421,239939,228941,228672,220351,8321,269
５人以上,C 鉱業，採石業，砂利採取業,平成22,2010,年平均,725904,492206,468319,23887,233698,297415,288323,280677,7646,9092
５人以上,C 鉱業，採石業，砂利採取業,平成23,2011,年平均,711980,484653,464182,20471,227327,313567,302425,302406,19,11142
５人以上,C 鉱業，採石業，砂利採取業,平成23,2011,1月,656017,494751,473625,21126,161266,387750,382125,382125,0,5625
５人以上,C 鉱業，採石業，砂利採取業,平成23,2011,2月,492903,488933,466552,22381,3970,396750,380625,380500,125,16125
５人以上,C 鉱業，採石業，砂利採取業,平成23,2011,3月,518850,489696,467743,21953,29154,440375,408625,408625,0,31750
５人以上,C 鉱業，採石業，砂利採取業,平成23,2011,4月,504850,499396,477922,21474,5454,267059,262706,262706,0,4353
５人以上,C 鉱業，採石業，砂利採取業,平成23,2011,5月,477224,470514,447379,23135,6710,244824,240471,240471,0,4353
５人以上,C 鉱業，採石業，砂利採取業,平成23,2011,6月,1392056,477622,459203,18419,914434,350500,318250,318250,0,32250
５人以上,C 鉱業，採石業，砂利採取業,平成23,2011,7月,861152,482504,461536,20968,378648,286500,282250,282250,0,4250
５人以上,C 鉱業，採石業，砂利採取業,平成23,2011,8月,493454,488601,469094,19507,4853,271250,265375,265250,125,5875
５人以上,C 鉱業，採石業，砂利採取業,平成23,2011,9月,514569,481626,464576,17050,32943,254526,228947,228947,0,25579
５人以上,C 鉱業，採石業，砂利採取業,平成23,2011,10月,489053,484271,466301,17970,4782,324727,320727,320727,0,4000
５人以上,C 鉱業，採石業，砂利採取業,平成23,2011,11月,483082,480726,459833,20893,2356,304952,301333,301333,0,3619
５人以上,C 鉱業，採石業，砂利採取業,平成23,2011,12月,1633453,478764,457722,21042,1154689,263000,261500,261500,0,1500
５人以上,D 建設業,平成17,2005,年平均,501907,414570,391568,23002,87337,169596,166258,159577,6681,3338
５人以上,D 建設業,平成18,2006,年平均,486406,408435,384473,23962,77971,155660,145837,138133,7704,9823
５人以上,D 建設業,平成19,2007,年平均,492761,406500,379263,27237,86261,161016,153523,147093,6430,7493
５人以上,D 建設業,平成20,2008,年平均,474962,395783,367989,27794,79179,161899,158239,152679,5560,3660
５人以上,D 建設業,平成21,2009,年平均,494644,409421,379687,29734,85223,164006,146877,142623,4254,17129
５人以上,D 建設業,平成22,2010,年平均,478728,398661,369978,28683,80067,157202,142911,137403,5508,14291
５人以上,D 建設業,平成23,2011,年平均,494343,406724,375838,30886,87619,143950,126981,124104,2877,16969
５人以上,D 建設業,平成23,2011,1月,421269,400694,372791,27903,20575,136586,128466,126792,1674,8120
５人以上,D 建設業,平成23,2011,2月,404548,402652,371527,31125,1896,141716,141716,126798,14918,0
５人以上,D 建設業,平成23,2011,3月,418708,411125,376448,34677,7583,138766,137197,135221,1976,1569
５人以上,D 建設業,平成23,2011,4月,440836,409141,377672,31469,31695,128781,128690,127128,1562,91
５人以上,D 建設業,平成23,2011,5月,440593,403180,375635,27545,37413,119993,119805,117523,2282,188
５人以上,D 建設業,平成23,2011,6月,671540,399992,373835,26157,271548,229147,143915,142060,1855,85232
５人以上,D 建設業,平成23,2011,7月,549925,404778,372317,32461,145147,130314,121752,120022,1730,8562
５人以上,D 建設業,平成23,2011,8月,445939,408579,377138,31441,37360,118439,118439,117307,1132,0
５人以上,D 建設業,平成23,2011,9月,416521,410991,378854,32137,5530,115268,115268,114113,1155,0
５人以上,D 建設業,平成23,2011,10月,416763,408991,375454,33537,7772,118460,116564,114805,1759,1896
５人以上,D 建設業,平成23,2011,11月,451903,411912,381315,30597,39991,131875,131677,129914,1763,198
５人以上,D 建設業,平成23,2011,12月,854035,409001,377260,31741,445034,221617,117802,115669,2133,103815
５人以上,E 製造業,平成17,2005,年平均,521010,404180,374723,29457,116830,145482,139134,132752,6382,6348
５人以上,E 製造業,平成18,2006,年平均,525711,401908,372165,29743,123803,146333,140383,133169,7214,5950
５人以上,E 製造業,平成19,2007,年平均,530079,406915,380295,26620,123164,122675,116447,111522,4925,6228
５人以上,E 製造業,平成20,2008,年平均,530880,408571,382901,25670,122309,123311,117571,113204,4367,5740
５人以上,E 製造業,平成21,2009,年平均,507173,402413,381478,20935,104760,134071,129563,121258,8305,4508
５人以上,E 製造業,平成22,2010,年平均,531119,413549,390712,22837,117570,140095,134640,124365,10275,5455
５人以上,E 製造業,平成23,2011,年平均,549030,420294,395527,24767,128736,134394,129263,120581,8682,5131
５人以上,E 製造業,平成23,2011,1月,430569,414267,392713,21554,16302,126040,123696,114751,8945,2344
５人以上,E 製造業,平成23,2011,2月,425350,419201,394810,24391,6149,136344,135271,126964,8307,1073
５人以上,E 製造業,平成23,2011,3月,470748,419806,395077,24729,50942,135726,128512,119833,8679,7214
５人以上,E 製造業,平成23,2011,4月,448269,422327,389667,32660,25942,132522,131564,122816,8748,958
５人以上,E 製造業,平成23,2011,5月,421356,415056,393050,22006,6300,123706,122902,114482,8420,804
５人以上,E 製造業,平成23,2011,6月,809186,416776,393267,23509,392410,144723,138351,127957,10394,6372
５人以上,E 製造業,平成23,2011,7月,725814,422932,398426,24506,302882,141992,130197,121596,8601,11795
５人以上,E 製造業,平成23,2011,8月,429991,417989,395117,22872,12002,126027,124398,116878,7520,1629
５人以上,E 製造業,平成23,2011,9月,432253,421348,398265,23083,10905,140283,128783,120478,8305,11500
５人以上,E 製造業,平成23,2011,10月,439150,424761,400140,24621,14389,130048,129209,119857,9352,839
５人以上,E 製造業,平成23,2011,11月,479561,422405,395170,27235,57156,126159,125098,117264,7834,1061
５人以上,E 製造業,平成23,2011,12月,1079169,426903,400794,26109,652266,148525,132682,123656,9026,15843
５人以上,F 電気・ガス・熱供給・水道業,平成17,2005,年平均,733185,535010,476046,58964,198175,167234,150119,147675,2444,17115
５人以上,F 電気・ガス・熱供給・水道業,平成18,2006,年平均,726366,534552,476886,57666,191814,162476,147317,143609,3708,15159
５人以上,F 電気・ガス・熱供給・水道業,平成19,2007,年平均,686312,501208,451603,49605,185104,234221,193573,184824,8749,40648
５人以上,F 電気・ガス・熱供給・水道業,平成20,2008,年平均,693631,501387,453380,48007,192244,251845,201970,193107,8863,49875
５人以上,F 電気・ガス・熱供給・水道業,平成21,2009,年平均,688213,517711,443550,74161,170502,229012,186157,185753,404,42855
５人以上,F 電気・ガス・熱供給・水道業,平成22,2010,年平均,673410,516307,440824,75483,157103,262873,214488,214049,439,48385
５人以上,F 電気・ガス・熱供給・水道業,平成23,2011,年平均,641723,526747,428576,98171,114976,262829,204071,202337,1734,58758
５人以上,F 電気・ガス・熱供給・水道業,平成23,2011,1月,513492,513492,433908,79584,0,203362,203362,203133,229,0
５人以上,F 電気・ガス・熱供給・水道業,平成23,2011,2月,512227,512227,431870,80357,0,210531,210033,209633,400,498
５人以上,F 電気・ガス・熱供給・水道業,平成23,2011,3月,611066,611035,438742,172293,31,201445,201445,199763,1682,0
５人以上,F 電気・ガス・熱供給・水道業,平成23,2011,4月,589306,577996,441562,136434,11310,234744,226069,224872,1197,8675
５人以上,F 電気・ガス・熱供給・水道業,平成23,2011,5月,572622,572471,446277,126194,151,216005,216005,215062,943,0
５人以上,F 電気・ガス・熱供給・水道業,平成23,2011,6月,1240922,554622,448120,106502,686300,568855,198659,197648,1011,370196
５人以上,F 電気・ガス・熱供給・水道業,平成23,2011,7月,505181,502483,419627,82856,2698,204071,203416,203113,303,655
５人以上,F 電気・ガス・熱供給・水道業,平成23,2011,8月,486660,486537,411382,75155,123,218276,218276,217746,530,0
５人以上,F 電気・ガス・熱供給・水道業,平成23,2011,9月,494435,493526,417556,75970,909,194748,194398,190949,3449,350
５人以上,F 電気・ガス・熱供給・水道業,平成23,2011,10月,511025,499915,418424,81491,11110,205011,199150,192756,6394,5861
５人以上,F 電気・ガス・熱供給・水道業,平成23,2011,11月,506843,498875,417283,81592,7968,193877,193877,192273,1604,0
５人以上,F 電気・ガス・熱供給・水道業,平成23,2011,12月,1158217,496244,417357,78887,661973,489567,197925,197225,700,291642
５人以上,G 情報通信業,平成17,2005,年平均,545284,428594,382605,45989,116690,138319,132639,122074,10565,5680
５人以上,G 情報通信業,平成18,2006,年平均,540882,424833,380099,44734,116049,136089,131091,119044,12047,4998
５人以上,G 情報通信業,平成19,2007,年平均,515712,396066,358804,37262,119646,125179,122429,112191,10238,2750
５人以上,G 情報通信業,平成20,2008,年平均,510276,402086,364654,37432,108190,133238,129929,117060,12869,3309
５人以上,G 情報通信業,平成21,2009,年平均,525468,409594,369611,39983,115874,133803,127901,121147,6754,5902
５人以上,G 情報通信業,平成22,2010,年平均,524464,413568,373336,40232,110896,138060,132967,126817,6150,5093
５人以上,G 情報通信業,平成23,2011,年平均,535924,420118,378348,41770,115806,131691,126258,121715,4543,5433
５人以上,G 情報通信業,平成23,2011,1月,492234,419034,377618,41416,73200,123775,118176,113420,4756,5599
５人以上,G 情報通信業,平成23,2011,2月,427984,422720,376550,46170,5264,120725,120190,114794,5396,535
５人以上,G 情報通信業,平成23,2011,3月,453398,426184,378188,47996,27214,128134,126944,119552,7392,1190
５人以上,G 情報通信業,平成23,2011,4月,458528,426508,382799,43709,32020,130593,129859,124722,5137,734
５人以上,G 情報通信業,平成23,2011,5月,452197,419081,379347,39734,33116,122931,121991,118076,3915,940
５人以上,G 情報通信業,平成23,2011,6月,826055,421053,380656,40397,405002,142543,132669,128804,3865,9874
５人以上,G 情報通信業,平成23,2011,7月,578579,420187,379853,40334,158392,142797,125937,122680,3257,16860
５人以上,G 情報通信業,平成23,2011,8月,428664,416551,378681,37870,12113,128154,126543,123327,3216,1611
５人以上,G 情報通信業,平成23,2011,9月,429335,413209,374095,39114,16126,133251,130880,126999,3881,2371
５人以上,G 情報通信業,平成23,2011,10月,431055,407888,370732,37156,23167,131474,130256,125973,4283,1218
５人以上,G 情報通信業,平成23,2011,11月,455886,424235,380113,44122,31651,127549,126993,123042,3951,556
５人以上,G 情報通信業,平成23,2011,12月,996237,424980,381513,43467,571257,151512,126672,121841,4831,24840
５人以上,"H 運輸業,郵便業",平成17,2005,年平均,462561,377158,323432,53726,85403,123264,111943,96711,15232,11321
５人以上,"H 運輸業,郵便業",平成18,2006,年平均,475687,386457,326722,59735,89230,111769,102369,85326,17043,9400
５人以上,"H 運輸業,郵便業",平成19,2007,年平均,482193,388089,331302,56787,94104,134539,131479,118078,13401,3060
５人以上,"H 運輸業,郵便業",平成20,2008,年平均,486061,384760,328957,55803,101301,130400,128221,113482,14739,2179
５人以上,"H 運輸業,郵便業",平成21,2009,年平均,479302,395605,350093,45512,83697,134210,131975,120579,11396,2235
５人以上,"H 運輸業,郵便業",平成22,2010,年平均,466789,387691,342355,45336,79098,140291,137695,126838,10857,2596
５人以上,"H 運輸業,郵便業",平成23,2011,年平均,454143,378132,332626,45506,76011,142153,139174,128154,11020,2979
５人以上,"H 運輸業,郵便業",平成23,2011,1月,393031,374586,330930,43656,18445,131556,129211,117975,11236,2345
５人以上,"H 運輸業,郵便業",平成23,2011,2月,379950,373604,329229,44375,6346,141311,141252,130377,10875,59
５人以上,"H 運輸業,郵便業",平成23,2011,3月,423366,377893,328847,49046,45473,141695,139721,128622,11099,1974
５人以上,"H 運輸業,郵便業",平成23,2011,4月,398396,384249,337308,46941,14147,139422,136867,126659,10208,2555
５人以上,"H 運輸業,郵便業",平成23,2011,5月,392796,370914,329599,41315,21882,133136,132382,122400,9982,754
５人以上,"H 運輸業,郵便業",平成23,2011,6月,634569,377261,331459,45802,257308,149128,143036,133559,9477,6092
５人以上,"H 運輸業,郵便業",平成23,2011,7月,487327,377264,332676,44588,110063,140850,138779,127923,10856,2071
５人以上,"H 運輸業,郵便業",平成23,2011,8月,409803,372676,331431,41245,37127,135745,134166,124616,9550,1579
５人以上,"H 運輸業,郵便業",平成23,2011,9月,380360,371076,328617,42459,9284,142084,141021,131480,9541,1063
５人以上,"H 運輸業,郵便業",平成23,2011,10月,392112,379968,331622,48346,12144,143988,141505,128920,12585,2483
５人以上,"H 運輸業,郵便業",平成23,2011,11月,421012,387000,340564,46436,34012,147502,145698,133493,12205,1804
５人以上,"H 運輸業,郵便業",平成23,2011,12月,738562,391197,339176,52021,347365,156628,145456,131327,14129,11172
５人以上,"I 卸売業,小売業",平成17,2005,年平均,517579,400328,384720,15608,117251,96418,94172,91422,2750,2246
５人以上,"I 卸売業,小売業",平成18,2006,年平均,520235,397360,379964,17396,122875,100674,98343,95863,2480,2331
５人以上,"I 卸売業,小売業",平成19,2007,年平均,507054,390647,373353,17294,116407,102407,99621,96588,3033,2786
５人以上,"I 卸売業,小売業",平成20,2008,年平均,530721,406237,388867,17370,124484,105056,101593,98182,3411,3463
５人以上,"I 卸売業,小売業",平成21,2009,年平均,481305,385980,368810,17170,95325,97606,95439,92879,2560,2167
５人以上,"I 卸売業,小売業",平成22,2010,年平均,484401,381505,364652,16853,102896,101302,99176,96556,2620,2126
５人以上,"I 卸売業,小売業",平成23,2011,年平均,474802,374926,359387,15539,99876,101362,99054,96803,2251,2308
５人以上,"I 卸売業,小売業",平成23,2011,1月,393391,377956,361414,16542,15435,96514,96022,93679,2343,492
５人以上,"I 卸売業,小売業",平成23,2011,2月,383856,374997,359268,15729,8859,94756,94441,92011,2430,315
５人以上,"I 卸売業,小売業",平成23,2011,3月,389976,372951,357783,15168,17025,92265,91692,89627,2065,573
５人以上,"I 卸売業,小売業",平成23,2011,4月,391224,376998,360487,16511,14226,96066,95643,93565,2078,423
５人以上,"I 卸売業,小売業",平成23,2011,5月,401465,374858,359761,15097,26607,102876,102400,100185,2215,476
５人以上,"I 卸売業,小売業",平成23,2011,6月,688014,374304,359775,14529,313710,101566,98246,95520,2726,3320
５人以上,"I 卸売業,小売業",平成23,2011,7月,596163,373789,358486,15303,222374,109788,102537,100213,2324,7251
５人以上,"I 卸売業,小売業",平成23,2011,8月,385520,369791,355666,14125,15729,103068,102391,100151,2240,677
５人以上,"I 卸売業,小売業",平成23,2011,9月,389702,376006,361550,14456,13696,103091,101863,99713,2150,1228
５人以上,"I 卸売業,小売業",平成23,2011,10月,391990,374245,358613,15632,17745,100407,100199,98186,2013,208
５人以上,"I 卸売業,小売業",平成23,2011,11月,389086,373379,356709,16670,15707,100568,99940,97904,2036,628
５人以上,"I 卸売業,小売業",平成23,2011,12月,897377,379711,363053,16658,517666,114452,102544,100184,2360,11908
５人以上,"J 金融業,保険業",平成17,2005,年平均,652115,488677,455492,33185,163438,183399,171849,165366,6483,11550
５人以上,"J 金融業,保険業",平成18,2006,年平均,666004,479511,445263,34248,186493,184839,174508,168649,5859,10331
５人以上,"J 金融業,保険業",平成19,2007,年平均,685339,498114,464972,33142,187225,146987,142429,135673,6756,4558
５人以上,"J 金融業,保険業",平成20,2008,年平均,691116,490088,457856,32232,201028,147911,139849,133980,5869,8062
５人以上,"J 金融業,保険業",平成21,2009,年平均,648066,496046,462010,34036,152020,156198,148846,143322,5524,7352
５人以上,"J 金融業,保険業",平成22,2010,年平均,673142,502973,471830,31143,170169,163157,156704,151471,5233,6453
５人以上,"J 金融業,保険業",平成23,2011,年平均,666924,500299,469953,30346,166625,159100,151483,146172,5311,7617
５人以上,"J 金融業,保険業",平成23,2011,1月,527690,499839,470411,29428,27851,143506,141878,137824,4054,1628
５人以上,"J 金融業,保険業",平成23,2011,2月,619526,498676,468821,29855,120850,149520,147733,142403,5330,1787
５人以上,"J 金融業,保険業",平成23,2011,3月,604075,498027,465711,32316,106048,156528,150442,144900,5542,6086
５人以上,"J 金融業,保険業",平成23,2011,4月,545349,515251,483078,32173,30098,157285,154323,148863,5460,2962
５人以上,"J 金融業,保険業",平成23,2011,5月,733173,489818,457682,32136,243355,156760,146977,141608,5369,9783
５人以上,"J 金融業,保険業",平成23,2011,6月,1151564,498316,468378,29938,653248,168899,155623,150246,5377,13276
５人以上,"J 金融業,保険業",平成23,2011,7月,578668,504068,472815,31253,74600,165854,155677,150796,4881,10177
５人以上,"J 金融業,保険業",平成23,2011,8月,502499,494045,464950,29095,8454,157562,155047,150318,4729,2515
５人以上,"J 金融業,保険業",平成23,2011,9月,530635,501974,474025,27949,28661,160987,155298,149427,5871,5689
５人以上,"J 金融業,保険業",平成23,2011,10月,517507,496177,465746,30431,21330,149611,146527,140139,6388,3084
５人以上,"J 金融業,保険業",平成23,2011,11月,555760,495557,465119,30438,60203,159506,152734,147979,4755,6772
５人以上,"J 金融業,保険業",平成23,2011,12月,1131908,511945,482807,29138,619963,183143,154892,148979,5913,28251
５人以上,"K 不動産業,物品賃貸業",平成17,2005,年平均,－,－,－,－,－,－,－,－,－,－
５人以上,"K 不動産業,物品賃貸業",平成18,2006,年平均,－,－,－,－,－,－,－,－,－,－
５人以上,"K 不動産業,物品賃貸業",平成19,2007,年平均,－,－,－,－,－,－,－,－,－,－
５人以上,"K 不動産業,物品賃貸業",平成20,2008,年平均,－,－,－,－,－,－,－,－,－,－
５人以上,"K 不動産業,物品賃貸業",平成21,2009,年平均,－,－,－,－,－,－,－,－,－,－
５人以上,"K 不動産業,物品賃貸業",平成22,2010,年平均,501310,395314,370022,25292,105996,118395,116624,112505,4119,1771
５人以上,"K 不動産業,物品賃貸業",平成23,2011,年平均,480444,379618,354069,25549,100826,104407,103100,100137,2963,1307
５人以上,"K 不動産業,物品賃貸業",平成23,2011,1月,394878,375009,349181,25828,19869,110156,105366,101458,3908,4790
５人以上,"K 不動産業,物品賃貸業",平成23,2011,2月,386915,377336,351200,26136,9579,103208,102989,99528,3461,219
５人以上,"K 不動産業,物品賃貸業",平成23,2011,3月,403166,379341,352009,27332,23825,105771,105193,101501,3692,578
５人以上,"K 不動産業,物品賃貸業",平成23,2011,4月,398130,380807,351529,29278,17323,106614,104428,101469,2959,2186
５人以上,"K 不動産業,物品賃貸業",平成23,2011,5月,404965,378092,350174,27918,26873,107320,107111,104215,2896,209
５人以上,"K 不動産業,物品賃貸業",平成23,2011,6月,743497,379831,351697,28134,363666,111367,108936,106070,2866,2431
５人以上,"K 不動産業,物品賃貸業",平成23,2011,7月,495616,379770,356201,23569,115846,104549,104157,101454,2703,392
５人以上,"K 不動産業,物品賃貸業",平成23,2011,8月,415120,380674,357597,23077,34446,104844,104789,101307,3482,55
５人以上,"K 不動産業,物品賃貸業",平成23,2011,9月,392740,379080,357383,21697,13660,103086,102342,99827,2515,744
５人以上,"K 不動産業,物品賃貸業",平成23,2011,10月,388694,380946,356087,24859,7748,100425,100374,97992,2382,51
５人以上,"K 不動産業,物品賃貸業",平成23,2011,11月,411940,382710,356776,25934,29230,96747,96642,94264,2378,105
５人以上,"K 不動産業,物品賃貸業",平成23,2011,12月,922315,381784,358836,22948,540531,100311,96311,93880,2431,4000
５人以上,"L 学術研究,専門・技術サービス業",平成17,2005,年平均,－,－,－,－,－,－,－,－,－,－
５人以上,"L 学術研究,専門・技術サービス業",平成18,2006,年平均,－,－,－,－,－,－,－,－,－,－
５人以上,"L 学術研究,専門・技術サービス業",平成19,2007,年平均,－,－,－,－,－,－,－,－,－,－
５人以上,"L 学術研究,専門・技術サービス業",平成20,2008,年平均,－,－,－,－,－,－,－,－,－,－
５人以上,"L 学術研究,専門・技術サービス業",平成21,2009,年平均,－,－,－,－,－,－,－,－,－,－
５人以上,"L 学術研究,専門・技術サービス業",平成22,2010,年平均,548050,450619,417881,32738,97431,140164,134325,130924,3401,5839
５人以上,"L 学術研究,専門・技術サービス業",平成23,2011,年平均,550074,455297,421728,33569,94777,190602,184487,181120,3367,6115
５人以上,"L 学術研究,専門・技術サービス業",平成23,2011,1月,452601,441853,413115,28738,10748,117465,114995,112005,2990,2470
５人以上,"L 学術研究,専門・技術サービス業",平成23,2011,2月,460012,454944,421743,33201,5068,183149,182161,177750,4411,988
５人以上,"L 学術研究,専門・技術サービス業",平成23,2011,3月,485959,454001,419255,34746,31958,197537,192319,188289,4030,5218
５人以上,"L 学術研究,専門・技術サービス業",平成23,2011,4月,498607,455559,423317,32242,43048,191786,189830,187122,2708,1956
５人以上,"L 学術研究,専門・技術サービス業",平成23,2011,5月,469255,453846,420287,33559,15409,195218,192763,190591,2172,2455
５人以上,"L 学術研究,専門・技術サービス業",平成23,2011,6月,865818,454016,421221,32795,411802,207778,194683,191022,3661,13095
５人以上,"L 学術研究,専門・技術サービス業",平成23,2011,7月,582791,457368,422322,35046,125423,202919,190877,186475,4402,12042
５人以上,"L 学術研究,専門・技術サービス業",平成23,2011,8月,465787,454845,420996,33849,10942,182611,181175,178373,2802,1436
５人以上,"L 学術研究,専門・技術サービス業",平成23,2011,9月,470198,456676,423925,32751,13522,193979,190663,187593,3070,3316
５人以上,"L 学術研究,専門・技術サービス業",平成23,2011,10月,474598,464336,429844,34492,10262,193365,191138,188589,2549,2227
５人以上,"L 学術研究,専門・技術サービス業",平成23,2011,11月,483965,457752,422356,35396,26213,199356,198390,195354,3036,966
５人以上,"L 学術研究,専門・技術サービス業",平成23,2011,12月,893712,458737,422592,36145,434975,226379,196553,192127,4426,29826
５人以上,"M 宿泊業,飲食サービス業",平成17,2005,年平均,－,－,－,－,－,－,－,－,－,－
５人以上,"M 宿泊業,飲食サービス業",平成18,2006,年平均,－,－,－,－,－,－,－,－,－,－
５人以上,"M 宿泊業,飲食サービス業",平成19,2007,年平均,－,－,－,－,－,－,－,－,－,－
５人以上,"M 宿泊業,飲食サービス業",平成20,2008,年平均,－,－,－,－,－,－,－,－,－,－
５人以上,"M 宿泊業,飲食サービス業",平成21,2009,年平均,－,－,－,－,－,－,－,－,－,－
５人以上,"M 宿泊業,飲食サービス業",平成22,2010,年平均,328706,298221,281712,16509,30485,88300,87745,83921,3824,555
５人以上,"M 宿泊業,飲食サービス業",平成23,2011,年平均,332421,299872,285652,14220,32549,82927,82561,80044,2517,366
５人以上,"M 宿泊業,飲食サービス業",平成23,2011,1月,326673,308212,289028,19184,18461,85446,85286,82477,2809,160
５人以上,"M 宿泊業,飲食サービス業",平成23,2011,2月,301862,300867,285986,14881,995,80107,80102,77378,2724,5
５人以上,"M 宿泊業,飲食サービス業",平成23,2011,3月,317001,311244,296460,14784,5757,77918,77887,75573,2314,31
５人以上,"M 宿泊業,飲食サービス業",平成23,2011,4月,308600,301364,286493,14871,7236,81654,81654,79227,2427,0
５人以上,"M 宿泊業,飲食サービス業",平成23,2011,5月,316860,297061,283844,13217,19799,85559,85441,83011,2430,118
５人以上,"M 宿泊業,飲食サービス業",平成23,2011,6月,374135,313252,298375,14877,60883,84482,83845,81588,2257,637
５人以上,"M 宿泊業,飲食サービス業",平成23,2011,7月,366314,288498,276530,11968,77816,84199,83107,80109,2998,1092
５人以上,"M 宿泊業,飲食サービス業",平成23,2011,8月,314560,290028,276411,13617,24532,85087,84808,82229,2579,279
５人以上,"M 宿泊業,飲食サービス業",平成23,2011,9月,303359,298383,285530,12853,4976,81506,81478,79160,2318,28
５人以上,"M 宿泊業,飲食サービス業",平成23,2011,10月,305693,297569,285037,12532,8124,81423,81417,79182,2235,6
５人以上,"M 宿泊業,飲食サービス業",平成23,2011,11月,316988,293441,279776,13665,23547,80668,80600,78248,2352,68
５人以上,"M 宿泊業,飲食サービス業",平成23,2011,12月,441371,300628,286210,14418,140743,87158,85197,82445,2752,1961
５人以上,"N 生活関連サービス業,娯楽業",平成17,2005,年平均,－,－,－,－,－,－,－,－,－,－
５人以上,"N 生活関連サービス業,娯楽業",平成18,2006,年平均,－,－,－,－,－,－,－,－,－,－
５人以上,"N 生活関連サービス業,娯楽業",平成19,2007,年平均,－,－,－,－,－,－,－,－,－,－
５人以上,"N 生活関連サービス業,娯楽業",平成20,2008,年平均,－,－,－,－,－,－,－,－,－,－
５人以上,"N 生活関連サービス業,娯楽業",平成21,2009,年平均,－,－,－,－,－,－,－,－,－,－
５人以上,"N 生活関連サービス業,娯楽業",平成22,2010,年平均,340350,298781,281477,17304,41569,100307,99538,96926,2612,769
５人以上,"N 生活関連サービス業,娯楽業",平成23,2011,年平均,346639,300625,284963,15662,46014,104948,104047,101264,2783,901
５人以上,"N 生活関連サービス業,娯楽業",平成23,2011,1月,310063,293026,277319,15707,17037,105070,104778,101976,2802,292
５人以上,"N 生活関連サービス業,娯楽業",平成23,2011,2月,301306,300143,282176,17967,1163,101729,101562,99446,2116,167
５人以上,"N 生活関連サービス業,娯楽業",平成23,2011,3月,346510,299918,282944,16974,46592,94203,94040,92109,1931,163
５人以上,"N 生活関連サービス業,娯楽業",平成23,2011,4月,308933,298620,283108,15512,10313,105441,105198,102700,2498,243
５人以上,"N 生活関連サービス業,娯楽業",平成23,2011,5月,305377,285979,273621,12358,19398,109486,109272,106488,2784,214
５人以上,"N 生活関連サービス業,娯楽業",平成23,2011,6月,372575,288476,276848,11628,84099,112715,109443,107446,1997,3272
５人以上,"N 生活関連サービス業,娯楽業",平成23,2011,7月,396729,303802,287301,16501,92927,110190,108965,104713,4252,1225
５人以上,"N 生活関連サービス業,娯楽業",平成23,2011,8月,314555,304311,286953,17358,10244,105132,104954,102548,2406,178
５人以上,"N 生活関連サービス業,娯楽業",平成23,2011,9月,316385,308042,291861,16181,8343,101312,101067,98172,2895,245
５人以上,"N 生活関連サービス業,娯楽業",平成23,2011,10月,332700,312805,296062,16743,19895,103635,103438,100075,3363,197
５人以上,"N 生活関連サービス業,娯楽業",平成23,2011,11月,329600,307340,290851,16489,22260,101937,101249,98616,2633,688
５人以上,"N 生活関連サービス業,娯楽業",平成23,2011,12月,524619,306642,291917,14725,217977,109452,105198,101482,3716,4254
５人以上,"O 教育,学習支援業",平成17,2005,年平均,592432,432946,423370,9576,159486,96438,92918,91378,1540,3520
５人以上,"O 教育,学習支援業",平成18,2006,年平均,595587,434332,424067,10265,161255,100175,97803,96362,1441,2372
５人以上,"O 教育,学習支援業",平成19,2007,年平均,583989,426126,408032,18094,157863,92064,87846,86624,1222,4218
５人以上,"O 教育,学習支援業",平成20,2008,年平均,607372,435981,416632,19349,171391,104342,95464,94113,1351,8878
５人以上,"O 教育,学習支援業",平成21,2009,年平均,609865,446448,436872,9576,163417,101169,95578,94673,905,5591
５人以上,"O 教育,学習支援業",平成22,2010,年平均,606395,449602,440458,9144,156793,114673,105984,104892,1092,8689
５人以上,"O 教育,学習支援業",平成23,2011,年平均,599247,446354,437720,8634,152893,110171,102258,101590,668,7913
５人以上,"O 教育,学習支援業",平成23,2011,1月,445288,442835,435351,7484,2453,98462,98034,97245,789,428
５人以上,"O 教育,学習支援業",平成23,2011,2月,466890,463147,453654,9493,3743,102681,101489,100587,902,1192
５人以上,"O 教育,学習支援業",平成23,2011,3月,522605,450818,440441,10377,71787,113249,106446,105970,476,6803
５人以上,"O 教育,学習支援業",平成23,2011,4月,476642,453948,443417,10531,22694,104360,100722,100068,654,3638
５人以上,"O 教育,学習支援業",平成23,2011,5月,463504,444177,433874,10303,19327,105040,104627,104028,599,413
５人以上,"O 教育,学習支援業",平成23,2011,6月,1016994,446710,438014,8696,570284,121215,107736,107181,555,13479
５人以上,"O 教育,学習支援業",平成23,2011,7月,627683,443611,435344,8267,184072,123513,102611,101965,646,20902
５人以上,"O 教育,学習支援業",平成23,2011,8月,448183,437913,430317,7596,10270,98426,97129,96464,665,1297
５人以上,"O 教育,学習支援業",平成23,2011,9月,435546,430714,424811,5903,4832,114517,113481,112869,612,1036
５人以上,"O 教育,学習支援業",平成23,2011,10月,480656,453419,445934,7485,27237,104202,100970,100338,632,3232
５人以上,"O 教育,学習支援業",平成23,2011,11月,458686,444802,436022,8780,13884,99712,99359,98642,717,353
５人以上,"O 教育,学習支援業",平成23,2011,12月,1358218,444737,436023,8714,913481,137584,96349,95638,711,41235
５人以上,"P 医療,福祉",平成17,2005,年平均,462957,362316,339547,22769,100641,112622,109215,106421,2794,3407
５人以上,"P 医療,福祉",平成18,2006,年平均,485645,372443,350536,21907,113202,107717,104089,101232,2857,3628
５人以上,"P 医療,福祉",平成19,2007,年平均,461601,363511,343673,19838,98090,113842,110325,107687,2638,3517
５人以上,"P 医療,福祉",平成20,2008,年平均,470967,371274,349344,21930,99693,122960,119840,116166,3674,3120
５人以上,"P 医療,福祉",平成21,2009,年平均,435109,353365,332304,21061,81744,140630,138447,133867,4580,2183
５人以上,"P 医療,福祉",平成22,2010,年平均,429586,349087,325751,23336,80499,142670,139434,133141,6293,3236
５人以上,"P 医療,福祉",平成23,2011,年平均,424513,342173,318784,23389,82340,138640,136151,130005,6146,2489
５人以上,"P 医療,福祉",平成23,2011,1月,353083,346693,319019,27674,6390,125969,125662,119321,6341,307
５人以上,"P 医療,福祉",平成23,2011,2月,345389,343951,321696,22255,1438,134323,133866,127631,6235,457
５人以上,"P 医療,福祉",平成23,2011,3月,386864,345906,321490,24416,40958,128172,127745,121839,5906,427
５人以上,"P 医療,福祉",平成23,2011,4月,356884,348843,325179,23664,8041,139257,137992,131933,6059,1265
５人以上,"P 医療,福祉",平成23,2011,5月,336288,334999,312092,22907,1289,138848,138794,132840,5954,54
５人以上,"P 医療,福祉",平成23,2011,6月,659737,344871,320246,24625,314866,145224,139063,133826,5237,6161
５人以上,"P 医療,福祉",平成23,2011,7月,441470,341749,318460,23289,99721,143186,138679,132146,6533,4507
５人以上,"P 医療,福祉",平成23,2011,8月,341887,339204,316077,23127,2683,136730,136461,130568,5893,269
５人以上,"P 医療,福祉",平成23,2011,9月,345413,342750,320219,22531,2663,139919,139127,133430,5697,792
５人以上,"P 医療,福祉",平成23,2011,10月,339365,337500,317013,20487,1865,139294,139255,132824,6431,39
５人以上,"P 医療,福祉",平成23,2011,11月,355971,337446,315915,21531,18525,141205,140548,133964,6584,657
５人以上,"P 医療,福祉",平成23,2011,12月,822203,342467,318292,24175,479736,151828,136771,129969,6802,15057
５人以上,Q 複合サービス事業,平成17,2005,年平均,510458,385873,356088,29785,124585,120061,114114,100884,13230,5947
５人以上,Q 複合サービス事業,平成18,2006,年平均,526154,394434,359856,34578,131720,121694,115429,99785,15644,6265
５人以上,Q 複合サービス事業,平成19,2007,年平均,528759,412678,381461,31217,116081,146901,140988,124177,16811,5913
５人以上,Q 複合サービス事業,平成20,2008,年平均,573261,432448,407021,25427,140813,130392,124404,114221,10183,5988
５人以上,Q 複合サービス事業,平成21,2009,年平均,596636,448548,420719,27829,148088,120140,113935,109573,4362,6205
５人以上,Q 複合サービス事業,平成22,2010,年平均,591102,435097,398972,36125,156005,119788,117320,115312,2008,2468
５人以上,Q 複合サービス事業,平成23,2011,年平均,547207,432670,402261,30409,114537,119082,112113,110528,1585,6969
５人以上,Q 複合サービス事業,平成23,2011,1月,436675,435979,405519,30460,696,102624,102624,100838,1786,0
５人以上,Q 複合サービス事業,平成23,2011,2月,428252,428025,399498,28527,227,105576,105576,104223,1353,0
５人以上,Q 複合サービス事業,平成23,2011,3月,446878,433991,404226,29765,12887,125302,125152,123331,1821,150
５人以上,Q 複合サービス事業,平成23,2011,4月,490316,435229,400534,34695,55087,108295,105716,104536,1180,2579
５人以上,Q 複合サービス事業,平成23,2011,5月,428103,426198,393518,32680,1905,110243,102810,102115,695,7433
５人以上,Q 複合サービス事業,平成23,2011,6月,1030655,430439,401479,28960,600216,162121,127162,126274,888,34959
５人以上,Q 複合サービス事業,平成23,2011,7月,462809,430894,403320,27574,31915,114984,114574,113613,961,410
５人以上,Q 複合サービス事業,平成23,2011,8月,435035,435029,406962,28067,6,127119,127119,125884,1235,0
５人以上,Q 複合サービス事業,平成23,2011,9月,431133,430503,406816,23687,630,105184,105184,104172,1012,0
５人以上,Q 複合サービス事業,平成23,2011,10月,493109,437312,404479,32833,55797,110361,109839,107352,2487,522
５人以上,Q 複合サービス事業,平成23,2011,11月,433101,432569,396547,36022,532,111283,111283,108907,2376,0
５人以上,Q 複合サービス事業,平成23,2011,12月,1059953,436277,404596,31681,623676,147083,107731,104685,3046,39352
５人以上,R サービス業（他に分類されないもの）,平成17,2005,年平均,－,－,－,－,－,－,－,－,－,－
５人以上,R サービス業（他に分類されないもの）,平成18,2006,年平均,－,－,－,－,－,－,－,－,－,－
５人以上,R サービス業（他に分類されないもの）,平成19,2007,年平均,－,－,－,－,－,－,－,－,－,－
５人以上,R サービス業（他に分類されないもの）,平成20,2008,年平均,－,－,－,－,－,－,－,－,－,－
５人以上,R サービス業（他に分類されないもの）,平成21,2009,年平均,－,－,－,－,－,－,－,－,－,－
５人以上,R サービス業（他に分類されないもの）,平成22,2010,年平均,399224,335580,310368,25212,63644,112052,109755,104926,4829,2297
５人以上,R サービス業（他に分類されないもの）,平成23,2011,年平均,394854,329646,304886,24760,65208,115010,113327,107485,5842,1683
５人以上,R サービス業（他に分類されないもの）,平成23,2011,1月,346090,324703,300181,24522,21387,113160,112594,106621,5973,566
５人以上,R サービス業（他に分類されないもの）,平成23,2011,2月,330127,325633,300311,25322,4494,108543,108220,102944,5276,323
５人以上,R サービス業（他に分類されないもの）,平成23,2011,3月,339930,326057,301129,24928,13873,112251,111732,106645,5087,519
５人以上,R サービス業（他に分類されないもの）,平成23,2011,4月,334683,324963,300510,24453,9720,114005,113321,107540,5781,684
５人以上,R サービス業（他に分類されないもの）,平成23,2011,5月,350685,327432,302786,24646,23253,112859,112383,106730,5653,476
５人以上,R サービス業（他に分類されないもの）,平成23,2011,6月,595219,330290,307066,23224,264929,122573,116886,110985,5901,5687
５人以上,R サービス業（他に分類されないもの）,平成23,2011,7月,389263,335327,310783,24544,53936,117257,115772,109285,6487,1485
５人以上,R サービス業（他に分類されないもの）,平成23,2011,8月,333179,326532,302926,23606,6647,117000,116684,111025,5659,316
５人以上,R サービス業（他に分類されないもの）,平成23,2011,9月,342963,334813,310604,24209,8150,112400,111861,106144,5717,539
５人以上,R サービス業（他に分類されないもの）,平成23,2011,10月,341512,333329,307703,25626,8183,114751,114206,108235,5971,545
５人以上,R サービス業（他に分類されないもの）,平成23,2011,11月,355852,332509,307783,24726,23343,113661,112340,106376,5964,1321
５人以上,R サービス業（他に分類されないもの）,平成23,2011,12月,674725,333987,306712,27275,340738,122806,114701,107922,6779,8105
,,,,,,,,,,,,,,
東京都の賃金、労働時間及び雇用の動き（毎月勤労統計調査）平成23年確報,,,,,,,,,,,,,,
第２－１表　産業、就業形態別労働者の１人平均月間現金給与額　（事業所規模５人以上）,,,,,,,,,,,,,,
