区分,BS-1／耐火造構成比(%),BS-2／準耐火造構成比(%),BS-3／防火造構成比(%),BS-4／木造構成比(%)
BP-1／官公庁施設,87.1,8.9,3.4,0.5
BP-2／教育文化施設,86,7,4.3,2.7
BP-3／厚生医療施設,87.8,7.9,3.9,0.4
BP-4／供給処理施設,87.6,10.3,1.8,0.2
BC-1／事務所建築物,79,14.9,5.3,0.8
BC-2／専用商業施設,72,22.7,4.7,0.7
BC-3／住商併用施設,48.4,13.8,34.1,3.7
BC-4／宿泊・遊興施設,75.9,14.3,7.3,2.5
BC-5／スポーツ・興行施設,81.8,14.5,3,0.7
BR-1／独立住宅,1.5,14.3,74.9,9.3
BR-2／集合住宅,77.5,11,11.1,0.4
BI-1／専用工場,54.6,38.1,5.3,2.1
BI-2／住居併用工場,19.7,26.6,41.9,11.8
BI-3／倉庫運輸関係施設,57.8,32.9,6.1,3.2
BA／農林漁業施設,2.9,26.8,19.4,51
